1.170000000000000000e+02 6.330000000000000000e+02
1.250000000000000000e+02 7.170000000000000000e+02
1.360000000000000000e+02 8.000000000000000000e+02
1.490000000000000000e+02 8.820000000000000000e+02
1.740000000000000000e+02 9.630000000000000000e+02
2.200000000000000000e+02 1.031000000000000000e+03
2.840000000000000000e+02 1.079000000000000000e+03
3.570000000000000000e+02 1.114000000000000000e+03
4.400000000000000000e+02 1.121000000000000000e+03
5.240000000000000000e+02 1.113000000000000000e+03
6.020000000000000000e+02 1.077000000000000000e+03
6.760000000000000000e+02 1.032000000000000000e+03
7.280000000000000000e+02 9.670000000000000000e+02
7.540000000000000000e+02 8.860000000000000000e+02
7.650000000000000000e+02 8.020000000000000000e+02
7.700000000000000000e+02 7.160000000000000000e+02
7.750000000000000000e+02 6.290000000000000000e+02
1.760000000000000000e+02 6.020000000000000000e+02
2.170000000000000000e+02 5.660000000000000000e+02
2.760000000000000000e+02 5.540000000000000000e+02
3.400000000000000000e+02 5.520000000000000000e+02
4.000000000000000000e+02 5.650000000000000000e+02
4.780000000000000000e+02 5.620000000000000000e+02
5.370000000000000000e+02 5.450000000000000000e+02
6.020000000000000000e+02 5.440000000000000000e+02
6.610000000000000000e+02 5.560000000000000000e+02
7.040000000000000000e+02 5.930000000000000000e+02
4.380000000000000000e+02 6.180000000000000000e+02
4.390000000000000000e+02 6.590000000000000000e+02
4.400000000000000000e+02 6.980000000000000000e+02
4.410000000000000000e+02 7.420000000000000000e+02
3.800000000000000000e+02 8.040000000000000000e+02
4.110000000000000000e+02 8.100000000000000000e+02
4.420000000000000000e+02 8.140000000000000000e+02
4.740000000000000000e+02 8.090000000000000000e+02
5.030000000000000000e+02 8.030000000000000000e+02
2.460000000000000000e+02 6.330000000000000000e+02
2.800000000000000000e+02 6.130000000000000000e+02
3.220000000000000000e+02 6.120000000000000000e+02
3.600000000000000000e+02 6.370000000000000000e+02
3.220000000000000000e+02 6.470000000000000000e+02
2.800000000000000000e+02 6.480000000000000000e+02
5.220000000000000000e+02 6.320000000000000000e+02
5.580000000000000000e+02 6.050000000000000000e+02
5.990000000000000000e+02 6.050000000000000000e+02
6.350000000000000000e+02 6.240000000000000000e+02
6.010000000000000000e+02 6.400000000000000000e+02
5.600000000000000000e+02 6.390000000000000000e+02
3.320000000000000000e+02 9.250000000000000000e+02
3.750000000000000000e+02 8.960000000000000000e+02
4.100000000000000000e+02 8.840000000000000000e+02
4.390000000000000000e+02 8.910000000000000000e+02
4.670000000000000000e+02 8.840000000000000000e+02
5.030000000000000000e+02 8.960000000000000000e+02
5.480000000000000000e+02 9.230000000000000000e+02
5.030000000000000000e+02 9.300000000000000000e+02
4.670000000000000000e+02 9.310000000000000000e+02
4.390000000000000000e+02 9.320000000000000000e+02
4.100000000000000000e+02 9.300000000000000000e+02
3.740000000000000000e+02 9.310000000000000000e+02
3.500000000000000000e+02 9.190000000000000000e+02
4.100000000000000000e+02 9.050000000000000000e+02
4.390000000000000000e+02 9.080000000000000000e+02
4.680000000000000000e+02 9.050000000000000000e+02
5.300000000000000000e+02 9.180000000000000000e+02
4.660000000000000000e+02 9.050000000000000000e+02
4.380000000000000000e+02 9.080000000000000000e+02
4.090000000000000000e+02 9.050000000000000000e+02
