1.480000000000000000e+02 6.270000000000000000e+02
1.540000000000000000e+02 7.090000000000000000e+02
1.670000000000000000e+02 7.870000000000000000e+02
1.860000000000000000e+02 8.660000000000000000e+02
2.110000000000000000e+02 9.430000000000000000e+02
2.500000000000000000e+02 1.016000000000000000e+03
3.030000000000000000e+02 1.074000000000000000e+03
3.700000000000000000e+02 1.115000000000000000e+03
4.450000000000000000e+02 1.127000000000000000e+03
5.200000000000000000e+02 1.116000000000000000e+03
5.890000000000000000e+02 1.077000000000000000e+03
6.460000000000000000e+02 1.018000000000000000e+03
6.840000000000000000e+02 9.450000000000000000e+02
7.040000000000000000e+02 8.670000000000000000e+02
7.200000000000000000e+02 7.880000000000000000e+02
7.300000000000000000e+02 7.090000000000000000e+02
7.320000000000000000e+02 6.270000000000000000e+02
1.920000000000000000e+02 6.000000000000000000e+02
2.240000000000000000e+02 5.510000000000000000e+02
2.830000000000000000e+02 5.310000000000000000e+02
3.450000000000000000e+02 5.330000000000000000e+02
4.040000000000000000e+02 5.490000000000000000e+02
4.750000000000000000e+02 5.450000000000000000e+02
5.330000000000000000e+02 5.280000000000000000e+02
5.950000000000000000e+02 5.280000000000000000e+02
6.530000000000000000e+02 5.510000000000000000e+02
6.860000000000000000e+02 6.020000000000000000e+02
4.400000000000000000e+02 6.010000000000000000e+02
4.390000000000000000e+02 6.580000000000000000e+02
4.370000000000000000e+02 7.160000000000000000e+02
4.360000000000000000e+02 7.760000000000000000e+02
3.830000000000000000e+02 8.140000000000000000e+02
4.080000000000000000e+02 8.260000000000000000e+02
4.380000000000000000e+02 8.340000000000000000e+02
4.670000000000000000e+02 8.250000000000000000e+02
4.940000000000000000e+02 8.140000000000000000e+02
2.510000000000000000e+02 6.290000000000000000e+02
2.830000000000000000e+02 6.050000000000000000e+02
3.230000000000000000e+02 6.040000000000000000e+02
3.630000000000000000e+02 6.310000000000000000e+02
3.240000000000000000e+02 6.420000000000000000e+02
2.830000000000000000e+02 6.430000000000000000e+02
5.170000000000000000e+02 6.270000000000000000e+02
5.540000000000000000e+02 6.030000000000000000e+02
5.940000000000000000e+02 6.050000000000000000e+02
6.260000000000000000e+02 6.280000000000000000e+02
5.960000000000000000e+02 6.410000000000000000e+02
5.550000000000000000e+02 6.390000000000000000e+02
3.450000000000000000e+02 9.290000000000000000e+02
3.790000000000000000e+02 9.070000000000000000e+02
4.120000000000000000e+02 8.970000000000000000e+02
4.400000000000000000e+02 9.040000000000000000e+02
4.710000000000000000e+02 8.960000000000000000e+02
5.030000000000000000e+02 9.050000000000000000e+02
5.420000000000000000e+02 9.270000000000000000e+02
5.050000000000000000e+02 9.480000000000000000e+02
4.730000000000000000e+02 9.530000000000000000e+02
4.420000000000000000e+02 9.560000000000000000e+02
4.120000000000000000e+02 9.550000000000000000e+02
3.800000000000000000e+02 9.510000000000000000e+02
3.600000000000000000e+02 9.260000000000000000e+02
4.120000000000000000e+02 9.180000000000000000e+02
4.410000000000000000e+02 9.220000000000000000e+02
4.720000000000000000e+02 9.170000000000000000e+02
5.270000000000000000e+02 9.250000000000000000e+02
4.720000000000000000e+02 9.180000000000000000e+02
4.410000000000000000e+02 9.230000000000000000e+02
4.120000000000000000e+02 9.190000000000000000e+02
