1.260000000000000000e+02 6.590000000000000000e+02
1.340000000000000000e+02 7.360000000000000000e+02
1.440000000000000000e+02 8.110000000000000000e+02
1.550000000000000000e+02 8.850000000000000000e+02
1.790000000000000000e+02 9.560000000000000000e+02
2.240000000000000000e+02 1.014000000000000000e+03
2.900000000000000000e+02 1.055000000000000000e+03
3.610000000000000000e+02 1.088000000000000000e+03
4.390000000000000000e+02 1.097000000000000000e+03
5.160000000000000000e+02 1.086000000000000000e+03
5.920000000000000000e+02 1.056000000000000000e+03
6.630000000000000000e+02 1.016000000000000000e+03
7.110000000000000000e+02 9.600000000000000000e+02
7.350000000000000000e+02 8.900000000000000000e+02
7.470000000000000000e+02 8.140000000000000000e+02
7.540000000000000000e+02 7.400000000000000000e+02
7.590000000000000000e+02 6.620000000000000000e+02
1.820000000000000000e+02 5.880000000000000000e+02
2.200000000000000000e+02 5.550000000000000000e+02
2.720000000000000000e+02 5.420000000000000000e+02
3.270000000000000000e+02 5.440000000000000000e+02
3.790000000000000000e+02 5.610000000000000000e+02
4.880000000000000000e+02 5.560000000000000000e+02
5.450000000000000000e+02 5.400000000000000000e+02
6.030000000000000000e+02 5.360000000000000000e+02
6.580000000000000000e+02 5.540000000000000000e+02
6.980000000000000000e+02 5.890000000000000000e+02
4.380000000000000000e+02 6.070000000000000000e+02
4.380000000000000000e+02 6.540000000000000000e+02
4.370000000000000000e+02 7.020000000000000000e+02
4.350000000000000000e+02 7.520000000000000000e+02
3.840000000000000000e+02 8.000000000000000000e+02
4.080000000000000000e+02 8.100000000000000000e+02
4.350000000000000000e+02 8.170000000000000000e+02
4.630000000000000000e+02 8.100000000000000000e+02
4.900000000000000000e+02 8.020000000000000000e+02
2.390000000000000000e+02 6.360000000000000000e+02
2.740000000000000000e+02 6.130000000000000000e+02
3.150000000000000000e+02 6.100000000000000000e+02
3.540000000000000000e+02 6.340000000000000000e+02
3.160000000000000000e+02 6.410000000000000000e+02
2.750000000000000000e+02 6.460000000000000000e+02
5.230000000000000000e+02 6.330000000000000000e+02
5.620000000000000000e+02 6.090000000000000000e+02
6.030000000000000000e+02 6.120000000000000000e+02
6.380000000000000000e+02 6.340000000000000000e+02
6.040000000000000000e+02 6.420000000000000000e+02
5.640000000000000000e+02 6.400000000000000000e+02
3.250000000000000000e+02 9.180000000000000000e+02
3.730000000000000000e+02 8.940000000000000000e+02
4.140000000000000000e+02 8.780000000000000000e+02
4.400000000000000000e+02 8.850000000000000000e+02
4.690000000000000000e+02 8.780000000000000000e+02
5.140000000000000000e+02 8.940000000000000000e+02
5.650000000000000000e+02 9.130000000000000000e+02
5.130000000000000000e+02 9.390000000000000000e+02
4.690000000000000000e+02 9.520000000000000000e+02
4.400000000000000000e+02 9.550000000000000000e+02
4.110000000000000000e+02 9.530000000000000000e+02
3.710000000000000000e+02 9.410000000000000000e+02
3.440000000000000000e+02 9.180000000000000000e+02
4.130000000000000000e+02 9.080000000000000000e+02
4.400000000000000000e+02 9.100000000000000000e+02
4.690000000000000000e+02 9.080000000000000000e+02
5.450000000000000000e+02 9.160000000000000000e+02
4.680000000000000000e+02 9.100000000000000000e+02
4.400000000000000000e+02 9.110000000000000000e+02
4.130000000000000000e+02 9.100000000000000000e+02
