1.380000000000000000e+02 6.630000000000000000e+02
1.460000000000000000e+02 7.410000000000000000e+02
1.540000000000000000e+02 8.160000000000000000e+02
1.700000000000000000e+02 8.920000000000000000e+02
1.930000000000000000e+02 9.660000000000000000e+02
2.380000000000000000e+02 1.032000000000000000e+03
2.960000000000000000e+02 1.088000000000000000e+03
3.640000000000000000e+02 1.131000000000000000e+03
4.430000000000000000e+02 1.140000000000000000e+03
5.230000000000000000e+02 1.127000000000000000e+03
5.880000000000000000e+02 1.085000000000000000e+03
6.430000000000000000e+02 1.028000000000000000e+03
6.830000000000000000e+02 9.630000000000000000e+02
7.070000000000000000e+02 8.910000000000000000e+02
7.220000000000000000e+02 8.150000000000000000e+02
7.310000000000000000e+02 7.380000000000000000e+02
7.370000000000000000e+02 6.590000000000000000e+02
1.960000000000000000e+02 5.920000000000000000e+02
2.290000000000000000e+02 5.480000000000000000e+02
2.850000000000000000e+02 5.260000000000000000e+02
3.460000000000000000e+02 5.240000000000000000e+02
4.010000000000000000e+02 5.400000000000000000e+02
4.770000000000000000e+02 5.410000000000000000e+02
5.320000000000000000e+02 5.230000000000000000e+02
5.930000000000000000e+02 5.210000000000000000e+02
6.490000000000000000e+02 5.450000000000000000e+02
6.810000000000000000e+02 5.940000000000000000e+02
4.410000000000000000e+02 5.990000000000000000e+02
4.410000000000000000e+02 6.440000000000000000e+02
4.420000000000000000e+02 6.890000000000000000e+02
4.420000000000000000e+02 7.380000000000000000e+02
3.860000000000000000e+02 7.980000000000000000e+02
4.140000000000000000e+02 8.010000000000000000e+02
4.420000000000000000e+02 8.040000000000000000e+02
4.710000000000000000e+02 8.000000000000000000e+02
4.990000000000000000e+02 7.960000000000000000e+02
2.550000000000000000e+02 6.280000000000000000e+02
2.860000000000000000e+02 6.050000000000000000e+02
3.250000000000000000e+02 6.030000000000000000e+02
3.640000000000000000e+02 6.260000000000000000e+02
3.260000000000000000e+02 6.360000000000000000e+02
2.860000000000000000e+02 6.380000000000000000e+02
5.160000000000000000e+02 6.250000000000000000e+02
5.550000000000000000e+02 6.000000000000000000e+02
5.930000000000000000e+02 6.020000000000000000e+02
6.230000000000000000e+02 6.250000000000000000e+02
5.930000000000000000e+02 6.350000000000000000e+02
5.540000000000000000e+02 6.330000000000000000e+02
3.200000000000000000e+02 9.130000000000000000e+02
3.690000000000000000e+02 8.860000000000000000e+02
4.140000000000000000e+02 8.690000000000000000e+02
4.430000000000000000e+02 8.750000000000000000e+02
4.720000000000000000e+02 8.680000000000000000e+02
5.140000000000000000e+02 8.850000000000000000e+02
5.610000000000000000e+02 9.150000000000000000e+02
5.130000000000000000e+02 9.340000000000000000e+02
4.730000000000000000e+02 9.370000000000000000e+02
4.440000000000000000e+02 9.370000000000000000e+02
4.130000000000000000e+02 9.360000000000000000e+02
3.690000000000000000e+02 9.300000000000000000e+02
3.370000000000000000e+02 9.100000000000000000e+02
4.140000000000000000e+02 8.980000000000000000e+02
4.440000000000000000e+02 9.000000000000000000e+02
4.720000000000000000e+02 8.980000000000000000e+02
5.430000000000000000e+02 9.110000000000000000e+02
4.720000000000000000e+02 9.060000000000000000e+02
4.440000000000000000e+02 9.070000000000000000e+02
4.140000000000000000e+02 9.050000000000000000e+02
