1.410000000000000000e+02 6.300000000000000000e+02
1.510000000000000000e+02 7.110000000000000000e+02
1.680000000000000000e+02 7.940000000000000000e+02
1.840000000000000000e+02 8.740000000000000000e+02
2.050000000000000000e+02 9.500000000000000000e+02
2.470000000000000000e+02 1.017000000000000000e+03
3.010000000000000000e+02 1.075000000000000000e+03
3.660000000000000000e+02 1.118000000000000000e+03
4.420000000000000000e+02 1.129000000000000000e+03
5.180000000000000000e+02 1.117000000000000000e+03
5.820000000000000000e+02 1.074000000000000000e+03
6.320000000000000000e+02 1.013000000000000000e+03
6.720000000000000000e+02 9.420000000000000000e+02
6.890000000000000000e+02 8.650000000000000000e+02
7.010000000000000000e+02 7.850000000000000000e+02
7.160000000000000000e+02 7.040000000000000000e+02
7.240000000000000000e+02 6.230000000000000000e+02
1.980000000000000000e+02 5.810000000000000000e+02
2.310000000000000000e+02 5.370000000000000000e+02
2.840000000000000000e+02 5.150000000000000000e+02
3.410000000000000000e+02 5.190000000000000000e+02
3.960000000000000000e+02 5.380000000000000000e+02
4.860000000000000000e+02 5.410000000000000000e+02
5.390000000000000000e+02 5.210000000000000000e+02
5.960000000000000000e+02 5.170000000000000000e+02
6.480000000000000000e+02 5.370000000000000000e+02
6.790000000000000000e+02 5.810000000000000000e+02
4.390000000000000000e+02 6.020000000000000000e+02
4.390000000000000000e+02 6.610000000000000000e+02
4.390000000000000000e+02 7.200000000000000000e+02
4.400000000000000000e+02 7.800000000000000000e+02
3.900000000000000000e+02 8.180000000000000000e+02
4.150000000000000000e+02 8.260000000000000000e+02
4.420000000000000000e+02 8.330000000000000000e+02
4.690000000000000000e+02 8.260000000000000000e+02
4.960000000000000000e+02 8.180000000000000000e+02
2.680000000000000000e+02 6.230000000000000000e+02
2.980000000000000000e+02 6.070000000000000000e+02
3.360000000000000000e+02 6.060000000000000000e+02
3.710000000000000000e+02 6.270000000000000000e+02
3.340000000000000000e+02 6.380000000000000000e+02
2.960000000000000000e+02 6.390000000000000000e+02
5.090000000000000000e+02 6.260000000000000000e+02
5.430000000000000000e+02 6.060000000000000000e+02
5.810000000000000000e+02 6.060000000000000000e+02
6.110000000000000000e+02 6.200000000000000000e+02
5.840000000000000000e+02 6.370000000000000000e+02
5.450000000000000000e+02 6.360000000000000000e+02
3.350000000000000000e+02 9.230000000000000000e+02
3.710000000000000000e+02 9.050000000000000000e+02
4.070000000000000000e+02 8.970000000000000000e+02
4.430000000000000000e+02 9.090000000000000000e+02
4.780000000000000000e+02 8.980000000000000000e+02
5.120000000000000000e+02 9.080000000000000000e+02
5.460000000000000000e+02 9.250000000000000000e+02
5.120000000000000000e+02 9.540000000000000000e+02
4.780000000000000000e+02 9.680000000000000000e+02
4.420000000000000000e+02 9.710000000000000000e+02
4.040000000000000000e+02 9.660000000000000000e+02
3.690000000000000000e+02 9.500000000000000000e+02
3.520000000000000000e+02 9.260000000000000000e+02
4.060000000000000000e+02 9.220000000000000000e+02
4.430000000000000000e+02 9.270000000000000000e+02
4.780000000000000000e+02 9.230000000000000000e+02
5.290000000000000000e+02 9.280000000000000000e+02
4.770000000000000000e+02 9.270000000000000000e+02
4.420000000000000000e+02 9.330000000000000000e+02
4.050000000000000000e+02 9.260000000000000000e+02
