1.490000000000000000e+02 6.420000000000000000e+02
1.580000000000000000e+02 7.230000000000000000e+02
1.700000000000000000e+02 8.050000000000000000e+02
1.830000000000000000e+02 8.860000000000000000e+02
2.010000000000000000e+02 9.640000000000000000e+02
2.430000000000000000e+02 1.028000000000000000e+03
3.000000000000000000e+02 1.080000000000000000e+03
3.640000000000000000e+02 1.119000000000000000e+03
4.410000000000000000e+02 1.128000000000000000e+03
5.210000000000000000e+02 1.118000000000000000e+03
5.910000000000000000e+02 1.082000000000000000e+03
6.520000000000000000e+02 1.033000000000000000e+03
6.970000000000000000e+02 9.670000000000000000e+02
7.170000000000000000e+02 8.870000000000000000e+02
7.290000000000000000e+02 8.030000000000000000e+02
7.390000000000000000e+02 7.170000000000000000e+02
7.470000000000000000e+02 6.310000000000000000e+02
1.840000000000000000e+02 5.860000000000000000e+02
2.180000000000000000e+02 5.460000000000000000e+02
2.740000000000000000e+02 5.390000000000000000e+02
3.300000000000000000e+02 5.480000000000000000e+02
3.860000000000000000e+02 5.660000000000000000e+02
4.830000000000000000e+02 5.670000000000000000e+02
5.410000000000000000e+02 5.460000000000000000e+02
6.020000000000000000e+02 5.370000000000000000e+02
6.610000000000000000e+02 5.460000000000000000e+02
7.000000000000000000e+02 5.870000000000000000e+02
4.370000000000000000e+02 6.130000000000000000e+02
4.370000000000000000e+02 6.690000000000000000e+02
4.360000000000000000e+02 7.260000000000000000e+02
4.350000000000000000e+02 7.840000000000000000e+02
3.820000000000000000e+02 8.250000000000000000e+02
4.100000000000000000e+02 8.310000000000000000e+02
4.380000000000000000e+02 8.370000000000000000e+02
4.670000000000000000e+02 8.310000000000000000e+02
4.950000000000000000e+02 8.250000000000000000e+02
2.480000000000000000e+02 6.250000000000000000e+02
2.790000000000000000e+02 5.980000000000000000e+02
3.220000000000000000e+02 5.990000000000000000e+02
3.590000000000000000e+02 6.330000000000000000e+02
3.200000000000000000e+02 6.420000000000000000e+02
2.760000000000000000e+02 6.410000000000000000e+02
5.190000000000000000e+02 6.300000000000000000e+02
5.550000000000000000e+02 5.970000000000000000e+02
5.990000000000000000e+02 5.950000000000000000e+02
6.320000000000000000e+02 6.220000000000000000e+02
6.020000000000000000e+02 6.380000000000000000e+02
5.590000000000000000e+02 6.380000000000000000e+02
3.280000000000000000e+02 9.150000000000000000e+02
3.640000000000000000e+02 9.000000000000000000e+02
4.040000000000000000e+02 8.930000000000000000e+02
4.370000000000000000e+02 9.000000000000000000e+02
4.670000000000000000e+02 8.930000000000000000e+02
5.110000000000000000e+02 9.010000000000000000e+02
5.560000000000000000e+02 9.160000000000000000e+02
5.110000000000000000e+02 9.390000000000000000e+02
4.680000000000000000e+02 9.480000000000000000e+02
4.360000000000000000e+02 9.510000000000000000e+02
4.010000000000000000e+02 9.480000000000000000e+02
3.620000000000000000e+02 9.380000000000000000e+02
3.410000000000000000e+02 9.160000000000000000e+02
4.030000000000000000e+02 9.140000000000000000e+02
4.360000000000000000e+02 9.180000000000000000e+02
4.680000000000000000e+02 9.150000000000000000e+02
5.410000000000000000e+02 9.170000000000000000e+02
4.670000000000000000e+02 9.160000000000000000e+02
4.350000000000000000e+02 9.190000000000000000e+02
4.020000000000000000e+02 9.160000000000000000e+02
