9.900000000000000000e+01 6.340000000000000000e+02
1.120000000000000000e+02 7.200000000000000000e+02
1.260000000000000000e+02 8.010000000000000000e+02
1.440000000000000000e+02 8.800000000000000000e+02
1.760000000000000000e+02 9.510000000000000000e+02
2.250000000000000000e+02 1.010000000000000000e+03
2.950000000000000000e+02 1.052000000000000000e+03
3.670000000000000000e+02 1.087000000000000000e+03
4.430000000000000000e+02 1.096000000000000000e+03
5.160000000000000000e+02 1.086000000000000000e+03
5.850000000000000000e+02 1.053000000000000000e+03
6.500000000000000000e+02 1.009000000000000000e+03
6.950000000000000000e+02 9.460000000000000000e+02
7.190000000000000000e+02 8.720000000000000000e+02
7.360000000000000000e+02 7.920000000000000000e+02
7.510000000000000000e+02 7.110000000000000000e+02
7.600000000000000000e+02 6.270000000000000000e+02
1.690000000000000000e+02 5.870000000000000000e+02
2.160000000000000000e+02 5.490000000000000000e+02
2.790000000000000000e+02 5.330000000000000000e+02
3.430000000000000000e+02 5.400000000000000000e+02
4.030000000000000000e+02 5.630000000000000000e+02
4.800000000000000000e+02 5.640000000000000000e+02
5.380000000000000000e+02 5.380000000000000000e+02
6.000000000000000000e+02 5.250000000000000000e+02
6.620000000000000000e+02 5.390000000000000000e+02
7.060000000000000000e+02 5.810000000000000000e+02
4.440000000000000000e+02 6.170000000000000000e+02
4.440000000000000000e+02 6.690000000000000000e+02
4.440000000000000000e+02 7.190000000000000000e+02
4.440000000000000000e+02 7.710000000000000000e+02
3.870000000000000000e+02 8.160000000000000000e+02
4.150000000000000000e+02 8.260000000000000000e+02
4.450000000000000000e+02 8.340000000000000000e+02
4.740000000000000000e+02 8.270000000000000000e+02
5.010000000000000000e+02 8.180000000000000000e+02
2.380000000000000000e+02 6.390000000000000000e+02
2.760000000000000000e+02 6.140000000000000000e+02
3.210000000000000000e+02 6.130000000000000000e+02
3.610000000000000000e+02 6.440000000000000000e+02
3.200000000000000000e+02 6.560000000000000000e+02
2.730000000000000000e+02 6.580000000000000000e+02
5.190000000000000000e+02 6.430000000000000000e+02
5.600000000000000000e+02 6.100000000000000000e+02
6.050000000000000000e+02 6.080000000000000000e+02
6.410000000000000000e+02 6.330000000000000000e+02
6.080000000000000000e+02 6.530000000000000000e+02
5.610000000000000000e+02 6.530000000000000000e+02
3.220000000000000000e+02 9.030000000000000000e+02
3.730000000000000000e+02 8.930000000000000000e+02
4.160000000000000000e+02 8.850000000000000000e+02
4.470000000000000000e+02 8.940000000000000000e+02
4.760000000000000000e+02 8.870000000000000000e+02
5.180000000000000000e+02 8.970000000000000000e+02
5.710000000000000000e+02 9.080000000000000000e+02
5.190000000000000000e+02 9.380000000000000000e+02
4.760000000000000000e+02 9.500000000000000000e+02
4.450000000000000000e+02 9.520000000000000000e+02
4.130000000000000000e+02 9.480000000000000000e+02
3.720000000000000000e+02 9.320000000000000000e+02
3.390000000000000000e+02 9.060000000000000000e+02
4.150000000000000000e+02 9.090000000000000000e+02
4.460000000000000000e+02 9.140000000000000000e+02
4.760000000000000000e+02 9.120000000000000000e+02
5.540000000000000000e+02 9.100000000000000000e+02
4.750000000000000000e+02 9.140000000000000000e+02
4.460000000000000000e+02 9.160000000000000000e+02
4.150000000000000000e+02 9.120000000000000000e+02
