1.230000000000000000e+02 6.720000000000000000e+02
1.300000000000000000e+02 7.470000000000000000e+02
1.440000000000000000e+02 8.220000000000000000e+02
1.630000000000000000e+02 8.960000000000000000e+02
1.900000000000000000e+02 9.660000000000000000e+02
2.340000000000000000e+02 1.027000000000000000e+03
2.970000000000000000e+02 1.073000000000000000e+03
3.680000000000000000e+02 1.106000000000000000e+03
4.460000000000000000e+02 1.116000000000000000e+03
5.230000000000000000e+02 1.102000000000000000e+03
5.910000000000000000e+02 1.066000000000000000e+03
6.510000000000000000e+02 1.017000000000000000e+03
6.920000000000000000e+02 9.550000000000000000e+02
7.140000000000000000e+02 8.840000000000000000e+02
7.280000000000000000e+02 8.110000000000000000e+02
7.400000000000000000e+02 7.380000000000000000e+02
7.450000000000000000e+02 6.630000000000000000e+02
1.910000000000000000e+02 5.890000000000000000e+02
2.290000000000000000e+02 5.500000000000000000e+02
2.830000000000000000e+02 5.340000000000000000e+02
3.410000000000000000e+02 5.390000000000000000e+02
3.960000000000000000e+02 5.580000000000000000e+02
4.900000000000000000e+02 5.570000000000000000e+02
5.430000000000000000e+02 5.360000000000000000e+02
6.010000000000000000e+02 5.300000000000000000e+02
6.540000000000000000e+02 5.470000000000000000e+02
6.890000000000000000e+02 5.870000000000000000e+02
4.420000000000000000e+02 6.080000000000000000e+02
4.410000000000000000e+02 6.620000000000000000e+02
4.400000000000000000e+02 7.130000000000000000e+02
4.390000000000000000e+02 7.680000000000000000e+02
3.810000000000000000e+02 8.090000000000000000e+02
4.090000000000000000e+02 8.220000000000000000e+02
4.390000000000000000e+02 8.310000000000000000e+02
4.700000000000000000e+02 8.220000000000000000e+02
4.990000000000000000e+02 8.100000000000000000e+02
2.530000000000000000e+02 6.260000000000000000e+02
2.880000000000000000e+02 5.980000000000000000e+02
3.310000000000000000e+02 5.970000000000000000e+02
3.690000000000000000e+02 6.290000000000000000e+02
3.300000000000000000e+02 6.360000000000000000e+02
2.860000000000000000e+02 6.380000000000000000e+02
5.130000000000000000e+02 6.270000000000000000e+02
5.500000000000000000e+02 5.940000000000000000e+02
5.930000000000000000e+02 5.940000000000000000e+02
6.270000000000000000e+02 6.220000000000000000e+02
5.950000000000000000e+02 6.350000000000000000e+02
5.520000000000000000e+02 6.340000000000000000e+02
3.310000000000000000e+02 9.210000000000000000e+02
3.700000000000000000e+02 8.930000000000000000e+02
4.120000000000000000e+02 8.800000000000000000e+02
4.390000000000000000e+02 8.880000000000000000e+02
4.670000000000000000e+02 8.810000000000000000e+02
5.100000000000000000e+02 8.970000000000000000e+02
5.510000000000000000e+02 9.230000000000000000e+02
5.090000000000000000e+02 9.450000000000000000e+02
4.680000000000000000e+02 9.560000000000000000e+02
4.390000000000000000e+02 9.580000000000000000e+02
4.100000000000000000e+02 9.540000000000000000e+02
3.710000000000000000e+02 9.400000000000000000e+02
3.470000000000000000e+02 9.190000000000000000e+02
4.120000000000000000e+02 9.140000000000000000e+02
4.390000000000000000e+02 9.170000000000000000e+02
4.670000000000000000e+02 9.160000000000000000e+02
5.350000000000000000e+02 9.220000000000000000e+02
4.670000000000000000e+02 9.210000000000000000e+02
4.390000000000000000e+02 9.220000000000000000e+02
4.120000000000000000e+02 9.190000000000000000e+02
