1.110000000000000000e+02 6.300000000000000000e+02
1.180000000000000000e+02 7.140000000000000000e+02
1.290000000000000000e+02 7.990000000000000000e+02
1.450000000000000000e+02 8.820000000000000000e+02
1.740000000000000000e+02 9.610000000000000000e+02
2.260000000000000000e+02 1.026000000000000000e+03
2.920000000000000000e+02 1.077000000000000000e+03
3.650000000000000000e+02 1.115000000000000000e+03
4.450000000000000000e+02 1.125000000000000000e+03
5.240000000000000000e+02 1.109000000000000000e+03
5.920000000000000000e+02 1.067000000000000000e+03
6.530000000000000000e+02 1.012000000000000000e+03
6.950000000000000000e+02 9.450000000000000000e+02
7.200000000000000000e+02 8.700000000000000000e+02
7.360000000000000000e+02 7.910000000000000000e+02
7.460000000000000000e+02 7.080000000000000000e+02
7.510000000000000000e+02 6.240000000000000000e+02
1.950000000000000000e+02 5.810000000000000000e+02
2.340000000000000000e+02 5.510000000000000000e+02
2.880000000000000000e+02 5.420000000000000000e+02
3.420000000000000000e+02 5.510000000000000000e+02
3.960000000000000000e+02 5.670000000000000000e+02
4.980000000000000000e+02 5.690000000000000000e+02
5.490000000000000000e+02 5.500000000000000000e+02
6.040000000000000000e+02 5.370000000000000000e+02
6.590000000000000000e+02 5.500000000000000000e+02
6.930000000000000000e+02 5.880000000000000000e+02
4.440000000000000000e+02 6.130000000000000000e+02
4.450000000000000000e+02 6.600000000000000000e+02
4.460000000000000000e+02 7.060000000000000000e+02
4.480000000000000000e+02 7.560000000000000000e+02
3.850000000000000000e+02 8.010000000000000000e+02
4.140000000000000000e+02 8.080000000000000000e+02
4.440000000000000000e+02 8.160000000000000000e+02
4.750000000000000000e+02 8.090000000000000000e+02
5.040000000000000000e+02 7.990000000000000000e+02
2.570000000000000000e+02 6.300000000000000000e+02
2.900000000000000000e+02 6.100000000000000000e+02
3.300000000000000000e+02 6.080000000000000000e+02
3.640000000000000000e+02 6.350000000000000000e+02
3.280000000000000000e+02 6.440000000000000000e+02
2.870000000000000000e+02 6.440000000000000000e+02
5.160000000000000000e+02 6.320000000000000000e+02
5.490000000000000000e+02 6.050000000000000000e+02
5.900000000000000000e+02 6.050000000000000000e+02
6.250000000000000000e+02 6.250000000000000000e+02
5.920000000000000000e+02 6.410000000000000000e+02
5.510000000000000000e+02 6.400000000000000000e+02
3.350000000000000000e+02 9.190000000000000000e+02
3.750000000000000000e+02 8.990000000000000000e+02
4.140000000000000000e+02 8.850000000000000000e+02
4.440000000000000000e+02 8.930000000000000000e+02
4.720000000000000000e+02 8.830000000000000000e+02
5.070000000000000000e+02 8.960000000000000000e+02
5.460000000000000000e+02 9.170000000000000000e+02
5.070000000000000000e+02 9.450000000000000000e+02
4.730000000000000000e+02 9.590000000000000000e+02
4.430000000000000000e+02 9.620000000000000000e+02
4.120000000000000000e+02 9.580000000000000000e+02
3.740000000000000000e+02 9.430000000000000000e+02
3.500000000000000000e+02 9.210000000000000000e+02
4.130000000000000000e+02 9.170000000000000000e+02
4.430000000000000000e+02 9.190000000000000000e+02
4.730000000000000000e+02 9.160000000000000000e+02
5.300000000000000000e+02 9.190000000000000000e+02
4.720000000000000000e+02 9.210000000000000000e+02
4.430000000000000000e+02 9.250000000000000000e+02
4.130000000000000000e+02 9.210000000000000000e+02
