1.500000000000000000e+02 6.480000000000000000e+02
1.570000000000000000e+02 7.280000000000000000e+02
1.680000000000000000e+02 8.050000000000000000e+02
1.840000000000000000e+02 8.820000000000000000e+02
2.090000000000000000e+02 9.530000000000000000e+02
2.540000000000000000e+02 1.015000000000000000e+03
3.080000000000000000e+02 1.068000000000000000e+03
3.710000000000000000e+02 1.110000000000000000e+03
4.430000000000000000e+02 1.121000000000000000e+03
5.160000000000000000e+02 1.107000000000000000e+03
5.820000000000000000e+02 1.064000000000000000e+03
6.370000000000000000e+02 1.012000000000000000e+03
6.850000000000000000e+02 9.490000000000000000e+02
7.090000000000000000e+02 8.780000000000000000e+02
7.220000000000000000e+02 8.010000000000000000e+02
7.340000000000000000e+02 7.200000000000000000e+02
7.410000000000000000e+02 6.360000000000000000e+02
2.060000000000000000e+02 6.010000000000000000e+02
2.340000000000000000e+02 5.560000000000000000e+02
2.870000000000000000e+02 5.340000000000000000e+02
3.440000000000000000e+02 5.350000000000000000e+02
3.990000000000000000e+02 5.530000000000000000e+02
4.760000000000000000e+02 5.430000000000000000e+02
5.330000000000000000e+02 5.240000000000000000e+02
5.930000000000000000e+02 5.210000000000000000e+02
6.490000000000000000e+02 5.450000000000000000e+02
6.780000000000000000e+02 5.960000000000000000e+02
4.390000000000000000e+02 6.030000000000000000e+02
4.380000000000000000e+02 6.610000000000000000e+02
4.360000000000000000e+02 7.190000000000000000e+02
4.350000000000000000e+02 7.770000000000000000e+02
3.810000000000000000e+02 8.160000000000000000e+02
4.080000000000000000e+02 8.270000000000000000e+02
4.370000000000000000e+02 8.370000000000000000e+02
4.680000000000000000e+02 8.260000000000000000e+02
4.960000000000000000e+02 8.130000000000000000e+02
2.670000000000000000e+02 6.270000000000000000e+02
2.980000000000000000e+02 6.030000000000000000e+02
3.390000000000000000e+02 6.010000000000000000e+02
3.720000000000000000e+02 6.280000000000000000e+02
3.360000000000000000e+02 6.370000000000000000e+02
2.970000000000000000e+02 6.390000000000000000e+02
5.100000000000000000e+02 6.250000000000000000e+02
5.450000000000000000e+02 5.960000000000000000e+02
5.850000000000000000e+02 5.970000000000000000e+02
6.160000000000000000e+02 6.220000000000000000e+02
5.860000000000000000e+02 6.330000000000000000e+02
5.470000000000000000e+02 6.320000000000000000e+02
3.250000000000000000e+02 9.300000000000000000e+02
3.630000000000000000e+02 9.100000000000000000e+02
4.030000000000000000e+02 8.970000000000000000e+02
4.370000000000000000e+02 9.060000000000000000e+02
4.710000000000000000e+02 8.960000000000000000e+02
5.100000000000000000e+02 9.060000000000000000e+02
5.530000000000000000e+02 9.230000000000000000e+02
5.130000000000000000e+02 9.560000000000000000e+02
4.750000000000000000e+02 9.680000000000000000e+02
4.400000000000000000e+02 9.710000000000000000e+02
4.030000000000000000e+02 9.680000000000000000e+02
3.630000000000000000e+02 9.550000000000000000e+02
3.420000000000000000e+02 9.300000000000000000e+02
4.030000000000000000e+02 9.240000000000000000e+02
4.370000000000000000e+02 9.270000000000000000e+02
4.720000000000000000e+02 9.220000000000000000e+02
5.350000000000000000e+02 9.250000000000000000e+02
4.730000000000000000e+02 9.260000000000000000e+02
4.380000000000000000e+02 9.290000000000000000e+02
4.030000000000000000e+02 9.260000000000000000e+02
