1.320000000000000000e+02 6.390000000000000000e+02
1.410000000000000000e+02 7.210000000000000000e+02
1.560000000000000000e+02 8.020000000000000000e+02
1.720000000000000000e+02 8.810000000000000000e+02
1.950000000000000000e+02 9.560000000000000000e+02
2.370000000000000000e+02 1.019000000000000000e+03
2.960000000000000000e+02 1.068000000000000000e+03
3.650000000000000000e+02 1.103000000000000000e+03
4.420000000000000000e+02 1.113000000000000000e+03
5.200000000000000000e+02 1.101000000000000000e+03
5.950000000000000000e+02 1.070000000000000000e+03
6.590000000000000000e+02 1.021000000000000000e+03
7.030000000000000000e+02 9.590000000000000000e+02
7.240000000000000000e+02 8.840000000000000000e+02
7.370000000000000000e+02 8.070000000000000000e+02
7.480000000000000000e+02 7.260000000000000000e+02
7.550000000000000000e+02 6.440000000000000000e+02
1.950000000000000000e+02 5.710000000000000000e+02
2.300000000000000000e+02 5.370000000000000000e+02
2.830000000000000000e+02 5.290000000000000000e+02
3.350000000000000000e+02 5.440000000000000000e+02
3.830000000000000000e+02 5.700000000000000000e+02
4.970000000000000000e+02 5.740000000000000000e+02
5.450000000000000000e+02 5.480000000000000000e+02
5.980000000000000000e+02 5.310000000000000000e+02
6.530000000000000000e+02 5.420000000000000000e+02
6.900000000000000000e+02 5.790000000000000000e+02
4.370000000000000000e+02 6.150000000000000000e+02
4.360000000000000000e+02 6.660000000000000000e+02
4.350000000000000000e+02 7.170000000000000000e+02
4.340000000000000000e+02 7.700000000000000000e+02
3.810000000000000000e+02 8.170000000000000000e+02
4.070000000000000000e+02 8.240000000000000000e+02
4.350000000000000000e+02 8.290000000000000000e+02
4.640000000000000000e+02 8.230000000000000000e+02
4.930000000000000000e+02 8.150000000000000000e+02
2.450000000000000000e+02 6.250000000000000000e+02
2.780000000000000000e+02 6.010000000000000000e+02
3.200000000000000000e+02 6.030000000000000000e+02
3.580000000000000000e+02 6.350000000000000000e+02
3.180000000000000000e+02 6.400000000000000000e+02
2.750000000000000000e+02 6.400000000000000000e+02
5.200000000000000000e+02 6.340000000000000000e+02
5.580000000000000000e+02 6.030000000000000000e+02
6.000000000000000000e+02 6.020000000000000000e+02
6.340000000000000000e+02 6.260000000000000000e+02
6.020000000000000000e+02 6.390000000000000000e+02
5.600000000000000000e+02 6.380000000000000000e+02
3.310000000000000000e+02 9.250000000000000000e+02
3.730000000000000000e+02 9.020000000000000000e+02
4.090000000000000000e+02 8.880000000000000000e+02
4.370000000000000000e+02 8.970000000000000000e+02
4.650000000000000000e+02 8.870000000000000000e+02
5.060000000000000000e+02 8.990000000000000000e+02
5.520000000000000000e+02 9.200000000000000000e+02
5.090000000000000000e+02 9.430000000000000000e+02
4.700000000000000000e+02 9.540000000000000000e+02
4.400000000000000000e+02 9.570000000000000000e+02
4.100000000000000000e+02 9.540000000000000000e+02
3.750000000000000000e+02 9.430000000000000000e+02
3.480000000000000000e+02 9.240000000000000000e+02
4.080000000000000000e+02 9.140000000000000000e+02
4.370000000000000000e+02 9.170000000000000000e+02
4.650000000000000000e+02 9.130000000000000000e+02
5.350000000000000000e+02 9.200000000000000000e+02
4.680000000000000000e+02 9.180000000000000000e+02
4.400000000000000000e+02 9.200000000000000000e+02
4.110000000000000000e+02 9.170000000000000000e+02
