1.240000000000000000e+02 6.310000000000000000e+02
1.310000000000000000e+02 7.100000000000000000e+02
1.460000000000000000e+02 7.860000000000000000e+02
1.610000000000000000e+02 8.620000000000000000e+02
1.850000000000000000e+02 9.340000000000000000e+02
2.320000000000000000e+02 9.970000000000000000e+02
2.950000000000000000e+02 1.047000000000000000e+03
3.660000000000000000e+02 1.086000000000000000e+03
4.420000000000000000e+02 1.096000000000000000e+03
5.190000000000000000e+02 1.082000000000000000e+03
5.850000000000000000e+02 1.042000000000000000e+03
6.450000000000000000e+02 9.920000000000000000e+02
6.900000000000000000e+02 9.290000000000000000e+02
7.140000000000000000e+02 8.590000000000000000e+02
7.270000000000000000e+02 7.800000000000000000e+02
7.410000000000000000e+02 7.000000000000000000e+02
7.490000000000000000e+02 6.200000000000000000e+02
1.930000000000000000e+02 5.640000000000000000e+02
2.380000000000000000e+02 5.380000000000000000e+02
2.910000000000000000e+02 5.350000000000000000e+02
3.440000000000000000e+02 5.470000000000000000e+02
3.920000000000000000e+02 5.690000000000000000e+02
4.900000000000000000e+02 5.720000000000000000e+02
5.390000000000000000e+02 5.500000000000000000e+02
5.920000000000000000e+02 5.370000000000000000e+02
6.470000000000000000e+02 5.410000000000000000e+02
6.900000000000000000e+02 5.700000000000000000e+02
4.450000000000000000e+02 6.210000000000000000e+02
4.460000000000000000e+02 6.770000000000000000e+02
4.480000000000000000e+02 7.340000000000000000e+02
4.490000000000000000e+02 7.900000000000000000e+02
3.860000000000000000e+02 8.270000000000000000e+02
4.160000000000000000e+02 8.380000000000000000e+02
4.450000000000000000e+02 8.470000000000000000e+02
4.760000000000000000e+02 8.400000000000000000e+02
5.030000000000000000e+02 8.300000000000000000e+02
2.480000000000000000e+02 6.290000000000000000e+02
2.830000000000000000e+02 6.050000000000000000e+02
3.240000000000000000e+02 6.070000000000000000e+02
3.580000000000000000e+02 6.400000000000000000e+02
3.200000000000000000e+02 6.440000000000000000e+02
2.800000000000000000e+02 6.440000000000000000e+02
5.250000000000000000e+02 6.390000000000000000e+02
5.610000000000000000e+02 6.070000000000000000e+02
6.010000000000000000e+02 6.050000000000000000e+02
6.340000000000000000e+02 6.270000000000000000e+02
6.040000000000000000e+02 6.430000000000000000e+02
5.640000000000000000e+02 6.440000000000000000e+02
3.200000000000000000e+02 9.240000000000000000e+02
3.690000000000000000e+02 9.060000000000000000e+02
4.100000000000000000e+02 8.950000000000000000e+02
4.410000000000000000e+02 9.030000000000000000e+02
4.720000000000000000e+02 8.970000000000000000e+02
5.110000000000000000e+02 9.100000000000000000e+02
5.570000000000000000e+02 9.250000000000000000e+02
5.110000000000000000e+02 9.520000000000000000e+02
4.720000000000000000e+02 9.640000000000000000e+02
4.390000000000000000e+02 9.660000000000000000e+02
4.060000000000000000e+02 9.620000000000000000e+02
3.660000000000000000e+02 9.490000000000000000e+02
3.400000000000000000e+02 9.270000000000000000e+02
4.090000000000000000e+02 9.190000000000000000e+02
4.400000000000000000e+02 9.230000000000000000e+02
4.720000000000000000e+02 9.220000000000000000e+02
5.380000000000000000e+02 9.290000000000000000e+02
4.710000000000000000e+02 9.250000000000000000e+02
4.390000000000000000e+02 9.280000000000000000e+02
4.080000000000000000e+02 9.250000000000000000e+02
