1.190000000000000000e+02 6.430000000000000000e+02
1.250000000000000000e+02 7.200000000000000000e+02
1.330000000000000000e+02 7.990000000000000000e+02
1.460000000000000000e+02 8.760000000000000000e+02
1.750000000000000000e+02 9.470000000000000000e+02
2.310000000000000000e+02 1.005000000000000000e+03
2.990000000000000000e+02 1.052000000000000000e+03
3.700000000000000000e+02 1.091000000000000000e+03
4.450000000000000000e+02 1.101000000000000000e+03
5.180000000000000000e+02 1.086000000000000000e+03
5.880000000000000000e+02 1.046000000000000000e+03
6.530000000000000000e+02 9.980000000000000000e+02
6.990000000000000000e+02 9.400000000000000000e+02
7.220000000000000000e+02 8.700000000000000000e+02
7.340000000000000000e+02 7.960000000000000000e+02
7.440000000000000000e+02 7.190000000000000000e+02
7.490000000000000000e+02 6.430000000000000000e+02
1.880000000000000000e+02 5.750000000000000000e+02
2.290000000000000000e+02 5.430000000000000000e+02
2.840000000000000000e+02 5.310000000000000000e+02
3.430000000000000000e+02 5.350000000000000000e+02
4.010000000000000000e+02 5.540000000000000000e+02
4.840000000000000000e+02 5.580000000000000000e+02
5.410000000000000000e+02 5.390000000000000000e+02
6.000000000000000000e+02 5.340000000000000000e+02
6.550000000000000000e+02 5.530000000000000000e+02
6.930000000000000000e+02 5.920000000000000000e+02
4.410000000000000000e+02 6.200000000000000000e+02
4.420000000000000000e+02 6.660000000000000000e+02
4.440000000000000000e+02 7.130000000000000000e+02
4.450000000000000000e+02 7.610000000000000000e+02
3.880000000000000000e+02 8.120000000000000000e+02
4.160000000000000000e+02 8.200000000000000000e+02
4.440000000000000000e+02 8.260000000000000000e+02
4.710000000000000000e+02 8.200000000000000000e+02
4.960000000000000000e+02 8.130000000000000000e+02
2.530000000000000000e+02 6.320000000000000000e+02
2.890000000000000000e+02 6.100000000000000000e+02
3.310000000000000000e+02 6.110000000000000000e+02
3.650000000000000000e+02 6.440000000000000000e+02
3.280000000000000000e+02 6.530000000000000000e+02
2.840000000000000000e+02 6.520000000000000000e+02
5.130000000000000000e+02 6.460000000000000000e+02
5.480000000000000000e+02 6.150000000000000000e+02
5.900000000000000000e+02 6.140000000000000000e+02
6.250000000000000000e+02 6.370000000000000000e+02
5.930000000000000000e+02 6.550000000000000000e+02
5.500000000000000000e+02 6.550000000000000000e+02
3.160000000000000000e+02 9.080000000000000000e+02
3.690000000000000000e+02 9.060000000000000000e+02
4.140000000000000000e+02 8.970000000000000000e+02
4.440000000000000000e+02 9.060000000000000000e+02
4.720000000000000000e+02 8.980000000000000000e+02
5.180000000000000000e+02 9.070000000000000000e+02
5.690000000000000000e+02 9.100000000000000000e+02
5.190000000000000000e+02 9.460000000000000000e+02
4.760000000000000000e+02 9.640000000000000000e+02
4.440000000000000000e+02 9.670000000000000000e+02
4.120000000000000000e+02 9.630000000000000000e+02
3.680000000000000000e+02 9.430000000000000000e+02
3.330000000000000000e+02 9.130000000000000000e+02
4.130000000000000000e+02 9.230000000000000000e+02
4.430000000000000000e+02 9.280000000000000000e+02
4.730000000000000000e+02 9.240000000000000000e+02
5.530000000000000000e+02 9.130000000000000000e+02
4.740000000000000000e+02 9.280000000000000000e+02
4.440000000000000000e+02 9.310000000000000000e+02
4.130000000000000000e+02 9.260000000000000000e+02
