1.290000000000000000e+02 6.270000000000000000e+02
1.380000000000000000e+02 7.160000000000000000e+02
1.500000000000000000e+02 8.020000000000000000e+02
1.620000000000000000e+02 8.850000000000000000e+02
1.870000000000000000e+02 9.610000000000000000e+02
2.360000000000000000e+02 1.025000000000000000e+03
2.990000000000000000e+02 1.071000000000000000e+03
3.720000000000000000e+02 1.106000000000000000e+03
4.460000000000000000e+02 1.117000000000000000e+03
5.220000000000000000e+02 1.105000000000000000e+03
5.910000000000000000e+02 1.070000000000000000e+03
6.550000000000000000e+02 1.024000000000000000e+03
7.030000000000000000e+02 9.630000000000000000e+02
7.280000000000000000e+02 8.910000000000000000e+02
7.370000000000000000e+02 8.090000000000000000e+02
7.440000000000000000e+02 7.220000000000000000e+02
7.490000000000000000e+02 6.340000000000000000e+02
1.880000000000000000e+02 5.870000000000000000e+02
2.220000000000000000e+02 5.450000000000000000e+02
2.760000000000000000e+02 5.340000000000000000e+02
3.340000000000000000e+02 5.380000000000000000e+02
3.860000000000000000e+02 5.620000000000000000e+02
4.890000000000000000e+02 5.710000000000000000e+02
5.420000000000000000e+02 5.510000000000000000e+02
6.010000000000000000e+02 5.440000000000000000e+02
6.580000000000000000e+02 5.610000000000000000e+02
6.910000000000000000e+02 6.080000000000000000e+02
4.410000000000000000e+02 6.180000000000000000e+02
4.420000000000000000e+02 6.800000000000000000e+02
4.430000000000000000e+02 7.410000000000000000e+02
4.450000000000000000e+02 8.030000000000000000e+02
3.720000000000000000e+02 8.260000000000000000e+02
4.060000000000000000e+02 8.370000000000000000e+02
4.410000000000000000e+02 8.460000000000000000e+02
4.790000000000000000e+02 8.370000000000000000e+02
5.130000000000000000e+02 8.230000000000000000e+02
2.560000000000000000e+02 6.260000000000000000e+02
2.890000000000000000e+02 6.000000000000000000e+02
3.280000000000000000e+02 6.020000000000000000e+02
3.620000000000000000e+02 6.340000000000000000e+02
3.260000000000000000e+02 6.380000000000000000e+02
2.860000000000000000e+02 6.370000000000000000e+02
5.110000000000000000e+02 6.380000000000000000e+02
5.450000000000000000e+02 6.080000000000000000e+02
5.860000000000000000e+02 6.090000000000000000e+02
6.200000000000000000e+02 6.340000000000000000e+02
5.870000000000000000e+02 6.430000000000000000e+02
5.460000000000000000e+02 6.420000000000000000e+02
3.120000000000000000e+02 9.020000000000000000e+02
3.660000000000000000e+02 9.000000000000000000e+02
4.080000000000000000e+02 8.960000000000000000e+02
4.400000000000000000e+02 9.040000000000000000e+02
4.720000000000000000e+02 8.950000000000000000e+02
5.110000000000000000e+02 8.990000000000000000e+02
5.600000000000000000e+02 9.010000000000000000e+02
5.120000000000000000e+02 9.290000000000000000e+02
4.740000000000000000e+02 9.410000000000000000e+02
4.400000000000000000e+02 9.450000000000000000e+02
4.060000000000000000e+02 9.410000000000000000e+02
3.640000000000000000e+02 9.280000000000000000e+02
3.280000000000000000e+02 9.040000000000000000e+02
4.070000000000000000e+02 9.090000000000000000e+02
4.400000000000000000e+02 9.150000000000000000e+02
4.730000000000000000e+02 9.090000000000000000e+02
5.440000000000000000e+02 9.040000000000000000e+02
4.720000000000000000e+02 9.120000000000000000e+02
4.400000000000000000e+02 9.180000000000000000e+02
4.060000000000000000e+02 9.130000000000000000e+02
