1.220000000000000000e+02 6.380000000000000000e+02
1.250000000000000000e+02 7.200000000000000000e+02
1.310000000000000000e+02 7.990000000000000000e+02
1.420000000000000000e+02 8.780000000000000000e+02
1.650000000000000000e+02 9.560000000000000000e+02
2.120000000000000000e+02 1.017000000000000000e+03
2.800000000000000000e+02 1.057000000000000000e+03
3.570000000000000000e+02 1.088000000000000000e+03
4.400000000000000000e+02 1.095000000000000000e+03
5.220000000000000000e+02 1.088000000000000000e+03
5.940000000000000000e+02 1.060000000000000000e+03
6.570000000000000000e+02 1.016000000000000000e+03
7.000000000000000000e+02 9.530000000000000000e+02
7.190000000000000000e+02 8.770000000000000000e+02
7.300000000000000000e+02 7.960000000000000000e+02
7.400000000000000000e+02 7.140000000000000000e+02
7.440000000000000000e+02 6.310000000000000000e+02
2.010000000000000000e+02 5.890000000000000000e+02
2.390000000000000000e+02 5.530000000000000000e+02
2.950000000000000000e+02 5.410000000000000000e+02
3.510000000000000000e+02 5.500000000000000000e+02
4.040000000000000000e+02 5.710000000000000000e+02
4.790000000000000000e+02 5.630000000000000000e+02
5.360000000000000000e+02 5.410000000000000000e+02
5.950000000000000000e+02 5.300000000000000000e+02
6.540000000000000000e+02 5.440000000000000000e+02
6.880000000000000000e+02 5.900000000000000000e+02
4.480000000000000000e+02 6.120000000000000000e+02
4.490000000000000000e+02 6.710000000000000000e+02
4.490000000000000000e+02 7.290000000000000000e+02
4.500000000000000000e+02 7.890000000000000000e+02
3.850000000000000000e+02 8.180000000000000000e+02
4.150000000000000000e+02 8.330000000000000000e+02
4.470000000000000000e+02 8.450000000000000000e+02
4.790000000000000000e+02 8.350000000000000000e+02
5.070000000000000000e+02 8.210000000000000000e+02
2.670000000000000000e+02 6.240000000000000000e+02
2.990000000000000000e+02 6.040000000000000000e+02
3.390000000000000000e+02 6.040000000000000000e+02
3.730000000000000000e+02 6.300000000000000000e+02
3.370000000000000000e+02 6.370000000000000000e+02
2.970000000000000000e+02 6.370000000000000000e+02
5.140000000000000000e+02 6.280000000000000000e+02
5.480000000000000000e+02 6.000000000000000000e+02
5.880000000000000000e+02 6.000000000000000000e+02
6.210000000000000000e+02 6.200000000000000000e+02
5.910000000000000000e+02 6.340000000000000000e+02
5.510000000000000000e+02 6.350000000000000000e+02
3.190000000000000000e+02 9.090000000000000000e+02
3.680000000000000000e+02 9.040000000000000000e+02
4.080000000000000000e+02 9.000000000000000000e+02
4.400000000000000000e+02 9.090000000000000000e+02
4.730000000000000000e+02 9.020000000000000000e+02
5.110000000000000000e+02 9.100000000000000000e+02
5.590000000000000000e+02 9.170000000000000000e+02
5.120000000000000000e+02 9.400000000000000000e+02
4.730000000000000000e+02 9.440000000000000000e+02
4.400000000000000000e+02 9.440000000000000000e+02
4.060000000000000000e+02 9.400000000000000000e+02
3.650000000000000000e+02 9.290000000000000000e+02
3.340000000000000000e+02 9.110000000000000000e+02
4.070000000000000000e+02 9.160000000000000000e+02
4.400000000000000000e+02 9.210000000000000000e+02
4.730000000000000000e+02 9.190000000000000000e+02
5.440000000000000000e+02 9.180000000000000000e+02
4.730000000000000000e+02 9.200000000000000000e+02
4.400000000000000000e+02 9.230000000000000000e+02
4.070000000000000000e+02 9.160000000000000000e+02
