1.430000000000000000e+02 6.180000000000000000e+02
1.520000000000000000e+02 7.000000000000000000e+02
1.670000000000000000e+02 7.820000000000000000e+02
1.860000000000000000e+02 8.620000000000000000e+02
2.080000000000000000e+02 9.370000000000000000e+02
2.470000000000000000e+02 1.003000000000000000e+03
3.010000000000000000e+02 1.057000000000000000e+03
3.650000000000000000e+02 1.099000000000000000e+03
4.360000000000000000e+02 1.111000000000000000e+03
5.080000000000000000e+02 1.101000000000000000e+03
5.740000000000000000e+02 1.061000000000000000e+03
6.290000000000000000e+02 1.005000000000000000e+03
6.700000000000000000e+02 9.380000000000000000e+02
6.940000000000000000e+02 8.630000000000000000e+02
7.160000000000000000e+02 7.850000000000000000e+02
7.350000000000000000e+02 7.040000000000000000e+02
7.470000000000000000e+02 6.200000000000000000e+02
1.950000000000000000e+02 5.580000000000000000e+02
2.340000000000000000e+02 5.330000000000000000e+02
2.830000000000000000e+02 5.320000000000000000e+02
3.330000000000000000e+02 5.410000000000000000e+02
3.810000000000000000e+02 5.640000000000000000e+02
4.960000000000000000e+02 5.640000000000000000e+02
5.450000000000000000e+02 5.410000000000000000e+02
5.990000000000000000e+02 5.350000000000000000e+02
6.530000000000000000e+02 5.370000000000000000e+02
6.920000000000000000e+02 5.680000000000000000e+02
4.400000000000000000e+02 6.210000000000000000e+02
4.390000000000000000e+02 6.810000000000000000e+02
4.370000000000000000e+02 7.420000000000000000e+02
4.360000000000000000e+02 8.030000000000000000e+02
3.780000000000000000e+02 8.290000000000000000e+02
4.060000000000000000e+02 8.420000000000000000e+02
4.370000000000000000e+02 8.530000000000000000e+02
4.700000000000000000e+02 8.420000000000000000e+02
5.000000000000000000e+02 8.280000000000000000e+02
2.480000000000000000e+02 6.280000000000000000e+02
2.810000000000000000e+02 6.020000000000000000e+02
3.220000000000000000e+02 6.040000000000000000e+02
3.550000000000000000e+02 6.390000000000000000e+02
3.170000000000000000e+02 6.460000000000000000e+02
2.760000000000000000e+02 6.450000000000000000e+02
5.250000000000000000e+02 6.380000000000000000e+02
5.590000000000000000e+02 6.030000000000000000e+02
6.030000000000000000e+02 6.010000000000000000e+02
6.370000000000000000e+02 6.270000000000000000e+02
6.050000000000000000e+02 6.430000000000000000e+02
5.630000000000000000e+02 6.440000000000000000e+02
3.260000000000000000e+02 9.220000000000000000e+02
3.690000000000000000e+02 9.070000000000000000e+02
4.080000000000000000e+02 8.950000000000000000e+02
4.400000000000000000e+02 9.030000000000000000e+02
4.690000000000000000e+02 8.950000000000000000e+02
5.080000000000000000e+02 9.030000000000000000e+02
5.500000000000000000e+02 9.180000000000000000e+02
5.100000000000000000e+02 9.490000000000000000e+02
4.720000000000000000e+02 9.670000000000000000e+02
4.400000000000000000e+02 9.710000000000000000e+02
4.060000000000000000e+02 9.670000000000000000e+02
3.680000000000000000e+02 9.500000000000000000e+02
3.450000000000000000e+02 9.240000000000000000e+02
4.070000000000000000e+02 9.210000000000000000e+02
4.390000000000000000e+02 9.230000000000000000e+02
4.700000000000000000e+02 9.200000000000000000e+02
5.310000000000000000e+02 9.220000000000000000e+02
4.710000000000000000e+02 9.210000000000000000e+02
4.400000000000000000e+02 9.260000000000000000e+02
4.080000000000000000e+02 9.230000000000000000e+02
