1.140000000000000000e+02 6.400000000000000000e+02
1.210000000000000000e+02 7.250000000000000000e+02
1.330000000000000000e+02 8.060000000000000000e+02
1.500000000000000000e+02 8.860000000000000000e+02
1.740000000000000000e+02 9.640000000000000000e+02
2.220000000000000000e+02 1.026000000000000000e+03
2.870000000000000000e+02 1.071000000000000000e+03
3.630000000000000000e+02 1.103000000000000000e+03
4.440000000000000000e+02 1.111000000000000000e+03
5.250000000000000000e+02 1.102000000000000000e+03
5.970000000000000000e+02 1.068000000000000000e+03
6.600000000000000000e+02 1.021000000000000000e+03
7.060000000000000000e+02 9.570000000000000000e+02
7.280000000000000000e+02 8.810000000000000000e+02
7.420000000000000000e+02 8.020000000000000000e+02
7.520000000000000000e+02 7.200000000000000000e+02
7.580000000000000000e+02 6.330000000000000000e+02
1.840000000000000000e+02 5.870000000000000000e+02
2.210000000000000000e+02 5.490000000000000000e+02
2.760000000000000000e+02 5.340000000000000000e+02
3.330000000000000000e+02 5.400000000000000000e+02
3.890000000000000000e+02 5.590000000000000000e+02
4.970000000000000000e+02 5.640000000000000000e+02
5.500000000000000000e+02 5.440000000000000000e+02
6.080000000000000000e+02 5.400000000000000000e+02
6.620000000000000000e+02 5.610000000000000000e+02
6.930000000000000000e+02 6.050000000000000000e+02
4.440000000000000000e+02 6.090000000000000000e+02
4.450000000000000000e+02 6.660000000000000000e+02
4.460000000000000000e+02 7.230000000000000000e+02
4.480000000000000000e+02 7.810000000000000000e+02
3.870000000000000000e+02 8.130000000000000000e+02
4.150000000000000000e+02 8.250000000000000000e+02
4.460000000000000000e+02 8.360000000000000000e+02
4.760000000000000000e+02 8.260000000000000000e+02
5.040000000000000000e+02 8.150000000000000000e+02
2.520000000000000000e+02 6.240000000000000000e+02
2.840000000000000000e+02 5.980000000000000000e+02
3.250000000000000000e+02 5.980000000000000000e+02
3.580000000000000000e+02 6.290000000000000000e+02
3.230000000000000000e+02 6.400000000000000000e+02
2.810000000000000000e+02 6.400000000000000000e+02
5.190000000000000000e+02 6.340000000000000000e+02
5.540000000000000000e+02 6.030000000000000000e+02
5.960000000000000000e+02 6.040000000000000000e+02
6.270000000000000000e+02 6.320000000000000000e+02
5.970000000000000000e+02 6.470000000000000000e+02
5.550000000000000000e+02 6.460000000000000000e+02
3.250000000000000000e+02 9.120000000000000000e+02
3.750000000000000000e+02 9.000000000000000000e+02
4.150000000000000000e+02 8.930000000000000000e+02
4.450000000000000000e+02 9.020000000000000000e+02
4.730000000000000000e+02 8.960000000000000000e+02
5.130000000000000000e+02 9.030000000000000000e+02
5.630000000000000000e+02 9.150000000000000000e+02
5.120000000000000000e+02 9.340000000000000000e+02
4.740000000000000000e+02 9.360000000000000000e+02
4.450000000000000000e+02 9.360000000000000000e+02
4.130000000000000000e+02 9.320000000000000000e+02
3.750000000000000000e+02 9.260000000000000000e+02
3.420000000000000000e+02 9.120000000000000000e+02
4.130000000000000000e+02 9.080000000000000000e+02
4.440000000000000000e+02 9.120000000000000000e+02
4.730000000000000000e+02 9.110000000000000000e+02
5.480000000000000000e+02 9.150000000000000000e+02
4.740000000000000000e+02 9.140000000000000000e+02
4.450000000000000000e+02 9.150000000000000000e+02
4.140000000000000000e+02 9.100000000000000000e+02
