1.450000000000000000e+02 6.280000000000000000e+02
1.500000000000000000e+02 7.080000000000000000e+02
1.610000000000000000e+02 7.880000000000000000e+02
1.760000000000000000e+02 8.660000000000000000e+02
2.000000000000000000e+02 9.430000000000000000e+02
2.380000000000000000e+02 1.010000000000000000e+03
2.910000000000000000e+02 1.060000000000000000e+03
3.600000000000000000e+02 1.099000000000000000e+03
4.360000000000000000e+02 1.112000000000000000e+03
5.180000000000000000e+02 1.103000000000000000e+03
5.930000000000000000e+02 1.069000000000000000e+03
6.570000000000000000e+02 1.018000000000000000e+03
7.020000000000000000e+02 9.510000000000000000e+02
7.290000000000000000e+02 8.700000000000000000e+02
7.430000000000000000e+02 7.870000000000000000e+02
7.540000000000000000e+02 7.000000000000000000e+02
7.620000000000000000e+02 6.120000000000000000e+02
1.920000000000000000e+02 5.760000000000000000e+02
2.260000000000000000e+02 5.400000000000000000e+02
2.800000000000000000e+02 5.350000000000000000e+02
3.340000000000000000e+02 5.480000000000000000e+02
3.860000000000000000e+02 5.710000000000000000e+02
4.840000000000000000e+02 5.700000000000000000e+02
5.420000000000000000e+02 5.490000000000000000e+02
6.010000000000000000e+02 5.370000000000000000e+02
6.610000000000000000e+02 5.420000000000000000e+02
7.010000000000000000e+02 5.800000000000000000e+02
4.370000000000000000e+02 6.100000000000000000e+02
4.340000000000000000e+02 6.630000000000000000e+02
4.320000000000000000e+02 7.150000000000000000e+02
4.290000000000000000e+02 7.690000000000000000e+02
3.700000000000000000e+02 8.000000000000000000e+02
3.980000000000000000e+02 8.150000000000000000e+02
4.330000000000000000e+02 8.250000000000000000e+02
4.690000000000000000e+02 8.140000000000000000e+02
5.010000000000000000e+02 7.990000000000000000e+02
2.590000000000000000e+02 6.300000000000000000e+02
2.880000000000000000e+02 6.130000000000000000e+02
3.250000000000000000e+02 6.120000000000000000e+02
3.600000000000000000e+02 6.300000000000000000e+02
3.250000000000000000e+02 6.410000000000000000e+02
2.870000000000000000e+02 6.420000000000000000e+02
5.220000000000000000e+02 6.270000000000000000e+02
5.590000000000000000e+02 6.090000000000000000e+02
5.970000000000000000e+02 6.110000000000000000e+02
6.280000000000000000e+02 6.270000000000000000e+02
5.960000000000000000e+02 6.410000000000000000e+02
5.580000000000000000e+02 6.390000000000000000e+02
3.370000000000000000e+02 9.210000000000000000e+02
3.710000000000000000e+02 9.060000000000000000e+02
4.010000000000000000e+02 8.980000000000000000e+02
4.330000000000000000e+02 9.050000000000000000e+02
4.640000000000000000e+02 8.980000000000000000e+02
5.020000000000000000e+02 9.030000000000000000e+02
5.490000000000000000e+02 9.200000000000000000e+02
5.070000000000000000e+02 9.390000000000000000e+02
4.680000000000000000e+02 9.450000000000000000e+02
4.360000000000000000e+02 9.480000000000000000e+02
4.040000000000000000e+02 9.450000000000000000e+02
3.710000000000000000e+02 9.390000000000000000e+02
3.520000000000000000e+02 9.210000000000000000e+02
4.010000000000000000e+02 9.120000000000000000e+02
4.330000000000000000e+02 9.150000000000000000e+02
4.650000000000000000e+02 9.120000000000000000e+02
5.330000000000000000e+02 9.190000000000000000e+02
4.670000000000000000e+02 9.160000000000000000e+02
4.360000000000000000e+02 9.190000000000000000e+02
4.040000000000000000e+02 9.160000000000000000e+02
