1.280000000000000000e+02 6.510000000000000000e+02
1.400000000000000000e+02 7.300000000000000000e+02
1.560000000000000000e+02 8.060000000000000000e+02
1.750000000000000000e+02 8.800000000000000000e+02
1.990000000000000000e+02 9.520000000000000000e+02
2.430000000000000000e+02 1.014000000000000000e+03
3.040000000000000000e+02 1.062000000000000000e+03
3.730000000000000000e+02 1.096000000000000000e+03
4.450000000000000000e+02 1.105000000000000000e+03
5.130000000000000000e+02 1.090000000000000000e+03
5.750000000000000000e+02 1.054000000000000000e+03
6.280000000000000000e+02 1.003000000000000000e+03
6.660000000000000000e+02 9.380000000000000000e+02
6.880000000000000000e+02 8.670000000000000000e+02
7.030000000000000000e+02 7.910000000000000000e+02
7.180000000000000000e+02 7.160000000000000000e+02
7.260000000000000000e+02 6.380000000000000000e+02
1.900000000000000000e+02 5.760000000000000000e+02
2.310000000000000000e+02 5.420000000000000000e+02
2.820000000000000000e+02 5.280000000000000000e+02
3.380000000000000000e+02 5.350000000000000000e+02
3.880000000000000000e+02 5.560000000000000000e+02
5.010000000000000000e+02 5.510000000000000000e+02
5.530000000000000000e+02 5.320000000000000000e+02
6.070000000000000000e+02 5.250000000000000000e+02
6.610000000000000000e+02 5.420000000000000000e+02
6.920000000000000000e+02 5.850000000000000000e+02
4.500000000000000000e+02 6.070000000000000000e+02
4.530000000000000000e+02 6.620000000000000000e+02
4.560000000000000000e+02 7.150000000000000000e+02
4.590000000000000000e+02 7.700000000000000000e+02
4.010000000000000000e+02 8.230000000000000000e+02
4.280000000000000000e+02 8.300000000000000000e+02
4.550000000000000000e+02 8.370000000000000000e+02
4.810000000000000000e+02 8.290000000000000000e+02
5.040000000000000000e+02 8.210000000000000000e+02
2.480000000000000000e+02 6.290000000000000000e+02
2.830000000000000000e+02 6.060000000000000000e+02
3.230000000000000000e+02 6.070000000000000000e+02
3.600000000000000000e+02 6.370000000000000000e+02
3.210000000000000000e+02 6.430000000000000000e+02
2.810000000000000000e+02 6.430000000000000000e+02
5.230000000000000000e+02 6.350000000000000000e+02
5.620000000000000000e+02 6.060000000000000000e+02
6.030000000000000000e+02 6.030000000000000000e+02
6.350000000000000000e+02 6.270000000000000000e+02
6.050000000000000000e+02 6.400000000000000000e+02
5.630000000000000000e+02 6.400000000000000000e+02
3.300000000000000000e+02 9.230000000000000000e+02
3.770000000000000000e+02 9.060000000000000000e+02
4.180000000000000000e+02 8.960000000000000000e+02
4.480000000000000000e+02 9.050000000000000000e+02
4.760000000000000000e+02 8.970000000000000000e+02
5.120000000000000000e+02 9.060000000000000000e+02
5.540000000000000000e+02 9.220000000000000000e+02
5.120000000000000000e+02 9.490000000000000000e+02
4.760000000000000000e+02 9.630000000000000000e+02
4.460000000000000000e+02 9.660000000000000000e+02
4.150000000000000000e+02 9.620000000000000000e+02
3.750000000000000000e+02 9.480000000000000000e+02
3.460000000000000000e+02 9.240000000000000000e+02
4.170000000000000000e+02 9.230000000000000000e+02
4.470000000000000000e+02 9.270000000000000000e+02
4.770000000000000000e+02 9.230000000000000000e+02
5.380000000000000000e+02 9.230000000000000000e+02
4.760000000000000000e+02 9.250000000000000000e+02
4.460000000000000000e+02 9.300000000000000000e+02
4.160000000000000000e+02 9.250000000000000000e+02
