1.370000000000000000e+02 6.090000000000000000e+02
1.410000000000000000e+02 6.900000000000000000e+02
1.540000000000000000e+02 7.700000000000000000e+02
1.720000000000000000e+02 8.500000000000000000e+02
1.970000000000000000e+02 9.260000000000000000e+02
2.400000000000000000e+02 9.920000000000000000e+02
2.980000000000000000e+02 1.042000000000000000e+03
3.620000000000000000e+02 1.082000000000000000e+03
4.380000000000000000e+02 1.092000000000000000e+03
5.120000000000000000e+02 1.084000000000000000e+03
5.790000000000000000e+02 1.043000000000000000e+03
6.340000000000000000e+02 9.880000000000000000e+02
6.750000000000000000e+02 9.190000000000000000e+02
7.000000000000000000e+02 8.440000000000000000e+02
7.210000000000000000e+02 7.680000000000000000e+02
7.350000000000000000e+02 6.910000000000000000e+02
7.390000000000000000e+02 6.100000000000000000e+02
1.790000000000000000e+02 5.600000000000000000e+02
2.180000000000000000e+02 5.230000000000000000e+02
2.730000000000000000e+02 5.150000000000000000e+02
3.290000000000000000e+02 5.240000000000000000e+02
3.830000000000000000e+02 5.440000000000000000e+02
4.990000000000000000e+02 5.480000000000000000e+02
5.520000000000000000e+02 5.280000000000000000e+02
6.070000000000000000e+02 5.210000000000000000e+02
6.600000000000000000e+02 5.240000000000000000e+02
6.990000000000000000e+02 5.610000000000000000e+02
4.430000000000000000e+02 6.350000000000000000e+02
4.390000000000000000e+02 6.820000000000000000e+02
4.370000000000000000e+02 7.290000000000000000e+02
4.340000000000000000e+02 7.780000000000000000e+02
3.770000000000000000e+02 8.240000000000000000e+02
4.080000000000000000e+02 8.310000000000000000e+02
4.400000000000000000e+02 8.380000000000000000e+02
4.730000000000000000e+02 8.300000000000000000e+02
5.050000000000000000e+02 8.220000000000000000e+02
2.320000000000000000e+02 6.450000000000000000e+02
2.690000000000000000e+02 6.290000000000000000e+02
3.140000000000000000e+02 6.320000000000000000e+02
3.540000000000000000e+02 6.610000000000000000e+02
3.090000000000000000e+02 6.710000000000000000e+02
2.640000000000000000e+02 6.690000000000000000e+02
5.300000000000000000e+02 6.610000000000000000e+02
5.670000000000000000e+02 6.320000000000000000e+02
6.100000000000000000e+02 6.310000000000000000e+02
6.470000000000000000e+02 6.460000000000000000e+02
6.150000000000000000e+02 6.700000000000000000e+02
5.710000000000000000e+02 6.720000000000000000e+02
3.220000000000000000e+02 9.280000000000000000e+02
3.650000000000000000e+02 8.990000000000000000e+02
4.110000000000000000e+02 8.820000000000000000e+02
4.450000000000000000e+02 8.930000000000000000e+02
4.780000000000000000e+02 8.810000000000000000e+02
5.220000000000000000e+02 8.980000000000000000e+02
5.620000000000000000e+02 9.260000000000000000e+02
5.230000000000000000e+02 9.660000000000000000e+02
4.800000000000000000e+02 9.840000000000000000e+02
4.430000000000000000e+02 9.870000000000000000e+02
4.060000000000000000e+02 9.840000000000000000e+02
3.630000000000000000e+02 9.670000000000000000e+02
3.420000000000000000e+02 9.290000000000000000e+02
4.100000000000000000e+02 9.270000000000000000e+02
4.460000000000000000e+02 9.310000000000000000e+02
4.800000000000000000e+02 9.260000000000000000e+02
5.420000000000000000e+02 9.280000000000000000e+02
4.780000000000000000e+02 9.260000000000000000e+02
4.430000000000000000e+02 9.310000000000000000e+02
4.080000000000000000e+02 9.270000000000000000e+02
