1.290000000000000000e+02 6.480000000000000000e+02
1.400000000000000000e+02 7.270000000000000000e+02
1.550000000000000000e+02 8.060000000000000000e+02
1.740000000000000000e+02 8.820000000000000000e+02
2.000000000000000000e+02 9.540000000000000000e+02
2.460000000000000000e+02 1.018000000000000000e+03
3.050000000000000000e+02 1.067000000000000000e+03
3.700000000000000000e+02 1.103000000000000000e+03
4.440000000000000000e+02 1.112000000000000000e+03
5.190000000000000000e+02 1.100000000000000000e+03
5.870000000000000000e+02 1.063000000000000000e+03
6.470000000000000000e+02 1.013000000000000000e+03
6.950000000000000000e+02 9.530000000000000000e+02
7.250000000000000000e+02 8.810000000000000000e+02
7.430000000000000000e+02 8.020000000000000000e+02
7.560000000000000000e+02 7.210000000000000000e+02
7.630000000000000000e+02 6.380000000000000000e+02
1.890000000000000000e+02 5.690000000000000000e+02
2.270000000000000000e+02 5.300000000000000000e+02
2.810000000000000000e+02 5.150000000000000000e+02
3.390000000000000000e+02 5.210000000000000000e+02
3.940000000000000000e+02 5.430000000000000000e+02
4.830000000000000000e+02 5.440000000000000000e+02
5.380000000000000000e+02 5.220000000000000000e+02
5.960000000000000000e+02 5.180000000000000000e+02
6.500000000000000000e+02 5.350000000000000000e+02
6.890000000000000000e+02 5.720000000000000000e+02
4.390000000000000000e+02 6.080000000000000000e+02
4.420000000000000000e+02 6.580000000000000000e+02
4.440000000000000000e+02 7.060000000000000000e+02
4.460000000000000000e+02 7.570000000000000000e+02
3.920000000000000000e+02 8.150000000000000000e+02
4.180000000000000000e+02 8.200000000000000000e+02
4.440000000000000000e+02 8.240000000000000000e+02
4.690000000000000000e+02 8.170000000000000000e+02
4.920000000000000000e+02 8.110000000000000000e+02
2.510000000000000000e+02 6.330000000000000000e+02
2.820000000000000000e+02 6.100000000000000000e+02
3.220000000000000000e+02 6.080000000000000000e+02
3.530000000000000000e+02 6.340000000000000000e+02
3.210000000000000000e+02 6.460000000000000000e+02
2.820000000000000000e+02 6.480000000000000000e+02
5.250000000000000000e+02 6.350000000000000000e+02
5.580000000000000000e+02 6.110000000000000000e+02
5.970000000000000000e+02 6.120000000000000000e+02
6.280000000000000000e+02 6.340000000000000000e+02
5.990000000000000000e+02 6.480000000000000000e+02
5.600000000000000000e+02 6.470000000000000000e+02
3.410000000000000000e+02 9.260000000000000000e+02
3.800000000000000000e+02 9.010000000000000000e+02
4.150000000000000000e+02 8.870000000000000000e+02
4.390000000000000000e+02 8.940000000000000000e+02
4.640000000000000000e+02 8.860000000000000000e+02
4.990000000000000000e+02 9.000000000000000000e+02
5.350000000000000000e+02 9.220000000000000000e+02
5.010000000000000000e+02 9.400000000000000000e+02
4.670000000000000000e+02 9.490000000000000000e+02
4.400000000000000000e+02 9.520000000000000000e+02
4.130000000000000000e+02 9.500000000000000000e+02
3.800000000000000000e+02 9.420000000000000000e+02
3.560000000000000000e+02 9.220000000000000000e+02
4.140000000000000000e+02 9.120000000000000000e+02
4.390000000000000000e+02 9.150000000000000000e+02
4.650000000000000000e+02 9.120000000000000000e+02
5.190000000000000000e+02 9.200000000000000000e+02
4.660000000000000000e+02 9.140000000000000000e+02
4.400000000000000000e+02 9.190000000000000000e+02
4.140000000000000000e+02 9.160000000000000000e+02
