1.330000000000000000e+02 6.260000000000000000e+02
1.440000000000000000e+02 7.080000000000000000e+02
1.590000000000000000e+02 7.930000000000000000e+02
1.750000000000000000e+02 8.780000000000000000e+02
2.030000000000000000e+02 9.560000000000000000e+02
2.490000000000000000e+02 1.023000000000000000e+03
3.060000000000000000e+02 1.078000000000000000e+03
3.730000000000000000e+02 1.123000000000000000e+03
4.450000000000000000e+02 1.135000000000000000e+03
5.160000000000000000e+02 1.119000000000000000e+03
5.790000000000000000e+02 1.075000000000000000e+03
6.360000000000000000e+02 1.020000000000000000e+03
6.800000000000000000e+02 9.520000000000000000e+02
7.030000000000000000e+02 8.730000000000000000e+02
7.160000000000000000e+02 7.880000000000000000e+02
7.300000000000000000e+02 7.030000000000000000e+02
7.390000000000000000e+02 6.190000000000000000e+02
1.830000000000000000e+02 5.810000000000000000e+02
2.230000000000000000e+02 5.440000000000000000e+02
2.790000000000000000e+02 5.380000000000000000e+02
3.370000000000000000e+02 5.490000000000000000e+02
3.930000000000000000e+02 5.710000000000000000e+02
4.930000000000000000e+02 5.680000000000000000e+02
5.450000000000000000e+02 5.440000000000000000e+02
6.010000000000000000e+02 5.310000000000000000e+02
6.570000000000000000e+02 5.410000000000000000e+02
6.940000000000000000e+02 5.820000000000000000e+02
4.450000000000000000e+02 6.110000000000000000e+02
4.470000000000000000e+02 6.590000000000000000e+02
4.480000000000000000e+02 7.080000000000000000e+02
4.490000000000000000e+02 7.590000000000000000e+02
3.910000000000000000e+02 8.070000000000000000e+02
4.170000000000000000e+02 8.130000000000000000e+02
4.450000000000000000e+02 8.180000000000000000e+02
4.730000000000000000e+02 8.130000000000000000e+02
4.990000000000000000e+02 8.050000000000000000e+02
2.560000000000000000e+02 6.200000000000000000e+02
2.880000000000000000e+02 6.010000000000000000e+02
3.290000000000000000e+02 6.000000000000000000e+02
3.610000000000000000e+02 6.250000000000000000e+02
3.260000000000000000e+02 6.350000000000000000e+02
2.860000000000000000e+02 6.370000000000000000e+02
5.210000000000000000e+02 6.260000000000000000e+02
5.560000000000000000e+02 6.010000000000000000e+02
5.950000000000000000e+02 6.020000000000000000e+02
6.260000000000000000e+02 6.210000000000000000e+02
5.970000000000000000e+02 6.370000000000000000e+02
5.580000000000000000e+02 6.350000000000000000e+02
3.510000000000000000e+02 9.270000000000000000e+02
3.820000000000000000e+02 9.030000000000000000e+02
4.140000000000000000e+02 8.870000000000000000e+02
4.410000000000000000e+02 8.960000000000000000e+02
4.660000000000000000e+02 8.870000000000000000e+02
4.990000000000000000e+02 9.040000000000000000e+02
5.300000000000000000e+02 9.290000000000000000e+02
4.990000000000000000e+02 9.580000000000000000e+02
4.670000000000000000e+02 9.730000000000000000e+02
4.390000000000000000e+02 9.760000000000000000e+02
4.110000000000000000e+02 9.720000000000000000e+02
3.790000000000000000e+02 9.530000000000000000e+02
3.680000000000000000e+02 9.270000000000000000e+02
4.130000000000000000e+02 9.180000000000000000e+02
4.400000000000000000e+02 9.210000000000000000e+02
4.670000000000000000e+02 9.190000000000000000e+02
5.150000000000000000e+02 9.290000000000000000e+02
4.660000000000000000e+02 9.240000000000000000e+02
4.400000000000000000e+02 9.260000000000000000e+02
4.130000000000000000e+02 9.230000000000000000e+02
