1.280000000000000000e+02 6.130000000000000000e+02
1.410000000000000000e+02 6.940000000000000000e+02
1.580000000000000000e+02 7.770000000000000000e+02
1.710000000000000000e+02 8.580000000000000000e+02
1.920000000000000000e+02 9.380000000000000000e+02
2.380000000000000000e+02 1.007000000000000000e+03
2.960000000000000000e+02 1.064000000000000000e+03
3.650000000000000000e+02 1.106000000000000000e+03
4.430000000000000000e+02 1.115000000000000000e+03
5.180000000000000000e+02 1.101000000000000000e+03
5.850000000000000000e+02 1.062000000000000000e+03
6.400000000000000000e+02 1.010000000000000000e+03
6.820000000000000000e+02 9.470000000000000000e+02
7.030000000000000000e+02 8.740000000000000000e+02
7.170000000000000000e+02 7.960000000000000000e+02
7.330000000000000000e+02 7.170000000000000000e+02
7.450000000000000000e+02 6.330000000000000000e+02
1.760000000000000000e+02 5.810000000000000000e+02
2.200000000000000000e+02 5.470000000000000000e+02
2.780000000000000000e+02 5.420000000000000000e+02
3.370000000000000000e+02 5.500000000000000000e+02
3.960000000000000000e+02 5.670000000000000000e+02
4.890000000000000000e+02 5.660000000000000000e+02
5.450000000000000000e+02 5.510000000000000000e+02
6.030000000000000000e+02 5.450000000000000000e+02
6.580000000000000000e+02 5.570000000000000000e+02
6.970000000000000000e+02 5.950000000000000000e+02
4.440000000000000000e+02 6.170000000000000000e+02
4.430000000000000000e+02 6.660000000000000000e+02
4.410000000000000000e+02 7.160000000000000000e+02
4.400000000000000000e+02 7.670000000000000000e+02
3.850000000000000000e+02 8.200000000000000000e+02
4.120000000000000000e+02 8.240000000000000000e+02
4.410000000000000000e+02 8.280000000000000000e+02
4.680000000000000000e+02 8.230000000000000000e+02
4.960000000000000000e+02 8.180000000000000000e+02
2.400000000000000000e+02 6.280000000000000000e+02
2.750000000000000000e+02 6.050000000000000000e+02
3.200000000000000000e+02 6.060000000000000000e+02
3.570000000000000000e+02 6.370000000000000000e+02
3.160000000000000000e+02 6.460000000000000000e+02
2.720000000000000000e+02 6.460000000000000000e+02
5.160000000000000000e+02 6.390000000000000000e+02
5.510000000000000000e+02 6.090000000000000000e+02
5.960000000000000000e+02 6.100000000000000000e+02
6.320000000000000000e+02 6.330000000000000000e+02
5.980000000000000000e+02 6.490000000000000000e+02
5.550000000000000000e+02 6.480000000000000000e+02
3.220000000000000000e+02 9.180000000000000000e+02
3.680000000000000000e+02 9.050000000000000000e+02
4.140000000000000000e+02 8.910000000000000000e+02
4.450000000000000000e+02 8.990000000000000000e+02
4.750000000000000000e+02 8.890000000000000000e+02
5.170000000000000000e+02 9.000000000000000000e+02
5.630000000000000000e+02 9.090000000000000000e+02
5.200000000000000000e+02 9.510000000000000000e+02
4.790000000000000000e+02 9.700000000000000000e+02
4.460000000000000000e+02 9.750000000000000000e+02
4.130000000000000000e+02 9.730000000000000000e+02
3.680000000000000000e+02 9.540000000000000000e+02
3.410000000000000000e+02 9.230000000000000000e+02
4.130000000000000000e+02 9.250000000000000000e+02
4.440000000000000000e+02 9.270000000000000000e+02
4.750000000000000000e+02 9.230000000000000000e+02
5.440000000000000000e+02 9.150000000000000000e+02
4.780000000000000000e+02 9.240000000000000000e+02
4.460000000000000000e+02 9.290000000000000000e+02
4.150000000000000000e+02 9.260000000000000000e+02
