1.250000000000000000e+02 6.370000000000000000e+02
1.350000000000000000e+02 7.180000000000000000e+02
1.500000000000000000e+02 7.970000000000000000e+02
1.660000000000000000e+02 8.730000000000000000e+02
1.910000000000000000e+02 9.470000000000000000e+02
2.380000000000000000e+02 1.007000000000000000e+03
3.020000000000000000e+02 1.054000000000000000e+03
3.720000000000000000e+02 1.091000000000000000e+03
4.430000000000000000e+02 1.105000000000000000e+03
5.150000000000000000e+02 1.094000000000000000e+03
5.810000000000000000e+02 1.056000000000000000e+03
6.390000000000000000e+02 1.005000000000000000e+03
6.800000000000000000e+02 9.420000000000000000e+02
7.020000000000000000e+02 8.680000000000000000e+02
7.150000000000000000e+02 7.900000000000000000e+02
7.280000000000000000e+02 7.090000000000000000e+02
7.330000000000000000e+02 6.270000000000000000e+02
1.900000000000000000e+02 5.630000000000000000e+02
2.270000000000000000e+02 5.300000000000000000e+02
2.800000000000000000e+02 5.260000000000000000e+02
3.330000000000000000e+02 5.390000000000000000e+02
3.840000000000000000e+02 5.620000000000000000e+02
5.000000000000000000e+02 5.560000000000000000e+02
5.500000000000000000e+02 5.320000000000000000e+02
6.030000000000000000e+02 5.200000000000000000e+02
6.550000000000000000e+02 5.290000000000000000e+02
6.870000000000000000e+02 5.680000000000000000e+02
4.430000000000000000e+02 6.180000000000000000e+02
4.440000000000000000e+02 6.700000000000000000e+02
4.440000000000000000e+02 7.220000000000000000e+02
4.450000000000000000e+02 7.750000000000000000e+02
3.900000000000000000e+02 8.210000000000000000e+02
4.170000000000000000e+02 8.280000000000000000e+02
4.440000000000000000e+02 8.330000000000000000e+02
4.720000000000000000e+02 8.280000000000000000e+02
4.980000000000000000e+02 8.220000000000000000e+02
2.490000000000000000e+02 6.310000000000000000e+02
2.810000000000000000e+02 6.060000000000000000e+02
3.240000000000000000e+02 6.070000000000000000e+02
3.580000000000000000e+02 6.420000000000000000e+02
3.210000000000000000e+02 6.510000000000000000e+02
2.780000000000000000e+02 6.510000000000000000e+02
5.210000000000000000e+02 6.410000000000000000e+02
5.570000000000000000e+02 6.060000000000000000e+02
6.020000000000000000e+02 6.040000000000000000e+02
6.340000000000000000e+02 6.300000000000000000e+02
6.060000000000000000e+02 6.500000000000000000e+02
5.610000000000000000e+02 6.520000000000000000e+02
3.250000000000000000e+02 9.200000000000000000e+02
3.710000000000000000e+02 9.030000000000000000e+02
4.130000000000000000e+02 8.920000000000000000e+02
4.410000000000000000e+02 9.020000000000000000e+02
4.710000000000000000e+02 8.940000000000000000e+02
5.120000000000000000e+02 9.080000000000000000e+02
5.580000000000000000e+02 9.240000000000000000e+02
5.120000000000000000e+02 9.490000000000000000e+02
4.730000000000000000e+02 9.590000000000000000e+02
4.410000000000000000e+02 9.610000000000000000e+02
4.100000000000000000e+02 9.560000000000000000e+02
3.700000000000000000e+02 9.420000000000000000e+02
3.420000000000000000e+02 9.210000000000000000e+02
4.110000000000000000e+02 9.160000000000000000e+02
4.400000000000000000e+02 9.200000000000000000e+02
4.710000000000000000e+02 9.180000000000000000e+02
5.410000000000000000e+02 9.250000000000000000e+02
4.720000000000000000e+02 9.200000000000000000e+02
4.410000000000000000e+02 9.220000000000000000e+02
4.120000000000000000e+02 9.180000000000000000e+02
