1.320000000000000000e+02 6.750000000000000000e+02
1.370000000000000000e+02 7.480000000000000000e+02
1.460000000000000000e+02 8.200000000000000000e+02
1.580000000000000000e+02 8.950000000000000000e+02
1.760000000000000000e+02 9.650000000000000000e+02
2.200000000000000000e+02 1.025000000000000000e+03
2.850000000000000000e+02 1.070000000000000000e+03
3.600000000000000000e+02 1.101000000000000000e+03
4.390000000000000000e+02 1.109000000000000000e+03
5.200000000000000000e+02 1.100000000000000000e+03
6.000000000000000000e+02 1.075000000000000000e+03
6.680000000000000000e+02 1.031000000000000000e+03
7.090000000000000000e+02 9.710000000000000000e+02
7.240000000000000000e+02 8.970000000000000000e+02
7.310000000000000000e+02 8.220000000000000000e+02
7.390000000000000000e+02 7.490000000000000000e+02
7.410000000000000000e+02 6.740000000000000000e+02
2.030000000000000000e+02 5.790000000000000000e+02
2.360000000000000000e+02 5.360000000000000000e+02
2.860000000000000000e+02 5.170000000000000000e+02
3.400000000000000000e+02 5.200000000000000000e+02
3.900000000000000000e+02 5.420000000000000000e+02
4.900000000000000000e+02 5.410000000000000000e+02
5.400000000000000000e+02 5.180000000000000000e+02
5.980000000000000000e+02 5.170000000000000000e+02
6.520000000000000000e+02 5.410000000000000000e+02
6.800000000000000000e+02 5.910000000000000000e+02
4.410000000000000000e+02 6.030000000000000000e+02
4.410000000000000000e+02 6.550000000000000000e+02
4.400000000000000000e+02 7.070000000000000000e+02
4.400000000000000000e+02 7.610000000000000000e+02
3.900000000000000000e+02 8.140000000000000000e+02
4.140000000000000000e+02 8.210000000000000000e+02
4.400000000000000000e+02 8.290000000000000000e+02
4.660000000000000000e+02 8.210000000000000000e+02
4.930000000000000000e+02 8.120000000000000000e+02
2.600000000000000000e+02 6.300000000000000000e+02
2.910000000000000000e+02 6.050000000000000000e+02
3.280000000000000000e+02 6.070000000000000000e+02
3.630000000000000000e+02 6.360000000000000000e+02
3.270000000000000000e+02 6.410000000000000000e+02
2.900000000000000000e+02 6.400000000000000000e+02
5.180000000000000000e+02 6.380000000000000000e+02
5.520000000000000000e+02 6.090000000000000000e+02
5.900000000000000000e+02 6.090000000000000000e+02
6.210000000000000000e+02 6.340000000000000000e+02
5.920000000000000000e+02 6.420000000000000000e+02
5.540000000000000000e+02 6.420000000000000000e+02
3.090000000000000000e+02 9.000000000000000000e+02
3.580000000000000000e+02 8.920000000000000000e+02
4.050000000000000000e+02 8.860000000000000000e+02
4.390000000000000000e+02 8.930000000000000000e+02
4.720000000000000000e+02 8.860000000000000000e+02
5.200000000000000000e+02 8.940000000000000000e+02
5.670000000000000000e+02 9.010000000000000000e+02
5.210000000000000000e+02 9.320000000000000000e+02
4.760000000000000000e+02 9.450000000000000000e+02
4.420000000000000000e+02 9.480000000000000000e+02
4.060000000000000000e+02 9.440000000000000000e+02
3.600000000000000000e+02 9.290000000000000000e+02
3.250000000000000000e+02 9.050000000000000000e+02
4.050000000000000000e+02 9.090000000000000000e+02
4.390000000000000000e+02 9.140000000000000000e+02
4.720000000000000000e+02 9.090000000000000000e+02
5.500000000000000000e+02 9.050000000000000000e+02
4.740000000000000000e+02 9.130000000000000000e+02
4.400000000000000000e+02 9.170000000000000000e+02
4.070000000000000000e+02 9.120000000000000000e+02
