1.160000000000000000e+02 6.450000000000000000e+02
1.300000000000000000e+02 7.230000000000000000e+02
1.480000000000000000e+02 8.030000000000000000e+02
1.660000000000000000e+02 8.800000000000000000e+02
1.920000000000000000e+02 9.580000000000000000e+02
2.370000000000000000e+02 1.021000000000000000e+03
3.000000000000000000e+02 1.072000000000000000e+03
3.700000000000000000e+02 1.110000000000000000e+03
4.460000000000000000e+02 1.118000000000000000e+03
5.210000000000000000e+02 1.103000000000000000e+03
5.870000000000000000e+02 1.066000000000000000e+03
6.450000000000000000e+02 1.016000000000000000e+03
6.880000000000000000e+02 9.540000000000000000e+02
7.120000000000000000e+02 8.800000000000000000e+02
7.310000000000000000e+02 8.020000000000000000e+02
7.470000000000000000e+02 7.220000000000000000e+02
7.580000000000000000e+02 6.380000000000000000e+02
1.740000000000000000e+02 5.840000000000000000e+02
2.180000000000000000e+02 5.450000000000000000e+02
2.790000000000000000e+02 5.370000000000000000e+02
3.420000000000000000e+02 5.430000000000000000e+02
4.070000000000000000e+02 5.590000000000000000e+02
4.730000000000000000e+02 5.640000000000000000e+02
5.350000000000000000e+02 5.450000000000000000e+02
5.990000000000000000e+02 5.370000000000000000e+02
6.610000000000000000e+02 5.470000000000000000e+02
7.070000000000000000e+02 5.870000000000000000e+02
4.410000000000000000e+02 6.140000000000000000e+02
4.420000000000000000e+02 6.620000000000000000e+02
4.420000000000000000e+02 7.100000000000000000e+02
4.420000000000000000e+02 7.600000000000000000e+02
3.860000000000000000e+02 8.070000000000000000e+02
4.130000000000000000e+02 8.170000000000000000e+02
4.410000000000000000e+02 8.260000000000000000e+02
4.710000000000000000e+02 8.160000000000000000e+02
4.980000000000000000e+02 8.060000000000000000e+02
2.460000000000000000e+02 6.290000000000000000e+02
2.790000000000000000e+02 6.050000000000000000e+02
3.240000000000000000e+02 6.050000000000000000e+02
3.580000000000000000e+02 6.360000000000000000e+02
3.200000000000000000e+02 6.500000000000000000e+02
2.760000000000000000e+02 6.500000000000000000e+02
5.240000000000000000e+02 6.370000000000000000e+02
5.580000000000000000e+02 6.060000000000000000e+02
6.020000000000000000e+02 6.050000000000000000e+02
6.350000000000000000e+02 6.300000000000000000e+02
6.040000000000000000e+02 6.500000000000000000e+02
5.610000000000000000e+02 6.500000000000000000e+02
3.300000000000000000e+02 9.220000000000000000e+02
3.700000000000000000e+02 9.010000000000000000e+02
4.080000000000000000e+02 8.880000000000000000e+02
4.390000000000000000e+02 8.960000000000000000e+02
4.690000000000000000e+02 8.880000000000000000e+02
5.080000000000000000e+02 9.000000000000000000e+02
5.500000000000000000e+02 9.200000000000000000e+02
5.080000000000000000e+02 9.410000000000000000e+02
4.710000000000000000e+02 9.480000000000000000e+02
4.400000000000000000e+02 9.500000000000000000e+02
4.080000000000000000e+02 9.490000000000000000e+02
3.700000000000000000e+02 9.410000000000000000e+02
3.470000000000000000e+02 9.230000000000000000e+02
4.070000000000000000e+02 9.130000000000000000e+02
4.380000000000000000e+02 9.150000000000000000e+02
4.690000000000000000e+02 9.120000000000000000e+02
5.340000000000000000e+02 9.210000000000000000e+02
4.710000000000000000e+02 9.160000000000000000e+02
4.400000000000000000e+02 9.200000000000000000e+02
4.090000000000000000e+02 9.180000000000000000e+02
