1.240000000000000000e+02 6.580000000000000000e+02
1.320000000000000000e+02 7.350000000000000000e+02
1.450000000000000000e+02 8.110000000000000000e+02
1.660000000000000000e+02 8.840000000000000000e+02
1.980000000000000000e+02 9.540000000000000000e+02
2.450000000000000000e+02 1.015000000000000000e+03
3.030000000000000000e+02 1.067000000000000000e+03
3.690000000000000000e+02 1.106000000000000000e+03
4.360000000000000000e+02 1.121000000000000000e+03
5.050000000000000000e+02 1.107000000000000000e+03
5.670000000000000000e+02 1.068000000000000000e+03
6.180000000000000000e+02 1.015000000000000000e+03
6.580000000000000000e+02 9.560000000000000000e+02
6.870000000000000000e+02 8.890000000000000000e+02
7.050000000000000000e+02 8.160000000000000000e+02
7.170000000000000000e+02 7.420000000000000000e+02
7.230000000000000000e+02 6.670000000000000000e+02
1.970000000000000000e+02 5.610000000000000000e+02
2.310000000000000000e+02 5.170000000000000000e+02
2.850000000000000000e+02 5.000000000000000000e+02
3.440000000000000000e+02 5.090000000000000000e+02
3.970000000000000000e+02 5.370000000000000000e+02
4.990000000000000000e+02 5.430000000000000000e+02
5.480000000000000000e+02 5.170000000000000000e+02
6.040000000000000000e+02 5.120000000000000000e+02
6.550000000000000000e+02 5.320000000000000000e+02
6.830000000000000000e+02 5.770000000000000000e+02
4.470000000000000000e+02 6.080000000000000000e+02
4.490000000000000000e+02 6.640000000000000000e+02
4.520000000000000000e+02 7.190000000000000000e+02
4.540000000000000000e+02 7.760000000000000000e+02
3.930000000000000000e+02 8.200000000000000000e+02
4.190000000000000000e+02 8.280000000000000000e+02
4.470000000000000000e+02 8.350000000000000000e+02
4.740000000000000000e+02 8.280000000000000000e+02
4.990000000000000000e+02 8.190000000000000000e+02
2.580000000000000000e+02 6.270000000000000000e+02
2.890000000000000000e+02 5.980000000000000000e+02
3.310000000000000000e+02 5.990000000000000000e+02
3.670000000000000000e+02 6.320000000000000000e+02
3.310000000000000000e+02 6.410000000000000000e+02
2.870000000000000000e+02 6.420000000000000000e+02
5.160000000000000000e+02 6.350000000000000000e+02
5.520000000000000000e+02 6.050000000000000000e+02
5.930000000000000000e+02 6.050000000000000000e+02
6.230000000000000000e+02 6.330000000000000000e+02
5.940000000000000000e+02 6.450000000000000000e+02
5.520000000000000000e+02 6.450000000000000000e+02
3.380000000000000000e+02 9.330000000000000000e+02
3.810000000000000000e+02 9.090000000000000000e+02
4.190000000000000000e+02 8.930000000000000000e+02
4.450000000000000000e+02 9.000000000000000000e+02
4.700000000000000000e+02 8.920000000000000000e+02
5.070000000000000000e+02 9.080000000000000000e+02
5.450000000000000000e+02 9.280000000000000000e+02
5.070000000000000000e+02 9.520000000000000000e+02
4.720000000000000000e+02 9.640000000000000000e+02
4.440000000000000000e+02 9.670000000000000000e+02
4.160000000000000000e+02 9.640000000000000000e+02
3.800000000000000000e+02 9.540000000000000000e+02
3.570000000000000000e+02 9.300000000000000000e+02
4.180000000000000000e+02 9.180000000000000000e+02
4.440000000000000000e+02 9.200000000000000000e+02
4.700000000000000000e+02 9.180000000000000000e+02
5.280000000000000000e+02 9.270000000000000000e+02
4.710000000000000000e+02 9.230000000000000000e+02
4.450000000000000000e+02 9.260000000000000000e+02
4.190000000000000000e+02 9.240000000000000000e+02
