1.050000000000000000e+02 6.530000000000000000e+02
1.140000000000000000e+02 7.380000000000000000e+02
1.270000000000000000e+02 8.200000000000000000e+02
1.460000000000000000e+02 8.960000000000000000e+02
1.740000000000000000e+02 9.670000000000000000e+02
2.260000000000000000e+02 1.021000000000000000e+03
2.950000000000000000e+02 1.058000000000000000e+03
3.690000000000000000e+02 1.085000000000000000e+03
4.460000000000000000e+02 1.092000000000000000e+03
5.220000000000000000e+02 1.083000000000000000e+03
5.880000000000000000e+02 1.056000000000000000e+03
6.460000000000000000e+02 1.014000000000000000e+03
6.870000000000000000e+02 9.570000000000000000e+02
7.080000000000000000e+02 8.880000000000000000e+02
7.230000000000000000e+02 8.120000000000000000e+02
7.340000000000000000e+02 7.340000000000000000e+02
7.400000000000000000e+02 6.540000000000000000e+02
1.700000000000000000e+02 5.890000000000000000e+02
2.090000000000000000e+02 5.420000000000000000e+02
2.700000000000000000e+02 5.210000000000000000e+02
3.340000000000000000e+02 5.220000000000000000e+02
3.940000000000000000e+02 5.440000000000000000e+02
4.900000000000000000e+02 5.460000000000000000e+02
5.500000000000000000e+02 5.300000000000000000e+02
6.130000000000000000e+02 5.310000000000000000e+02
6.710000000000000000e+02 5.600000000000000000e+02
7.030000000000000000e+02 6.110000000000000000e+02
4.450000000000000000e+02 6.100000000000000000e+02
4.480000000000000000e+02 6.650000000000000000e+02
4.520000000000000000e+02 7.180000000000000000e+02
4.550000000000000000e+02 7.730000000000000000e+02
3.840000000000000000e+02 8.130000000000000000e+02
4.170000000000000000e+02 8.220000000000000000e+02
4.520000000000000000e+02 8.290000000000000000e+02
4.830000000000000000e+02 8.220000000000000000e+02
5.120000000000000000e+02 8.130000000000000000e+02
2.420000000000000000e+02 6.290000000000000000e+02
2.770000000000000000e+02 6.070000000000000000e+02
3.200000000000000000e+02 6.060000000000000000e+02
3.600000000000000000e+02 6.350000000000000000e+02
3.200000000000000000e+02 6.440000000000000000e+02
2.760000000000000000e+02 6.440000000000000000e+02
5.190000000000000000e+02 6.390000000000000000e+02
5.580000000000000000e+02 6.130000000000000000e+02
6.000000000000000000e+02 6.160000000000000000e+02
6.330000000000000000e+02 6.390000000000000000e+02
6.010000000000000000e+02 6.520000000000000000e+02
5.580000000000000000e+02 6.490000000000000000e+02
3.370000000000000000e+02 9.170000000000000000e+02
3.820000000000000000e+02 9.000000000000000000e+02
4.200000000000000000e+02 8.920000000000000000e+02
4.480000000000000000e+02 8.990000000000000000e+02
4.760000000000000000e+02 8.920000000000000000e+02
5.110000000000000000e+02 9.010000000000000000e+02
5.500000000000000000e+02 9.190000000000000000e+02
5.120000000000000000e+02 9.340000000000000000e+02
4.780000000000000000e+02 9.410000000000000000e+02
4.480000000000000000e+02 9.440000000000000000e+02
4.190000000000000000e+02 9.410000000000000000e+02
3.800000000000000000e+02 9.340000000000000000e+02
3.520000000000000000e+02 9.150000000000000000e+02
4.180000000000000000e+02 9.120000000000000000e+02
4.480000000000000000e+02 9.150000000000000000e+02
4.770000000000000000e+02 9.120000000000000000e+02
5.370000000000000000e+02 9.160000000000000000e+02
4.770000000000000000e+02 9.110000000000000000e+02
4.480000000000000000e+02 9.150000000000000000e+02
4.190000000000000000e+02 9.120000000000000000e+02
