1.530000000000000000e+02 6.490000000000000000e+02
1.610000000000000000e+02 7.230000000000000000e+02
1.730000000000000000e+02 7.990000000000000000e+02
1.840000000000000000e+02 8.740000000000000000e+02
2.040000000000000000e+02 9.510000000000000000e+02
2.450000000000000000e+02 1.018000000000000000e+03
3.020000000000000000e+02 1.074000000000000000e+03
3.680000000000000000e+02 1.116000000000000000e+03
4.410000000000000000e+02 1.128000000000000000e+03
5.160000000000000000e+02 1.117000000000000000e+03
5.830000000000000000e+02 1.078000000000000000e+03
6.410000000000000000e+02 1.024000000000000000e+03
6.870000000000000000e+02 9.610000000000000000e+02
7.090000000000000000e+02 8.850000000000000000e+02
7.190000000000000000e+02 8.030000000000000000e+02
7.290000000000000000e+02 7.190000000000000000e+02
7.350000000000000000e+02 6.370000000000000000e+02
1.880000000000000000e+02 5.930000000000000000e+02
2.200000000000000000e+02 5.480000000000000000e+02
2.760000000000000000e+02 5.300000000000000000e+02
3.350000000000000000e+02 5.330000000000000000e+02
3.920000000000000000e+02 5.530000000000000000e+02
4.740000000000000000e+02 5.470000000000000000e+02
5.320000000000000000e+02 5.250000000000000000e+02
5.960000000000000000e+02 5.190000000000000000e+02
6.560000000000000000e+02 5.380000000000000000e+02
6.930000000000000000e+02 5.860000000000000000e+02
4.320000000000000000e+02 6.080000000000000000e+02
4.310000000000000000e+02 6.620000000000000000e+02
4.310000000000000000e+02 7.150000000000000000e+02
4.300000000000000000e+02 7.700000000000000000e+02
3.800000000000000000e+02 8.170000000000000000e+02
4.070000000000000000e+02 8.210000000000000000e+02
4.360000000000000000e+02 8.250000000000000000e+02
4.650000000000000000e+02 8.180000000000000000e+02
4.950000000000000000e+02 8.120000000000000000e+02
2.570000000000000000e+02 6.240000000000000000e+02
2.870000000000000000e+02 6.050000000000000000e+02
3.260000000000000000e+02 6.030000000000000000e+02
3.620000000000000000e+02 6.270000000000000000e+02
3.250000000000000000e+02 6.380000000000000000e+02
2.850000000000000000e+02 6.390000000000000000e+02
5.150000000000000000e+02 6.220000000000000000e+02
5.500000000000000000e+02 5.950000000000000000e+02
5.910000000000000000e+02 5.940000000000000000e+02
6.250000000000000000e+02 6.130000000000000000e+02
5.940000000000000000e+02 6.300000000000000000e+02
5.530000000000000000e+02 6.300000000000000000e+02
3.300000000000000000e+02 9.140000000000000000e+02
3.700000000000000000e+02 8.990000000000000000e+02
4.080000000000000000e+02 8.890000000000000000e+02
4.410000000000000000e+02 9.000000000000000000e+02
4.720000000000000000e+02 8.900000000000000000e+02
5.140000000000000000e+02 9.000000000000000000e+02
5.550000000000000000e+02 9.150000000000000000e+02
5.140000000000000000e+02 9.390000000000000000e+02
4.750000000000000000e+02 9.500000000000000000e+02
4.420000000000000000e+02 9.520000000000000000e+02
4.070000000000000000e+02 9.470000000000000000e+02
3.690000000000000000e+02 9.330000000000000000e+02
3.430000000000000000e+02 9.130000000000000000e+02
4.070000000000000000e+02 9.140000000000000000e+02
4.410000000000000000e+02 9.200000000000000000e+02
4.730000000000000000e+02 9.150000000000000000e+02
5.420000000000000000e+02 9.160000000000000000e+02
4.730000000000000000e+02 9.160000000000000000e+02
4.410000000000000000e+02 9.200000000000000000e+02
4.080000000000000000e+02 9.140000000000000000e+02
