1.370000000000000000e+02 6.610000000000000000e+02
1.450000000000000000e+02 7.380000000000000000e+02
1.570000000000000000e+02 8.150000000000000000e+02
1.720000000000000000e+02 8.880000000000000000e+02
1.970000000000000000e+02 9.580000000000000000e+02
2.420000000000000000e+02 1.015000000000000000e+03
3.020000000000000000e+02 1.066000000000000000e+03
3.700000000000000000e+02 1.105000000000000000e+03
4.470000000000000000e+02 1.113000000000000000e+03
5.220000000000000000e+02 1.100000000000000000e+03
5.850000000000000000e+02 1.062000000000000000e+03
6.410000000000000000e+02 1.012000000000000000e+03
6.860000000000000000e+02 9.550000000000000000e+02
7.070000000000000000e+02 8.870000000000000000e+02
7.220000000000000000e+02 8.120000000000000000e+02
7.330000000000000000e+02 7.370000000000000000e+02
7.400000000000000000e+02 6.590000000000000000e+02
1.750000000000000000e+02 5.770000000000000000e+02
2.140000000000000000e+02 5.350000000000000000e+02
2.760000000000000000e+02 5.230000000000000000e+02
3.380000000000000000e+02 5.330000000000000000e+02
3.990000000000000000e+02 5.550000000000000000e+02
4.790000000000000000e+02 5.540000000000000000e+02
5.400000000000000000e+02 5.360000000000000000e+02
6.020000000000000000e+02 5.280000000000000000e+02
6.620000000000000000e+02 5.400000000000000000e+02
7.000000000000000000e+02 5.860000000000000000e+02
4.400000000000000000e+02 6.060000000000000000e+02
4.410000000000000000e+02 6.570000000000000000e+02
4.410000000000000000e+02 7.090000000000000000e+02
4.420000000000000000e+02 7.630000000000000000e+02
3.840000000000000000e+02 8.140000000000000000e+02
4.110000000000000000e+02 8.210000000000000000e+02
4.390000000000000000e+02 8.280000000000000000e+02
4.660000000000000000e+02 8.200000000000000000e+02
4.930000000000000000e+02 8.120000000000000000e+02
2.390000000000000000e+02 6.280000000000000000e+02
2.700000000000000000e+02 6.030000000000000000e+02
3.140000000000000000e+02 5.990000000000000000e+02
3.530000000000000000e+02 6.270000000000000000e+02
3.130000000000000000e+02 6.370000000000000000e+02
2.700000000000000000e+02 6.410000000000000000e+02
5.180000000000000000e+02 6.290000000000000000e+02
5.570000000000000000e+02 6.030000000000000000e+02
6.010000000000000000e+02 6.050000000000000000e+02
6.330000000000000000e+02 6.310000000000000000e+02
6.010000000000000000e+02 6.430000000000000000e+02
5.580000000000000000e+02 6.400000000000000000e+02
3.260000000000000000e+02 9.200000000000000000e+02
3.640000000000000000e+02 9.000000000000000000e+02
4.050000000000000000e+02 8.870000000000000000e+02
4.370000000000000000e+02 8.960000000000000000e+02
4.670000000000000000e+02 8.860000000000000000e+02
5.070000000000000000e+02 8.980000000000000000e+02
5.480000000000000000e+02 9.170000000000000000e+02
5.070000000000000000e+02 9.410000000000000000e+02
4.700000000000000000e+02 9.530000000000000000e+02
4.380000000000000000e+02 9.560000000000000000e+02
4.040000000000000000e+02 9.540000000000000000e+02
3.650000000000000000e+02 9.430000000000000000e+02
3.410000000000000000e+02 9.190000000000000000e+02
4.040000000000000000e+02 9.130000000000000000e+02
4.360000000000000000e+02 9.160000000000000000e+02
4.670000000000000000e+02 9.130000000000000000e+02
5.320000000000000000e+02 9.180000000000000000e+02
4.690000000000000000e+02 9.150000000000000000e+02
4.380000000000000000e+02 9.180000000000000000e+02
4.060000000000000000e+02 9.150000000000000000e+02
