1.230000000000000000e+02 6.470000000000000000e+02
1.320000000000000000e+02 7.330000000000000000e+02
1.430000000000000000e+02 8.170000000000000000e+02
1.600000000000000000e+02 8.940000000000000000e+02
1.860000000000000000e+02 9.690000000000000000e+02
2.300000000000000000e+02 1.030000000000000000e+03
2.910000000000000000e+02 1.077000000000000000e+03
3.630000000000000000e+02 1.109000000000000000e+03
4.400000000000000000e+02 1.115000000000000000e+03
5.190000000000000000e+02 1.102000000000000000e+03
5.890000000000000000e+02 1.068000000000000000e+03
6.480000000000000000e+02 1.019000000000000000e+03
6.900000000000000000e+02 9.560000000000000000e+02
7.140000000000000000e+02 8.840000000000000000e+02
7.300000000000000000e+02 8.090000000000000000e+02
7.420000000000000000e+02 7.260000000000000000e+02
7.500000000000000000e+02 6.400000000000000000e+02
1.950000000000000000e+02 5.840000000000000000e+02
2.300000000000000000e+02 5.440000000000000000e+02
2.840000000000000000e+02 5.310000000000000000e+02
3.420000000000000000e+02 5.360000000000000000e+02
3.970000000000000000e+02 5.550000000000000000e+02
4.850000000000000000e+02 5.510000000000000000e+02
5.400000000000000000e+02 5.270000000000000000e+02
6.000000000000000000e+02 5.190000000000000000e+02
6.580000000000000000e+02 5.370000000000000000e+02
6.910000000000000000e+02 5.830000000000000000e+02
4.400000000000000000e+02 6.010000000000000000e+02
4.380000000000000000e+02 6.560000000000000000e+02
4.350000000000000000e+02 7.090000000000000000e+02
4.330000000000000000e+02 7.640000000000000000e+02
3.790000000000000000e+02 8.100000000000000000e+02
4.050000000000000000e+02 8.180000000000000000e+02
4.340000000000000000e+02 8.250000000000000000e+02
4.640000000000000000e+02 8.170000000000000000e+02
4.930000000000000000e+02 8.070000000000000000e+02
2.620000000000000000e+02 6.280000000000000000e+02
2.930000000000000000e+02 6.070000000000000000e+02
3.310000000000000000e+02 6.050000000000000000e+02
3.670000000000000000e+02 6.290000000000000000e+02
3.310000000000000000e+02 6.390000000000000000e+02
2.920000000000000000e+02 6.420000000000000000e+02
5.150000000000000000e+02 6.280000000000000000e+02
5.520000000000000000e+02 6.060000000000000000e+02
5.910000000000000000e+02 6.070000000000000000e+02
6.240000000000000000e+02 6.240000000000000000e+02
5.920000000000000000e+02 6.380000000000000000e+02
5.520000000000000000e+02 6.370000000000000000e+02
3.240000000000000000e+02 9.240000000000000000e+02
3.650000000000000000e+02 9.040000000000000000e+02
4.030000000000000000e+02 8.930000000000000000e+02
4.360000000000000000e+02 8.990000000000000000e+02
4.670000000000000000e+02 8.910000000000000000e+02
5.060000000000000000e+02 8.980000000000000000e+02
5.520000000000000000e+02 9.110000000000000000e+02
5.100000000000000000e+02 9.350000000000000000e+02
4.740000000000000000e+02 9.450000000000000000e+02
4.410000000000000000e+02 9.490000000000000000e+02
4.060000000000000000e+02 9.470000000000000000e+02
3.670000000000000000e+02 9.380000000000000000e+02
3.410000000000000000e+02 9.220000000000000000e+02
4.030000000000000000e+02 9.110000000000000000e+02
4.360000000000000000e+02 9.120000000000000000e+02
4.690000000000000000e+02 9.080000000000000000e+02
5.350000000000000000e+02 9.120000000000000000e+02
4.720000000000000000e+02 9.140000000000000000e+02
4.390000000000000000e+02 9.190000000000000000e+02
4.060000000000000000e+02 9.170000000000000000e+02
