1.580000000000000000e+02 6.550000000000000000e+02
1.650000000000000000e+02 7.300000000000000000e+02
1.760000000000000000e+02 8.030000000000000000e+02
1.870000000000000000e+02 8.780000000000000000e+02
2.060000000000000000e+02 9.540000000000000000e+02
2.480000000000000000e+02 1.016000000000000000e+03
3.050000000000000000e+02 1.074000000000000000e+03
3.700000000000000000e+02 1.122000000000000000e+03
4.430000000000000000e+02 1.135000000000000000e+03
5.210000000000000000e+02 1.121000000000000000e+03
5.890000000000000000e+02 1.076000000000000000e+03
6.480000000000000000e+02 1.018000000000000000e+03
6.940000000000000000e+02 9.520000000000000000e+02
7.160000000000000000e+02 8.760000000000000000e+02
7.300000000000000000e+02 7.930000000000000000e+02
7.400000000000000000e+02 7.100000000000000000e+02
7.410000000000000000e+02 6.270000000000000000e+02
1.920000000000000000e+02 5.940000000000000000e+02
2.250000000000000000e+02 5.530000000000000000e+02
2.780000000000000000e+02 5.390000000000000000e+02
3.370000000000000000e+02 5.410000000000000000e+02
3.950000000000000000e+02 5.600000000000000000e+02
4.820000000000000000e+02 5.550000000000000000e+02
5.360000000000000000e+02 5.320000000000000000e+02
5.940000000000000000e+02 5.250000000000000000e+02
6.490000000000000000e+02 5.380000000000000000e+02
6.860000000000000000e+02 5.780000000000000000e+02
4.390000000000000000e+02 6.100000000000000000e+02
4.400000000000000000e+02 6.670000000000000000e+02
4.390000000000000000e+02 7.240000000000000000e+02
4.390000000000000000e+02 7.810000000000000000e+02
3.830000000000000000e+02 8.140000000000000000e+02
4.100000000000000000e+02 8.250000000000000000e+02
4.390000000000000000e+02 8.350000000000000000e+02
4.690000000000000000e+02 8.250000000000000000e+02
4.970000000000000000e+02 8.140000000000000000e+02
2.570000000000000000e+02 6.270000000000000000e+02
2.870000000000000000e+02 6.020000000000000000e+02
3.290000000000000000e+02 5.990000000000000000e+02
3.630000000000000000e+02 6.280000000000000000e+02
3.270000000000000000e+02 6.370000000000000000e+02
2.860000000000000000e+02 6.390000000000000000e+02
5.160000000000000000e+02 6.240000000000000000e+02
5.530000000000000000e+02 5.950000000000000000e+02
5.950000000000000000e+02 5.930000000000000000e+02
6.270000000000000000e+02 6.160000000000000000e+02
5.980000000000000000e+02 6.310000000000000000e+02
5.560000000000000000e+02 6.310000000000000000e+02
3.230000000000000000e+02 9.100000000000000000e+02
3.630000000000000000e+02 9.010000000000000000e+02
4.030000000000000000e+02 8.940000000000000000e+02
4.360000000000000000e+02 9.030000000000000000e+02
4.680000000000000000e+02 8.940000000000000000e+02
5.110000000000000000e+02 9.030000000000000000e+02
5.570000000000000000e+02 9.130000000000000000e+02
5.120000000000000000e+02 9.440000000000000000e+02
4.710000000000000000e+02 9.580000000000000000e+02
4.380000000000000000e+02 9.600000000000000000e+02
4.030000000000000000e+02 9.550000000000000000e+02
3.640000000000000000e+02 9.380000000000000000e+02
3.410000000000000000e+02 9.130000000000000000e+02
4.030000000000000000e+02 9.160000000000000000e+02
4.360000000000000000e+02 9.210000000000000000e+02
4.680000000000000000e+02 9.180000000000000000e+02
5.410000000000000000e+02 9.170000000000000000e+02
4.690000000000000000e+02 9.200000000000000000e+02
4.370000000000000000e+02 9.240000000000000000e+02
4.040000000000000000e+02 9.180000000000000000e+02
