1.360000000000000000e+02 6.490000000000000000e+02
1.490000000000000000e+02 7.330000000000000000e+02
1.670000000000000000e+02 8.140000000000000000e+02
1.780000000000000000e+02 8.930000000000000000e+02
1.970000000000000000e+02 9.680000000000000000e+02
2.350000000000000000e+02 1.029000000000000000e+03
2.940000000000000000e+02 1.075000000000000000e+03
3.630000000000000000e+02 1.107000000000000000e+03
4.430000000000000000e+02 1.118000000000000000e+03
5.270000000000000000e+02 1.112000000000000000e+03
5.990000000000000000e+02 1.081000000000000000e+03
6.590000000000000000e+02 1.036000000000000000e+03
6.980000000000000000e+02 9.730000000000000000e+02
7.200000000000000000e+02 8.970000000000000000e+02
7.340000000000000000e+02 8.160000000000000000e+02
7.550000000000000000e+02 7.340000000000000000e+02
7.710000000000000000e+02 6.480000000000000000e+02
1.750000000000000000e+02 5.750000000000000000e+02
2.120000000000000000e+02 5.340000000000000000e+02
2.690000000000000000e+02 5.220000000000000000e+02
3.270000000000000000e+02 5.310000000000000000e+02
3.860000000000000000e+02 5.520000000000000000e+02
4.910000000000000000e+02 5.500000000000000000e+02
5.530000000000000000e+02 5.300000000000000000e+02
6.140000000000000000e+02 5.210000000000000000e+02
6.740000000000000000e+02 5.320000000000000000e+02
7.150000000000000000e+02 5.730000000000000000e+02
4.360000000000000000e+02 6.150000000000000000e+02
4.330000000000000000e+02 6.640000000000000000e+02
4.300000000000000000e+02 7.130000000000000000e+02
4.260000000000000000e+02 7.640000000000000000e+02
3.830000000000000000e+02 8.080000000000000000e+02
4.050000000000000000e+02 8.170000000000000000e+02
4.310000000000000000e+02 8.220000000000000000e+02
4.580000000000000000e+02 8.150000000000000000e+02
4.850000000000000000e+02 8.070000000000000000e+02
2.500000000000000000e+02 6.390000000000000000e+02
2.830000000000000000e+02 6.050000000000000000e+02
3.290000000000000000e+02 6.040000000000000000e+02
3.680000000000000000e+02 6.410000000000000000e+02
3.270000000000000000e+02 6.540000000000000000e+02
2.810000000000000000e+02 6.560000000000000000e+02
5.170000000000000000e+02 6.400000000000000000e+02
5.560000000000000000e+02 6.040000000000000000e+02
6.030000000000000000e+02 6.040000000000000000e+02
6.360000000000000000e+02 6.380000000000000000e+02
6.050000000000000000e+02 6.550000000000000000e+02
5.570000000000000000e+02 6.530000000000000000e+02
3.270000000000000000e+02 9.170000000000000000e+02
3.720000000000000000e+02 8.940000000000000000e+02
4.110000000000000000e+02 8.810000000000000000e+02
4.380000000000000000e+02 8.870000000000000000e+02
4.650000000000000000e+02 8.800000000000000000e+02
5.080000000000000000e+02 8.930000000000000000e+02
5.570000000000000000e+02 9.180000000000000000e+02
5.080000000000000000e+02 9.360000000000000000e+02
4.670000000000000000e+02 9.450000000000000000e+02
4.370000000000000000e+02 9.470000000000000000e+02
4.080000000000000000e+02 9.450000000000000000e+02
3.700000000000000000e+02 9.370000000000000000e+02
3.490000000000000000e+02 9.180000000000000000e+02
4.100000000000000000e+02 9.090000000000000000e+02
4.380000000000000000e+02 9.100000000000000000e+02
4.660000000000000000e+02 9.090000000000000000e+02
5.360000000000000000e+02 9.180000000000000000e+02
4.650000000000000000e+02 9.090000000000000000e+02
4.370000000000000000e+02 9.120000000000000000e+02
4.100000000000000000e+02 9.100000000000000000e+02
