1.320000000000000000e+02 6.120000000000000000e+02
1.390000000000000000e+02 6.970000000000000000e+02
1.530000000000000000e+02 7.800000000000000000e+02
1.690000000000000000e+02 8.620000000000000000e+02
1.950000000000000000e+02 9.390000000000000000e+02
2.410000000000000000e+02 1.006000000000000000e+03
2.980000000000000000e+02 1.061000000000000000e+03
3.640000000000000000e+02 1.103000000000000000e+03
4.400000000000000000e+02 1.115000000000000000e+03
5.140000000000000000e+02 1.104000000000000000e+03
5.780000000000000000e+02 1.063000000000000000e+03
6.350000000000000000e+02 1.010000000000000000e+03
6.810000000000000000e+02 9.440000000000000000e+02
7.040000000000000000e+02 8.650000000000000000e+02
7.160000000000000000e+02 7.820000000000000000e+02
7.290000000000000000e+02 6.990000000000000000e+02
7.350000000000000000e+02 6.160000000000000000e+02
1.860000000000000000e+02 5.870000000000000000e+02
2.270000000000000000e+02 5.530000000000000000e+02
2.830000000000000000e+02 5.420000000000000000e+02
3.410000000000000000e+02 5.450000000000000000e+02
3.980000000000000000e+02 5.590000000000000000e+02
4.870000000000000000e+02 5.580000000000000000e+02
5.440000000000000000e+02 5.450000000000000000e+02
6.000000000000000000e+02 5.440000000000000000e+02
6.540000000000000000e+02 5.550000000000000000e+02
6.890000000000000000e+02 5.890000000000000000e+02
4.430000000000000000e+02 6.210000000000000000e+02
4.430000000000000000e+02 6.830000000000000000e+02
4.430000000000000000e+02 7.450000000000000000e+02
4.430000000000000000e+02 8.070000000000000000e+02
3.860000000000000000e+02 8.350000000000000000e+02
4.130000000000000000e+02 8.450000000000000000e+02
4.430000000000000000e+02 8.540000000000000000e+02
4.730000000000000000e+02 8.430000000000000000e+02
5.010000000000000000e+02 8.310000000000000000e+02
2.600000000000000000e+02 6.190000000000000000e+02
2.920000000000000000e+02 6.000000000000000000e+02
3.330000000000000000e+02 6.000000000000000000e+02
3.650000000000000000e+02 6.280000000000000000e+02
3.300000000000000000e+02 6.360000000000000000e+02
2.890000000000000000e+02 6.370000000000000000e+02
5.180000000000000000e+02 6.300000000000000000e+02
5.490000000000000000e+02 6.000000000000000000e+02
5.880000000000000000e+02 6.000000000000000000e+02
6.200000000000000000e+02 6.190000000000000000e+02
5.910000000000000000e+02 6.370000000000000000e+02
5.520000000000000000e+02 6.370000000000000000e+02
3.290000000000000000e+02 9.180000000000000000e+02
3.730000000000000000e+02 9.140000000000000000e+02
4.150000000000000000e+02 9.040000000000000000e+02
4.450000000000000000e+02 9.110000000000000000e+02
4.760000000000000000e+02 9.020000000000000000e+02
5.150000000000000000e+02 9.060000000000000000e+02
5.560000000000000000e+02 9.090000000000000000e+02
5.180000000000000000e+02 9.320000000000000000e+02
4.810000000000000000e+02 9.440000000000000000e+02
4.480000000000000000e+02 9.490000000000000000e+02
4.170000000000000000e+02 9.500000000000000000e+02
3.760000000000000000e+02 9.410000000000000000e+02
3.450000000000000000e+02 9.230000000000000000e+02
4.150000000000000000e+02 9.270000000000000000e+02
4.450000000000000000e+02 9.290000000000000000e+02
4.770000000000000000e+02 9.230000000000000000e+02
5.400000000000000000e+02 9.130000000000000000e+02
4.790000000000000000e+02 9.180000000000000000e+02
4.470000000000000000e+02 9.250000000000000000e+02
4.170000000000000000e+02 9.230000000000000000e+02
