1.190000000000000000e+02 6.500000000000000000e+02
1.280000000000000000e+02 7.340000000000000000e+02
1.450000000000000000e+02 8.140000000000000000e+02
1.600000000000000000e+02 8.930000000000000000e+02
1.860000000000000000e+02 9.690000000000000000e+02
2.320000000000000000e+02 1.032000000000000000e+03
2.990000000000000000e+02 1.077000000000000000e+03
3.700000000000000000e+02 1.111000000000000000e+03
4.420000000000000000e+02 1.120000000000000000e+03
5.160000000000000000e+02 1.105000000000000000e+03
5.890000000000000000e+02 1.067000000000000000e+03
6.580000000000000000e+02 1.020000000000000000e+03
7.050000000000000000e+02 9.550000000000000000e+02
7.270000000000000000e+02 8.760000000000000000e+02
7.410000000000000000e+02 7.940000000000000000e+02
7.540000000000000000e+02 7.120000000000000000e+02
7.610000000000000000e+02 6.290000000000000000e+02
1.920000000000000000e+02 5.770000000000000000e+02
2.310000000000000000e+02 5.430000000000000000e+02
2.840000000000000000e+02 5.300000000000000000e+02
3.370000000000000000e+02 5.390000000000000000e+02
3.890000000000000000e+02 5.590000000000000000e+02
4.950000000000000000e+02 5.580000000000000000e+02
5.460000000000000000e+02 5.360000000000000000e+02
5.980000000000000000e+02 5.230000000000000000e+02
6.500000000000000000e+02 5.320000000000000000e+02
6.890000000000000000e+02 5.640000000000000000e+02
4.430000000000000000e+02 6.160000000000000000e+02
4.450000000000000000e+02 6.690000000000000000e+02
4.460000000000000000e+02 7.210000000000000000e+02
4.480000000000000000e+02 7.750000000000000000e+02
3.930000000000000000e+02 8.190000000000000000e+02
4.200000000000000000e+02 8.270000000000000000e+02
4.480000000000000000e+02 8.330000000000000000e+02
4.750000000000000000e+02 8.250000000000000000e+02
4.980000000000000000e+02 8.150000000000000000e+02
2.650000000000000000e+02 6.370000000000000000e+02
2.960000000000000000e+02 6.160000000000000000e+02
3.330000000000000000e+02 6.140000000000000000e+02
3.660000000000000000e+02 6.380000000000000000e+02
3.320000000000000000e+02 6.470000000000000000e+02
2.950000000000000000e+02 6.490000000000000000e+02
5.180000000000000000e+02 6.340000000000000000e+02
5.510000000000000000e+02 6.090000000000000000e+02
5.880000000000000000e+02 6.070000000000000000e+02
6.200000000000000000e+02 6.250000000000000000e+02
5.900000000000000000e+02 6.390000000000000000e+02
5.530000000000000000e+02 6.390000000000000000e+02
3.250000000000000000e+02 9.230000000000000000e+02
3.750000000000000000e+02 9.030000000000000000e+02
4.170000000000000000e+02 8.900000000000000000e+02
4.440000000000000000e+02 8.950000000000000000e+02
4.710000000000000000e+02 8.880000000000000000e+02
5.080000000000000000e+02 8.960000000000000000e+02
5.510000000000000000e+02 9.180000000000000000e+02
5.090000000000000000e+02 9.360000000000000000e+02
4.730000000000000000e+02 9.450000000000000000e+02
4.440000000000000000e+02 9.480000000000000000e+02
4.150000000000000000e+02 9.470000000000000000e+02
3.750000000000000000e+02 9.420000000000000000e+02
3.440000000000000000e+02 9.230000000000000000e+02
4.170000000000000000e+02 9.170000000000000000e+02
4.440000000000000000e+02 9.180000000000000000e+02
4.720000000000000000e+02 9.140000000000000000e+02
5.330000000000000000e+02 9.170000000000000000e+02
4.710000000000000000e+02 9.120000000000000000e+02
4.440000000000000000e+02 9.160000000000000000e+02
4.160000000000000000e+02 9.150000000000000000e+02
