1.250000000000000000e+02 6.620000000000000000e+02
1.330000000000000000e+02 7.440000000000000000e+02
1.470000000000000000e+02 8.270000000000000000e+02
1.630000000000000000e+02 9.060000000000000000e+02
1.870000000000000000e+02 9.820000000000000000e+02
2.310000000000000000e+02 1.047000000000000000e+03
2.930000000000000000e+02 1.096000000000000000e+03
3.660000000000000000e+02 1.127000000000000000e+03
4.490000000000000000e+02 1.136000000000000000e+03
5.300000000000000000e+02 1.120000000000000000e+03
6.010000000000000000e+02 1.081000000000000000e+03
6.560000000000000000e+02 1.026000000000000000e+03
6.910000000000000000e+02 9.550000000000000000e+02
7.080000000000000000e+02 8.800000000000000000e+02
7.180000000000000000e+02 8.060000000000000000e+02
7.290000000000000000e+02 7.290000000000000000e+02
7.350000000000000000e+02 6.510000000000000000e+02
1.970000000000000000e+02 5.910000000000000000e+02
2.340000000000000000e+02 5.530000000000000000e+02
2.860000000000000000e+02 5.400000000000000000e+02
3.420000000000000000e+02 5.440000000000000000e+02
3.960000000000000000e+02 5.600000000000000000e+02
4.860000000000000000e+02 5.660000000000000000e+02
5.410000000000000000e+02 5.500000000000000000e+02
5.990000000000000000e+02 5.410000000000000000e+02
6.550000000000000000e+02 5.530000000000000000e+02
6.880000000000000000e+02 5.950000000000000000e+02
4.450000000000000000e+02 6.000000000000000000e+02
4.450000000000000000e+02 6.500000000000000000e+02
4.450000000000000000e+02 6.990000000000000000e+02
4.460000000000000000e+02 7.510000000000000000e+02
3.810000000000000000e+02 7.930000000000000000e+02
4.110000000000000000e+02 8.030000000000000000e+02
4.430000000000000000e+02 8.100000000000000000e+02
4.780000000000000000e+02 8.040000000000000000e+02
5.080000000000000000e+02 7.930000000000000000e+02
2.590000000000000000e+02 6.230000000000000000e+02
2.910000000000000000e+02 6.010000000000000000e+02
3.280000000000000000e+02 5.990000000000000000e+02
3.650000000000000000e+02 6.230000000000000000e+02
3.280000000000000000e+02 6.290000000000000000e+02
2.900000000000000000e+02 6.310000000000000000e+02
5.150000000000000000e+02 6.220000000000000000e+02
5.520000000000000000e+02 5.970000000000000000e+02
5.910000000000000000e+02 5.980000000000000000e+02
6.230000000000000000e+02 6.200000000000000000e+02
5.910000000000000000e+02 6.300000000000000000e+02
5.510000000000000000e+02 6.280000000000000000e+02
3.230000000000000000e+02 9.140000000000000000e+02
3.680000000000000000e+02 8.930000000000000000e+02
4.090000000000000000e+02 8.790000000000000000e+02
4.420000000000000000e+02 8.860000000000000000e+02
4.740000000000000000e+02 8.770000000000000000e+02
5.140000000000000000e+02 8.890000000000000000e+02
5.580000000000000000e+02 9.080000000000000000e+02
5.180000000000000000e+02 9.340000000000000000e+02
4.800000000000000000e+02 9.460000000000000000e+02
4.460000000000000000e+02 9.490000000000000000e+02
4.110000000000000000e+02 9.470000000000000000e+02
3.700000000000000000e+02 9.350000000000000000e+02
3.410000000000000000e+02 9.140000000000000000e+02
4.090000000000000000e+02 9.050000000000000000e+02
4.420000000000000000e+02 9.070000000000000000e+02
4.750000000000000000e+02 9.030000000000000000e+02
5.400000000000000000e+02 9.080000000000000000e+02
4.770000000000000000e+02 9.110000000000000000e+02
4.450000000000000000e+02 9.140000000000000000e+02
4.120000000000000000e+02 9.120000000000000000e+02
