1.270000000000000000e+02 6.400000000000000000e+02
1.350000000000000000e+02 7.170000000000000000e+02
1.490000000000000000e+02 7.920000000000000000e+02
1.640000000000000000e+02 8.660000000000000000e+02
1.890000000000000000e+02 9.380000000000000000e+02
2.350000000000000000e+02 1.001000000000000000e+03
2.950000000000000000e+02 1.053000000000000000e+03
3.640000000000000000e+02 1.095000000000000000e+03
4.400000000000000000e+02 1.108000000000000000e+03
5.160000000000000000e+02 1.095000000000000000e+03
5.810000000000000000e+02 1.052000000000000000e+03
6.380000000000000000e+02 1.000000000000000000e+03
6.800000000000000000e+02 9.360000000000000000e+02
7.040000000000000000e+02 8.630000000000000000e+02
7.170000000000000000e+02 7.870000000000000000e+02
7.290000000000000000e+02 7.100000000000000000e+02
7.340000000000000000e+02 6.330000000000000000e+02
1.930000000000000000e+02 5.820000000000000000e+02
2.370000000000000000e+02 5.560000000000000000e+02
2.890000000000000000e+02 5.470000000000000000e+02
3.430000000000000000e+02 5.500000000000000000e+02
3.930000000000000000e+02 5.670000000000000000e+02
4.890000000000000000e+02 5.640000000000000000e+02
5.400000000000000000e+02 5.450000000000000000e+02
5.930000000000000000e+02 5.420000000000000000e+02
6.440000000000000000e+02 5.530000000000000000e+02
6.840000000000000000e+02 5.800000000000000000e+02
4.440000000000000000e+02 6.170000000000000000e+02
4.470000000000000000e+02 6.650000000000000000e+02
4.490000000000000000e+02 7.140000000000000000e+02
4.510000000000000000e+02 7.650000000000000000e+02
3.970000000000000000e+02 8.130000000000000000e+02
4.210000000000000000e+02 8.210000000000000000e+02
4.480000000000000000e+02 8.270000000000000000e+02
4.740000000000000000e+02 8.200000000000000000e+02
4.960000000000000000e+02 8.110000000000000000e+02
2.540000000000000000e+02 6.230000000000000000e+02
2.860000000000000000e+02 5.930000000000000000e+02
3.300000000000000000e+02 5.930000000000000000e+02
3.660000000000000000e+02 6.300000000000000000e+02
3.280000000000000000e+02 6.400000000000000000e+02
2.840000000000000000e+02 6.410000000000000000e+02
5.140000000000000000e+02 6.280000000000000000e+02
5.490000000000000000e+02 5.900000000000000000e+02
5.930000000000000000e+02 5.890000000000000000e+02
6.250000000000000000e+02 6.190000000000000000e+02
5.960000000000000000e+02 6.390000000000000000e+02
5.530000000000000000e+02 6.380000000000000000e+02
3.300000000000000000e+02 9.240000000000000000e+02
3.710000000000000000e+02 9.040000000000000000e+02
4.160000000000000000e+02 8.900000000000000000e+02
4.430000000000000000e+02 8.980000000000000000e+02
4.710000000000000000e+02 8.900000000000000000e+02
5.140000000000000000e+02 9.050000000000000000e+02
5.570000000000000000e+02 9.250000000000000000e+02
5.160000000000000000e+02 9.590000000000000000e+02
4.740000000000000000e+02 9.730000000000000000e+02
4.440000000000000000e+02 9.760000000000000000e+02
4.130000000000000000e+02 9.730000000000000000e+02
3.700000000000000000e+02 9.580000000000000000e+02
3.480000000000000000e+02 9.250000000000000000e+02
4.150000000000000000e+02 9.280000000000000000e+02
4.430000000000000000e+02 9.300000000000000000e+02
4.720000000000000000e+02 9.280000000000000000e+02
5.390000000000000000e+02 9.270000000000000000e+02
4.720000000000000000e+02 9.300000000000000000e+02
4.430000000000000000e+02 9.320000000000000000e+02
4.150000000000000000e+02 9.300000000000000000e+02
