1.380000000000000000e+02 6.300000000000000000e+02
1.450000000000000000e+02 7.110000000000000000e+02
1.560000000000000000e+02 7.870000000000000000e+02
1.680000000000000000e+02 8.650000000000000000e+02
1.930000000000000000e+02 9.350000000000000000e+02
2.330000000000000000e+02 9.950000000000000000e+02
2.910000000000000000e+02 1.045000000000000000e+03
3.630000000000000000e+02 1.083000000000000000e+03
4.380000000000000000e+02 1.097000000000000000e+03
5.170000000000000000e+02 1.090000000000000000e+03
5.920000000000000000e+02 1.059000000000000000e+03
6.550000000000000000e+02 1.011000000000000000e+03
6.990000000000000000e+02 9.480000000000000000e+02
7.250000000000000000e+02 8.760000000000000000e+02
7.400000000000000000e+02 7.960000000000000000e+02
7.550000000000000000e+02 7.140000000000000000e+02
7.630000000000000000e+02 6.290000000000000000e+02
1.810000000000000000e+02 5.780000000000000000e+02
2.160000000000000000e+02 5.380000000000000000e+02
2.730000000000000000e+02 5.220000000000000000e+02
3.270000000000000000e+02 5.310000000000000000e+02
3.800000000000000000e+02 5.540000000000000000e+02
4.860000000000000000e+02 5.490000000000000000e+02
5.420000000000000000e+02 5.220000000000000000e+02
6.040000000000000000e+02 5.130000000000000000e+02
6.660000000000000000e+02 5.330000000000000000e+02
7.050000000000000000e+02 5.770000000000000000e+02
4.350000000000000000e+02 6.240000000000000000e+02
4.350000000000000000e+02 6.830000000000000000e+02
4.340000000000000000e+02 7.400000000000000000e+02
4.330000000000000000e+02 7.980000000000000000e+02
3.820000000000000000e+02 8.220000000000000000e+02
4.070000000000000000e+02 8.340000000000000000e+02
4.350000000000000000e+02 8.440000000000000000e+02
4.650000000000000000e+02 8.340000000000000000e+02
4.930000000000000000e+02 8.230000000000000000e+02
2.450000000000000000e+02 6.320000000000000000e+02
2.800000000000000000e+02 6.090000000000000000e+02
3.250000000000000000e+02 6.110000000000000000e+02
3.600000000000000000e+02 6.440000000000000000e+02
3.200000000000000000e+02 6.520000000000000000e+02
2.760000000000000000e+02 6.510000000000000000e+02
5.180000000000000000e+02 6.440000000000000000e+02
5.550000000000000000e+02 6.100000000000000000e+02
6.000000000000000000e+02 6.080000000000000000e+02
6.360000000000000000e+02 6.320000000000000000e+02
6.040000000000000000e+02 6.500000000000000000e+02
5.590000000000000000e+02 6.510000000000000000e+02
3.390000000000000000e+02 9.170000000000000000e+02
3.770000000000000000e+02 8.990000000000000000e+02
4.120000000000000000e+02 8.900000000000000000e+02
4.370000000000000000e+02 8.980000000000000000e+02
4.630000000000000000e+02 8.910000000000000000e+02
5.040000000000000000e+02 9.030000000000000000e+02
5.490000000000000000e+02 9.180000000000000000e+02
5.070000000000000000e+02 9.540000000000000000e+02
4.660000000000000000e+02 9.690000000000000000e+02
4.380000000000000000e+02 9.700000000000000000e+02
4.090000000000000000e+02 9.670000000000000000e+02
3.740000000000000000e+02 9.500000000000000000e+02
3.580000000000000000e+02 9.190000000000000000e+02
4.110000000000000000e+02 9.210000000000000000e+02
4.370000000000000000e+02 9.240000000000000000e+02
4.640000000000000000e+02 9.230000000000000000e+02
5.310000000000000000e+02 9.200000000000000000e+02
4.650000000000000000e+02 9.230000000000000000e+02
4.380000000000000000e+02 9.250000000000000000e+02
4.110000000000000000e+02 9.210000000000000000e+02
