1.180000000000000000e+02 6.180000000000000000e+02
1.300000000000000000e+02 7.010000000000000000e+02
1.480000000000000000e+02 7.810000000000000000e+02
1.640000000000000000e+02 8.600000000000000000e+02
1.880000000000000000e+02 9.370000000000000000e+02
2.340000000000000000e+02 1.003000000000000000e+03
2.920000000000000000e+02 1.057000000000000000e+03
3.600000000000000000e+02 1.099000000000000000e+03
4.370000000000000000e+02 1.110000000000000000e+03
5.130000000000000000e+02 1.099000000000000000e+03
5.790000000000000000e+02 1.056000000000000000e+03
6.360000000000000000e+02 1.002000000000000000e+03
6.790000000000000000e+02 9.360000000000000000e+02
7.000000000000000000e+02 8.620000000000000000e+02
7.140000000000000000e+02 7.840000000000000000e+02
7.290000000000000000e+02 7.070000000000000000e+02
7.410000000000000000e+02 6.270000000000000000e+02
1.770000000000000000e+02 5.870000000000000000e+02
2.220000000000000000e+02 5.550000000000000000e+02
2.810000000000000000e+02 5.410000000000000000e+02
3.420000000000000000e+02 5.440000000000000000e+02
3.990000000000000000e+02 5.640000000000000000e+02
4.900000000000000000e+02 5.590000000000000000e+02
5.470000000000000000e+02 5.400000000000000000e+02
6.070000000000000000e+02 5.400000000000000000e+02
6.610000000000000000e+02 5.570000000000000000e+02
6.970000000000000000e+02 5.950000000000000000e+02
4.460000000000000000e+02 6.160000000000000000e+02
4.480000000000000000e+02 6.750000000000000000e+02
4.510000000000000000e+02 7.330000000000000000e+02
4.530000000000000000e+02 7.920000000000000000e+02
3.930000000000000000e+02 8.210000000000000000e+02
4.190000000000000000e+02 8.350000000000000000e+02
4.470000000000000000e+02 8.460000000000000000e+02
4.750000000000000000e+02 8.360000000000000000e+02
4.980000000000000000e+02 8.230000000000000000e+02
2.450000000000000000e+02 6.220000000000000000e+02
2.810000000000000000e+02 5.980000000000000000e+02
3.270000000000000000e+02 5.980000000000000000e+02
3.650000000000000000e+02 6.290000000000000000e+02
3.250000000000000000e+02 6.400000000000000000e+02
2.790000000000000000e+02 6.410000000000000000e+02
5.120000000000000000e+02 6.310000000000000000e+02
5.490000000000000000e+02 6.010000000000000000e+02
5.940000000000000000e+02 6.020000000000000000e+02
6.270000000000000000e+02 6.280000000000000000e+02
5.960000000000000000e+02 6.450000000000000000e+02
5.520000000000000000e+02 6.430000000000000000e+02
3.430000000000000000e+02 9.300000000000000000e+02
3.790000000000000000e+02 9.050000000000000000e+02
4.170000000000000000e+02 8.930000000000000000e+02
4.440000000000000000e+02 9.020000000000000000e+02
4.730000000000000000e+02 8.940000000000000000e+02
5.080000000000000000e+02 9.090000000000000000e+02
5.390000000000000000e+02 9.320000000000000000e+02
5.060000000000000000e+02 9.560000000000000000e+02
4.710000000000000000e+02 9.690000000000000000e+02
4.410000000000000000e+02 9.710000000000000000e+02
4.110000000000000000e+02 9.680000000000000000e+02
3.760000000000000000e+02 9.540000000000000000e+02
3.630000000000000000e+02 9.300000000000000000e+02
4.150000000000000000e+02 9.180000000000000000e+02
4.430000000000000000e+02 9.210000000000000000e+02
4.720000000000000000e+02 9.190000000000000000e+02
5.200000000000000000e+02 9.320000000000000000e+02
4.710000000000000000e+02 9.230000000000000000e+02
4.420000000000000000e+02 9.260000000000000000e+02
4.140000000000000000e+02 9.220000000000000000e+02
