1.250000000000000000e+02 6.460000000000000000e+02
1.290000000000000000e+02 7.330000000000000000e+02
1.390000000000000000e+02 8.200000000000000000e+02
1.510000000000000000e+02 9.060000000000000000e+02
1.720000000000000000e+02 9.870000000000000000e+02
2.130000000000000000e+02 1.057000000000000000e+03
2.730000000000000000e+02 1.112000000000000000e+03
3.480000000000000000e+02 1.148000000000000000e+03
4.350000000000000000e+02 1.156000000000000000e+03
5.210000000000000000e+02 1.143000000000000000e+03
5.980000000000000000e+02 1.108000000000000000e+03
6.610000000000000000e+02 1.055000000000000000e+03
7.030000000000000000e+02 9.870000000000000000e+02
7.240000000000000000e+02 9.050000000000000000e+02
7.360000000000000000e+02 8.190000000000000000e+02
7.440000000000000000e+02 7.310000000000000000e+02
7.480000000000000000e+02 6.440000000000000000e+02
1.940000000000000000e+02 6.070000000000000000e+02
2.270000000000000000e+02 5.620000000000000000e+02
2.820000000000000000e+02 5.480000000000000000e+02
3.420000000000000000e+02 5.510000000000000000e+02
4.040000000000000000e+02 5.640000000000000000e+02
4.830000000000000000e+02 5.620000000000000000e+02
5.410000000000000000e+02 5.440000000000000000e+02
6.000000000000000000e+02 5.350000000000000000e+02
6.570000000000000000e+02 5.520000000000000000e+02
6.900000000000000000e+02 6.000000000000000000e+02
4.430000000000000000e+02 6.010000000000000000e+02
4.420000000000000000e+02 6.410000000000000000e+02
4.400000000000000000e+02 6.810000000000000000e+02
4.400000000000000000e+02 7.260000000000000000e+02
3.850000000000000000e+02 7.880000000000000000e+02
4.120000000000000000e+02 7.950000000000000000e+02
4.410000000000000000e+02 8.010000000000000000e+02
4.700000000000000000e+02 7.950000000000000000e+02
4.960000000000000000e+02 7.840000000000000000e+02
2.570000000000000000e+02 6.350000000000000000e+02
2.880000000000000000e+02 6.150000000000000000e+02
3.250000000000000000e+02 6.100000000000000000e+02
3.640000000000000000e+02 6.290000000000000000e+02
3.260000000000000000e+02 6.380000000000000000e+02
2.890000000000000000e+02 6.420000000000000000e+02
5.210000000000000000e+02 6.240000000000000000e+02
5.570000000000000000e+02 6.030000000000000000e+02
5.950000000000000000e+02 6.060000000000000000e+02
6.280000000000000000e+02 6.260000000000000000e+02
5.940000000000000000e+02 6.360000000000000000e+02
5.570000000000000000e+02 6.330000000000000000e+02
3.320000000000000000e+02 9.180000000000000000e+02
3.710000000000000000e+02 8.900000000000000000e+02
4.060000000000000000e+02 8.760000000000000000e+02
4.370000000000000000e+02 8.820000000000000000e+02
4.650000000000000000e+02 8.750000000000000000e+02
4.980000000000000000e+02 8.870000000000000000e+02
5.360000000000000000e+02 9.150000000000000000e+02
4.990000000000000000e+02 9.300000000000000000e+02
4.670000000000000000e+02 9.340000000000000000e+02
4.370000000000000000e+02 9.360000000000000000e+02
4.070000000000000000e+02 9.360000000000000000e+02
3.710000000000000000e+02 9.320000000000000000e+02
3.480000000000000000e+02 9.140000000000000000e+02
4.060000000000000000e+02 9.000000000000000000e+02
4.370000000000000000e+02 9.020000000000000000e+02
4.660000000000000000e+02 9.000000000000000000e+02
5.210000000000000000e+02 9.130000000000000000e+02
4.660000000000000000e+02 9.010000000000000000e+02
4.370000000000000000e+02 9.040000000000000000e+02
4.070000000000000000e+02 9.030000000000000000e+02
