1.340000000000000000e+02 6.320000000000000000e+02
1.430000000000000000e+02 7.100000000000000000e+02
1.550000000000000000e+02 7.840000000000000000e+02
1.670000000000000000e+02 8.590000000000000000e+02
1.890000000000000000e+02 9.320000000000000000e+02
2.320000000000000000e+02 9.930000000000000000e+02
2.940000000000000000e+02 1.041000000000000000e+03
3.630000000000000000e+02 1.077000000000000000e+03
4.360000000000000000e+02 1.090000000000000000e+03
5.140000000000000000e+02 1.080000000000000000e+03
5.900000000000000000e+02 1.049000000000000000e+03
6.630000000000000000e+02 1.007000000000000000e+03
7.160000000000000000e+02 9.500000000000000000e+02
7.420000000000000000e+02 8.770000000000000000e+02
7.550000000000000000e+02 7.980000000000000000e+02
7.620000000000000000e+02 7.170000000000000000e+02
7.640000000000000000e+02 6.380000000000000000e+02
1.840000000000000000e+02 5.660000000000000000e+02
2.190000000000000000e+02 5.310000000000000000e+02
2.700000000000000000e+02 5.190000000000000000e+02
3.250000000000000000e+02 5.250000000000000000e+02
3.760000000000000000e+02 5.440000000000000000e+02
4.870000000000000000e+02 5.460000000000000000e+02
5.400000000000000000e+02 5.290000000000000000e+02
5.970000000000000000e+02 5.230000000000000000e+02
6.510000000000000000e+02 5.390000000000000000e+02
6.880000000000000000e+02 5.760000000000000000e+02
4.370000000000000000e+02 6.180000000000000000e+02
4.390000000000000000e+02 6.670000000000000000e+02
4.390000000000000000e+02 7.150000000000000000e+02
4.400000000000000000e+02 7.660000000000000000e+02
3.770000000000000000e+02 8.150000000000000000e+02
4.060000000000000000e+02 8.220000000000000000e+02
4.370000000000000000e+02 8.280000000000000000e+02
4.690000000000000000e+02 8.230000000000000000e+02
5.000000000000000000e+02 8.170000000000000000e+02
2.480000000000000000e+02 6.330000000000000000e+02
2.810000000000000000e+02 6.120000000000000000e+02
3.230000000000000000e+02 6.140000000000000000e+02
3.620000000000000000e+02 6.460000000000000000e+02
3.220000000000000000e+02 6.520000000000000000e+02
2.790000000000000000e+02 6.510000000000000000e+02
5.110000000000000000e+02 6.480000000000000000e+02
5.490000000000000000e+02 6.190000000000000000e+02
5.920000000000000000e+02 6.180000000000000000e+02
6.280000000000000000e+02 6.400000000000000000e+02
5.950000000000000000e+02 6.570000000000000000e+02
5.510000000000000000e+02 6.570000000000000000e+02
3.200000000000000000e+02 9.120000000000000000e+02
3.670000000000000000e+02 9.070000000000000000e+02
4.060000000000000000e+02 9.000000000000000000e+02
4.340000000000000000e+02 9.100000000000000000e+02
4.610000000000000000e+02 9.020000000000000000e+02
5.070000000000000000e+02 9.140000000000000000e+02
5.630000000000000000e+02 9.210000000000000000e+02
5.080000000000000000e+02 9.450000000000000000e+02
4.630000000000000000e+02 9.540000000000000000e+02
4.340000000000000000e+02 9.560000000000000000e+02
4.050000000000000000e+02 9.500000000000000000e+02
3.660000000000000000e+02 9.360000000000000000e+02
3.370000000000000000e+02 9.150000000000000000e+02
4.060000000000000000e+02 9.220000000000000000e+02
4.340000000000000000e+02 9.280000000000000000e+02
4.620000000000000000e+02 9.260000000000000000e+02
5.470000000000000000e+02 9.230000000000000000e+02
4.620000000000000000e+02 9.250000000000000000e+02
4.350000000000000000e+02 9.260000000000000000e+02
4.060000000000000000e+02 9.220000000000000000e+02
