1.100000000000000000e+02 6.100000000000000000e+02
1.230000000000000000e+02 6.960000000000000000e+02
1.410000000000000000e+02 7.810000000000000000e+02
1.570000000000000000e+02 8.660000000000000000e+02
1.800000000000000000e+02 9.480000000000000000e+02
2.270000000000000000e+02 1.019000000000000000e+03
2.940000000000000000e+02 1.072000000000000000e+03
3.710000000000000000e+02 1.107000000000000000e+03
4.520000000000000000e+02 1.115000000000000000e+03
5.300000000000000000e+02 1.098000000000000000e+03
5.950000000000000000e+02 1.058000000000000000e+03
6.520000000000000000e+02 1.002000000000000000e+03
6.860000000000000000e+02 9.330000000000000000e+02
7.020000000000000000e+02 8.560000000000000000e+02
7.150000000000000000e+02 7.780000000000000000e+02
7.310000000000000000e+02 6.970000000000000000e+02
7.400000000000000000e+02 6.140000000000000000e+02
1.790000000000000000e+02 5.770000000000000000e+02
2.260000000000000000e+02 5.500000000000000000e+02
2.830000000000000000e+02 5.480000000000000000e+02
3.400000000000000000e+02 5.590000000000000000e+02
3.960000000000000000e+02 5.770000000000000000e+02
4.860000000000000000e+02 5.800000000000000000e+02
5.390000000000000000e+02 5.640000000000000000e+02
5.950000000000000000e+02 5.520000000000000000e+02
6.510000000000000000e+02 5.580000000000000000e+02
6.940000000000000000e+02 5.910000000000000000e+02
4.450000000000000000e+02 6.190000000000000000e+02
4.480000000000000000e+02 6.710000000000000000e+02
4.510000000000000000e+02 7.240000000000000000e+02
4.540000000000000000e+02 7.780000000000000000e+02
3.840000000000000000e+02 8.230000000000000000e+02
4.160000000000000000e+02 8.300000000000000000e+02
4.490000000000000000e+02 8.350000000000000000e+02
4.780000000000000000e+02 8.280000000000000000e+02
5.060000000000000000e+02 8.200000000000000000e+02
2.370000000000000000e+02 6.240000000000000000e+02
2.710000000000000000e+02 6.030000000000000000e+02
3.150000000000000000e+02 6.050000000000000000e+02
3.520000000000000000e+02 6.350000000000000000e+02
3.120000000000000000e+02 6.420000000000000000e+02
2.680000000000000000e+02 6.420000000000000000e+02
5.210000000000000000e+02 6.370000000000000000e+02
5.580000000000000000e+02 6.080000000000000000e+02
6.010000000000000000e+02 6.080000000000000000e+02
6.370000000000000000e+02 6.280000000000000000e+02
6.040000000000000000e+02 6.450000000000000000e+02
5.600000000000000000e+02 6.450000000000000000e+02
3.140000000000000000e+02 9.160000000000000000e+02
3.630000000000000000e+02 9.040000000000000000e+02
4.100000000000000000e+02 8.940000000000000000e+02
4.460000000000000000e+02 9.020000000000000000e+02
4.800000000000000000e+02 8.910000000000000000e+02
5.210000000000000000e+02 8.980000000000000000e+02
5.610000000000000000e+02 9.060000000000000000e+02
5.250000000000000000e+02 9.400000000000000000e+02
4.860000000000000000e+02 9.600000000000000000e+02
4.500000000000000000e+02 9.650000000000000000e+02
4.110000000000000000e+02 9.620000000000000000e+02
3.650000000000000000e+02 9.460000000000000000e+02
3.330000000000000000e+02 9.190000000000000000e+02
4.090000000000000000e+02 9.220000000000000000e+02
4.460000000000000000e+02 9.250000000000000000e+02
4.810000000000000000e+02 9.190000000000000000e+02
5.440000000000000000e+02 9.100000000000000000e+02
4.840000000000000000e+02 9.230000000000000000e+02
4.500000000000000000e+02 9.300000000000000000e+02
4.130000000000000000e+02 9.250000000000000000e+02
