1.370000000000000000e+02 6.420000000000000000e+02
1.490000000000000000e+02 7.240000000000000000e+02
1.650000000000000000e+02 8.040000000000000000e+02
1.770000000000000000e+02 8.820000000000000000e+02
1.970000000000000000e+02 9.590000000000000000e+02
2.370000000000000000e+02 1.021000000000000000e+03
3.010000000000000000e+02 1.066000000000000000e+03
3.720000000000000000e+02 1.100000000000000000e+03
4.500000000000000000e+02 1.110000000000000000e+03
5.300000000000000000e+02 1.097000000000000000e+03
6.070000000000000000e+02 1.065000000000000000e+03
6.740000000000000000e+02 1.018000000000000000e+03
7.140000000000000000e+02 9.530000000000000000e+02
7.330000000000000000e+02 8.770000000000000000e+02
7.440000000000000000e+02 7.990000000000000000e+02
7.540000000000000000e+02 7.210000000000000000e+02
7.610000000000000000e+02 6.390000000000000000e+02
1.850000000000000000e+02 5.790000000000000000e+02
2.220000000000000000e+02 5.430000000000000000e+02
2.750000000000000000e+02 5.290000000000000000e+02
3.300000000000000000e+02 5.350000000000000000e+02
3.840000000000000000e+02 5.540000000000000000e+02
4.830000000000000000e+02 5.650000000000000000e+02
5.400000000000000000e+02 5.480000000000000000e+02
5.970000000000000000e+02 5.410000000000000000e+02
6.540000000000000000e+02 5.550000000000000000e+02
6.950000000000000000e+02 5.910000000000000000e+02
4.360000000000000000e+02 6.100000000000000000e+02
4.350000000000000000e+02 6.570000000000000000e+02
4.350000000000000000e+02 7.040000000000000000e+02
4.340000000000000000e+02 7.530000000000000000e+02
3.880000000000000000e+02 8.050000000000000000e+02
4.110000000000000000e+02 8.110000000000000000e+02
4.370000000000000000e+02 8.150000000000000000e+02
4.620000000000000000e+02 8.100000000000000000e+02
4.870000000000000000e+02 8.020000000000000000e+02
2.520000000000000000e+02 6.290000000000000000e+02
2.850000000000000000e+02 6.050000000000000000e+02
3.260000000000000000e+02 6.040000000000000000e+02
3.600000000000000000e+02 6.330000000000000000e+02
3.230000000000000000e+02 6.430000000000000000e+02
2.830000000000000000e+02 6.450000000000000000e+02
5.150000000000000000e+02 6.340000000000000000e+02
5.500000000000000000e+02 6.080000000000000000e+02
5.920000000000000000e+02 6.090000000000000000e+02
6.260000000000000000e+02 6.310000000000000000e+02
5.940000000000000000e+02 6.450000000000000000e+02
5.530000000000000000e+02 6.440000000000000000e+02
3.350000000000000000e+02 9.220000000000000000e+02
3.780000000000000000e+02 9.080000000000000000e+02
4.150000000000000000e+02 8.950000000000000000e+02
4.410000000000000000e+02 9.030000000000000000e+02
4.650000000000000000e+02 8.950000000000000000e+02
5.040000000000000000e+02 9.060000000000000000e+02
5.470000000000000000e+02 9.180000000000000000e+02
5.060000000000000000e+02 9.430000000000000000e+02
4.700000000000000000e+02 9.540000000000000000e+02
4.430000000000000000e+02 9.570000000000000000e+02
4.150000000000000000e+02 9.540000000000000000e+02
3.790000000000000000e+02 9.450000000000000000e+02
3.520000000000000000e+02 9.220000000000000000e+02
4.160000000000000000e+02 9.180000000000000000e+02
4.410000000000000000e+02 9.210000000000000000e+02
4.670000000000000000e+02 9.180000000000000000e+02
5.300000000000000000e+02 9.190000000000000000e+02
4.680000000000000000e+02 9.220000000000000000e+02
4.420000000000000000e+02 9.250000000000000000e+02
4.160000000000000000e+02 9.220000000000000000e+02
