1.340000000000000000e+02 6.200000000000000000e+02
1.430000000000000000e+02 7.070000000000000000e+02
1.570000000000000000e+02 7.910000000000000000e+02
1.720000000000000000e+02 8.750000000000000000e+02
1.990000000000000000e+02 9.550000000000000000e+02
2.460000000000000000e+02 1.024000000000000000e+03
3.030000000000000000e+02 1.084000000000000000e+03
3.690000000000000000e+02 1.128000000000000000e+03
4.450000000000000000e+02 1.138000000000000000e+03
5.210000000000000000e+02 1.125000000000000000e+03
5.840000000000000000e+02 1.083000000000000000e+03
6.410000000000000000e+02 1.025000000000000000e+03
6.870000000000000000e+02 9.560000000000000000e+02
7.110000000000000000e+02 8.760000000000000000e+02
7.240000000000000000e+02 7.910000000000000000e+02
7.350000000000000000e+02 7.050000000000000000e+02
7.400000000000000000e+02 6.180000000000000000e+02
1.890000000000000000e+02 5.710000000000000000e+02
2.220000000000000000e+02 5.300000000000000000e+02
2.770000000000000000e+02 5.220000000000000000e+02
3.300000000000000000e+02 5.330000000000000000e+02
3.830000000000000000e+02 5.530000000000000000e+02
4.860000000000000000e+02 5.470000000000000000e+02
5.400000000000000000e+02 5.280000000000000000e+02
5.940000000000000000e+02 5.210000000000000000e+02
6.490000000000000000e+02 5.340000000000000000e+02
6.840000000000000000e+02 5.730000000000000000e+02
4.360000000000000000e+02 6.120000000000000000e+02
4.370000000000000000e+02 6.660000000000000000e+02
4.390000000000000000e+02 7.190000000000000000e+02
4.400000000000000000e+02 7.750000000000000000e+02
3.890000000000000000e+02 8.130000000000000000e+02
4.130000000000000000e+02 8.210000000000000000e+02
4.400000000000000000e+02 8.270000000000000000e+02
4.660000000000000000e+02 8.200000000000000000e+02
4.900000000000000000e+02 8.110000000000000000e+02
2.630000000000000000e+02 6.240000000000000000e+02
2.920000000000000000e+02 6.090000000000000000e+02
3.300000000000000000e+02 6.080000000000000000e+02
3.630000000000000000e+02 6.270000000000000000e+02
3.280000000000000000e+02 6.360000000000000000e+02
2.910000000000000000e+02 6.380000000000000000e+02
5.130000000000000000e+02 6.280000000000000000e+02
5.460000000000000000e+02 6.100000000000000000e+02
5.830000000000000000e+02 6.120000000000000000e+02
6.130000000000000000e+02 6.270000000000000000e+02
5.850000000000000000e+02 6.400000000000000000e+02
5.480000000000000000e+02 6.370000000000000000e+02
3.500000000000000000e+02 9.250000000000000000e+02
3.830000000000000000e+02 9.030000000000000000e+02
4.150000000000000000e+02 8.880000000000000000e+02
4.400000000000000000e+02 8.950000000000000000e+02
4.640000000000000000e+02 8.870000000000000000e+02
4.980000000000000000e+02 9.000000000000000000e+02
5.330000000000000000e+02 9.200000000000000000e+02
5.000000000000000000e+02 9.410000000000000000e+02
4.680000000000000000e+02 9.530000000000000000e+02
4.420000000000000000e+02 9.560000000000000000e+02
4.150000000000000000e+02 9.540000000000000000e+02
3.840000000000000000e+02 9.440000000000000000e+02
3.680000000000000000e+02 9.260000000000000000e+02
4.150000000000000000e+02 9.160000000000000000e+02
4.410000000000000000e+02 9.170000000000000000e+02
4.650000000000000000e+02 9.140000000000000000e+02
5.150000000000000000e+02 9.210000000000000000e+02
4.660000000000000000e+02 9.160000000000000000e+02
4.410000000000000000e+02 9.200000000000000000e+02
4.160000000000000000e+02 9.170000000000000000e+02
