1.350000000000000000e+02 6.300000000000000000e+02
1.460000000000000000e+02 7.130000000000000000e+02
1.580000000000000000e+02 7.940000000000000000e+02
1.720000000000000000e+02 8.750000000000000000e+02
1.980000000000000000e+02 9.510000000000000000e+02
2.380000000000000000e+02 1.020000000000000000e+03
2.940000000000000000e+02 1.080000000000000000e+03
3.620000000000000000e+02 1.125000000000000000e+03
4.400000000000000000e+02 1.138000000000000000e+03
5.180000000000000000e+02 1.123000000000000000e+03
5.830000000000000000e+02 1.077000000000000000e+03
6.340000000000000000e+02 1.018000000000000000e+03
6.710000000000000000e+02 9.490000000000000000e+02
6.920000000000000000e+02 8.730000000000000000e+02
7.060000000000000000e+02 7.940000000000000000e+02
7.190000000000000000e+02 7.120000000000000000e+02
7.280000000000000000e+02 6.290000000000000000e+02
1.890000000000000000e+02 5.730000000000000000e+02
2.290000000000000000e+02 5.390000000000000000e+02
2.850000000000000000e+02 5.320000000000000000e+02
3.400000000000000000e+02 5.440000000000000000e+02
3.930000000000000000e+02 5.650000000000000000e+02
4.940000000000000000e+02 5.670000000000000000e+02
5.440000000000000000e+02 5.440000000000000000e+02
5.960000000000000000e+02 5.340000000000000000e+02
6.480000000000000000e+02 5.380000000000000000e+02
6.840000000000000000e+02 5.720000000000000000e+02
4.430000000000000000e+02 6.130000000000000000e+02
4.460000000000000000e+02 6.630000000000000000e+02
4.480000000000000000e+02 7.140000000000000000e+02
4.510000000000000000e+02 7.660000000000000000e+02
3.950000000000000000e+02 8.100000000000000000e+02
4.210000000000000000e+02 8.190000000000000000e+02
4.500000000000000000e+02 8.260000000000000000e+02
4.750000000000000000e+02 8.170000000000000000e+02
4.980000000000000000e+02 8.070000000000000000e+02
2.580000000000000000e+02 6.160000000000000000e+02
2.920000000000000000e+02 5.950000000000000000e+02
3.330000000000000000e+02 5.970000000000000000e+02
3.660000000000000000e+02 6.280000000000000000e+02
3.290000000000000000e+02 6.370000000000000000e+02
2.870000000000000000e+02 6.360000000000000000e+02
5.110000000000000000e+02 6.280000000000000000e+02
5.460000000000000000e+02 5.960000000000000000e+02
5.880000000000000000e+02 5.940000000000000000e+02
6.190000000000000000e+02 6.160000000000000000e+02
5.910000000000000000e+02 6.360000000000000000e+02
5.490000000000000000e+02 6.360000000000000000e+02
3.370000000000000000e+02 9.260000000000000000e+02
3.830000000000000000e+02 9.040000000000000000e+02
4.260000000000000000e+02 8.880000000000000000e+02
4.510000000000000000e+02 8.960000000000000000e+02
4.740000000000000000e+02 8.870000000000000000e+02
5.100000000000000000e+02 9.000000000000000000e+02
5.450000000000000000e+02 9.220000000000000000e+02
5.110000000000000000e+02 9.520000000000000000e+02
4.770000000000000000e+02 9.660000000000000000e+02
4.500000000000000000e+02 9.700000000000000000e+02
4.230000000000000000e+02 9.680000000000000000e+02
3.820000000000000000e+02 9.570000000000000000e+02
3.600000000000000000e+02 9.270000000000000000e+02
4.250000000000000000e+02 9.190000000000000000e+02
4.500000000000000000e+02 9.210000000000000000e+02
4.740000000000000000e+02 9.170000000000000000e+02
5.260000000000000000e+02 9.220000000000000000e+02
4.740000000000000000e+02 9.190000000000000000e+02
4.500000000000000000e+02 9.230000000000000000e+02
4.250000000000000000e+02 9.220000000000000000e+02
