1.230000000000000000e+02 6.260000000000000000e+02
1.360000000000000000e+02 7.090000000000000000e+02
1.500000000000000000e+02 7.880000000000000000e+02
1.650000000000000000e+02 8.670000000000000000e+02
1.850000000000000000e+02 9.450000000000000000e+02
2.270000000000000000e+02 1.014000000000000000e+03
2.880000000000000000e+02 1.067000000000000000e+03
3.610000000000000000e+02 1.105000000000000000e+03
4.410000000000000000e+02 1.116000000000000000e+03
5.220000000000000000e+02 1.107000000000000000e+03
5.970000000000000000e+02 1.072000000000000000e+03
6.620000000000000000e+02 1.021000000000000000e+03
7.070000000000000000e+02 9.520000000000000000e+02
7.290000000000000000e+02 8.710000000000000000e+02
7.430000000000000000e+02 7.870000000000000000e+02
7.560000000000000000e+02 7.040000000000000000e+02
7.650000000000000000e+02 6.200000000000000000e+02
1.790000000000000000e+02 5.900000000000000000e+02
2.190000000000000000e+02 5.550000000000000000e+02
2.770000000000000000e+02 5.450000000000000000e+02
3.340000000000000000e+02 5.520000000000000000e+02
3.920000000000000000e+02 5.690000000000000000e+02
4.750000000000000000e+02 5.690000000000000000e+02
5.360000000000000000e+02 5.480000000000000000e+02
5.970000000000000000e+02 5.380000000000000000e+02
6.570000000000000000e+02 5.470000000000000000e+02
7.010000000000000000e+02 5.870000000000000000e+02
4.340000000000000000e+02 6.110000000000000000e+02
4.330000000000000000e+02 6.650000000000000000e+02
4.330000000000000000e+02 7.200000000000000000e+02
4.320000000000000000e+02 7.770000000000000000e+02
3.870000000000000000e+02 8.110000000000000000e+02
4.100000000000000000e+02 8.220000000000000000e+02
4.360000000000000000e+02 8.300000000000000000e+02
4.610000000000000000e+02 8.210000000000000000e+02
4.860000000000000000e+02 8.090000000000000000e+02
2.510000000000000000e+02 6.240000000000000000e+02
2.840000000000000000e+02 5.990000000000000000e+02
3.300000000000000000e+02 5.980000000000000000e+02
3.650000000000000000e+02 6.300000000000000000e+02
3.250000000000000000e+02 6.430000000000000000e+02
2.810000000000000000e+02 6.440000000000000000e+02
5.190000000000000000e+02 6.290000000000000000e+02
5.560000000000000000e+02 5.990000000000000000e+02
6.010000000000000000e+02 5.970000000000000000e+02
6.340000000000000000e+02 6.220000000000000000e+02
6.040000000000000000e+02 6.430000000000000000e+02
5.590000000000000000e+02 6.420000000000000000e+02
3.360000000000000000e+02 9.160000000000000000e+02
3.780000000000000000e+02 9.040000000000000000e+02
4.130000000000000000e+02 8.930000000000000000e+02
4.410000000000000000e+02 9.020000000000000000e+02
4.680000000000000000e+02 8.920000000000000000e+02
5.050000000000000000e+02 9.020000000000000000e+02
5.470000000000000000e+02 9.170000000000000000e+02
5.060000000000000000e+02 9.380000000000000000e+02
4.710000000000000000e+02 9.470000000000000000e+02
4.420000000000000000e+02 9.490000000000000000e+02
4.140000000000000000e+02 9.470000000000000000e+02
3.800000000000000000e+02 9.400000000000000000e+02
3.530000000000000000e+02 9.190000000000000000e+02
4.130000000000000000e+02 9.130000000000000000e+02
4.410000000000000000e+02 9.160000000000000000e+02
4.690000000000000000e+02 9.110000000000000000e+02
5.290000000000000000e+02 9.180000000000000000e+02
4.690000000000000000e+02 9.140000000000000000e+02
4.410000000000000000e+02 9.180000000000000000e+02
4.140000000000000000e+02 9.150000000000000000e+02
