1.490000000000000000e+02 6.730000000000000000e+02
1.550000000000000000e+02 7.490000000000000000e+02
1.640000000000000000e+02 8.230000000000000000e+02
1.790000000000000000e+02 8.970000000000000000e+02
2.020000000000000000e+02 9.700000000000000000e+02
2.410000000000000000e+02 1.034000000000000000e+03
2.940000000000000000e+02 1.090000000000000000e+03
3.600000000000000000e+02 1.130000000000000000e+03
4.370000000000000000e+02 1.138000000000000000e+03
5.190000000000000000e+02 1.129000000000000000e+03
5.900000000000000000e+02 1.096000000000000000e+03
6.520000000000000000e+02 1.047000000000000000e+03
6.990000000000000000e+02 9.870000000000000000e+02
7.240000000000000000e+02 9.140000000000000000e+02
7.370000000000000000e+02 8.370000000000000000e+02
7.450000000000000000e+02 7.590000000000000000e+02
7.520000000000000000e+02 6.780000000000000000e+02
2.020000000000000000e+02 5.970000000000000000e+02
2.340000000000000000e+02 5.530000000000000000e+02
2.860000000000000000e+02 5.290000000000000000e+02
3.440000000000000000e+02 5.280000000000000000e+02
3.970000000000000000e+02 5.440000000000000000e+02
4.720000000000000000e+02 5.440000000000000000e+02
5.270000000000000000e+02 5.230000000000000000e+02
5.900000000000000000e+02 5.220000000000000000e+02
6.470000000000000000e+02 5.470000000000000000e+02
6.810000000000000000e+02 5.930000000000000000e+02
4.360000000000000000e+02 6.020000000000000000e+02
4.340000000000000000e+02 6.450000000000000000e+02
4.320000000000000000e+02 6.860000000000000000e+02
4.300000000000000000e+02 7.310000000000000000e+02
3.800000000000000000e+02 7.960000000000000000e+02
4.070000000000000000e+02 7.990000000000000000e+02
4.330000000000000000e+02 8.020000000000000000e+02
4.630000000000000000e+02 7.980000000000000000e+02
4.910000000000000000e+02 7.950000000000000000e+02
2.600000000000000000e+02 6.340000000000000000e+02
2.900000000000000000e+02 6.090000000000000000e+02
3.270000000000000000e+02 6.070000000000000000e+02
3.660000000000000000e+02 6.300000000000000000e+02
3.290000000000000000e+02 6.400000000000000000e+02
2.910000000000000000e+02 6.440000000000000000e+02
5.160000000000000000e+02 6.280000000000000000e+02
5.550000000000000000e+02 6.030000000000000000e+02
5.940000000000000000e+02 6.050000000000000000e+02
6.250000000000000000e+02 6.300000000000000000e+02
5.930000000000000000e+02 6.400000000000000000e+02
5.540000000000000000e+02 6.370000000000000000e+02
3.190000000000000000e+02 9.170000000000000000e+02
3.620000000000000000e+02 8.840000000000000000e+02
4.030000000000000000e+02 8.670000000000000000e+02
4.320000000000000000e+02 8.710000000000000000e+02
4.610000000000000000e+02 8.670000000000000000e+02
5.040000000000000000e+02 8.840000000000000000e+02
5.510000000000000000e+02 9.170000000000000000e+02
5.030000000000000000e+02 9.320000000000000000e+02
4.630000000000000000e+02 9.330000000000000000e+02
4.330000000000000000e+02 9.340000000000000000e+02
4.030000000000000000e+02 9.330000000000000000e+02
3.630000000000000000e+02 9.300000000000000000e+02
3.350000000000000000e+02 9.120000000000000000e+02
4.030000000000000000e+02 8.950000000000000000e+02
4.320000000000000000e+02 8.960000000000000000e+02
4.610000000000000000e+02 8.940000000000000000e+02
5.330000000000000000e+02 9.130000000000000000e+02
4.610000000000000000e+02 9.020000000000000000e+02
4.330000000000000000e+02 9.030000000000000000e+02
4.030000000000000000e+02 9.030000000000000000e+02
