1.100000000000000000e+02 6.650000000000000000e+02
1.140000000000000000e+02 7.480000000000000000e+02
1.190000000000000000e+02 8.310000000000000000e+02
1.310000000000000000e+02 9.110000000000000000e+02
1.580000000000000000e+02 9.870000000000000000e+02
2.050000000000000000e+02 1.044000000000000000e+03
2.770000000000000000e+02 1.082000000000000000e+03
3.550000000000000000e+02 1.104000000000000000e+03
4.430000000000000000e+02 1.112000000000000000e+03
5.310000000000000000e+02 1.106000000000000000e+03
6.110000000000000000e+02 1.084000000000000000e+03
6.820000000000000000e+02 1.045000000000000000e+03
7.290000000000000000e+02 9.860000000000000000e+02
7.540000000000000000e+02 9.100000000000000000e+02
7.630000000000000000e+02 8.280000000000000000e+02
7.660000000000000000e+02 7.460000000000000000e+02
7.720000000000000000e+02 6.620000000000000000e+02
1.910000000000000000e+02 5.780000000000000000e+02
2.300000000000000000e+02 5.440000000000000000e+02
2.840000000000000000e+02 5.320000000000000000e+02
3.400000000000000000e+02 5.370000000000000000e+02
3.910000000000000000e+02 5.570000000000000000e+02
4.960000000000000000e+02 5.560000000000000000e+02
5.490000000000000000e+02 5.380000000000000000e+02
6.040000000000000000e+02 5.330000000000000000e+02
6.580000000000000000e+02 5.470000000000000000e+02
6.940000000000000000e+02 5.830000000000000000e+02
4.440000000000000000e+02 6.130000000000000000e+02
4.440000000000000000e+02 6.590000000000000000e+02
4.440000000000000000e+02 7.030000000000000000e+02
4.450000000000000000e+02 7.500000000000000000e+02
3.850000000000000000e+02 7.970000000000000000e+02
4.130000000000000000e+02 8.080000000000000000e+02
4.430000000000000000e+02 8.140000000000000000e+02
4.720000000000000000e+02 8.090000000000000000e+02
5.010000000000000000e+02 8.020000000000000000e+02
2.590000000000000000e+02 6.290000000000000000e+02
2.910000000000000000e+02 6.080000000000000000e+02
3.300000000000000000e+02 6.060000000000000000e+02
3.670000000000000000e+02 6.310000000000000000e+02
3.300000000000000000e+02 6.410000000000000000e+02
2.910000000000000000e+02 6.430000000000000000e+02
5.150000000000000000e+02 6.320000000000000000e+02
5.520000000000000000e+02 6.080000000000000000e+02
5.900000000000000000e+02 6.100000000000000000e+02
6.230000000000000000e+02 6.320000000000000000e+02
5.910000000000000000e+02 6.450000000000000000e+02
5.520000000000000000e+02 6.420000000000000000e+02
3.290000000000000000e+02 9.130000000000000000e+02
3.720000000000000000e+02 8.850000000000000000e+02
4.100000000000000000e+02 8.740000000000000000e+02
4.400000000000000000e+02 8.830000000000000000e+02
4.700000000000000000e+02 8.780000000000000000e+02
5.090000000000000000e+02 8.930000000000000000e+02
5.520000000000000000e+02 9.180000000000000000e+02
5.060000000000000000e+02 9.240000000000000000e+02
4.670000000000000000e+02 9.210000000000000000e+02
4.370000000000000000e+02 9.210000000000000000e+02
4.080000000000000000e+02 9.190000000000000000e+02
3.710000000000000000e+02 9.190000000000000000e+02
3.480000000000000000e+02 9.100000000000000000e+02
4.100000000000000000e+02 8.960000000000000000e+02
4.400000000000000000e+02 9.000000000000000000e+02
4.690000000000000000e+02 9.000000000000000000e+02
5.340000000000000000e+02 9.150000000000000000e+02
4.670000000000000000e+02 8.970000000000000000e+02
4.380000000000000000e+02 8.960000000000000000e+02
4.090000000000000000e+02 8.930000000000000000e+02
