1.390000000000000000e+02 6.290000000000000000e+02
1.470000000000000000e+02 7.130000000000000000e+02
1.610000000000000000e+02 7.950000000000000000e+02
1.760000000000000000e+02 8.750000000000000000e+02
2.020000000000000000e+02 9.510000000000000000e+02
2.430000000000000000e+02 1.016000000000000000e+03
2.980000000000000000e+02 1.069000000000000000e+03
3.620000000000000000e+02 1.107000000000000000e+03
4.400000000000000000e+02 1.114000000000000000e+03
5.190000000000000000e+02 1.104000000000000000e+03
5.830000000000000000e+02 1.068000000000000000e+03
6.380000000000000000e+02 1.017000000000000000e+03
6.760000000000000000e+02 9.540000000000000000e+02
7.020000000000000000e+02 8.800000000000000000e+02
7.170000000000000000e+02 8.020000000000000000e+02
7.340000000000000000e+02 7.230000000000000000e+02
7.430000000000000000e+02 6.410000000000000000e+02
1.880000000000000000e+02 5.820000000000000000e+02
2.240000000000000000e+02 5.430000000000000000e+02
2.810000000000000000e+02 5.290000000000000000e+02
3.410000000000000000e+02 5.360000000000000000e+02
3.960000000000000000e+02 5.580000000000000000e+02
4.900000000000000000e+02 5.530000000000000000e+02
5.480000000000000000e+02 5.300000000000000000e+02
6.080000000000000000e+02 5.240000000000000000e+02
6.660000000000000000e+02 5.360000000000000000e+02
7.030000000000000000e+02 5.750000000000000000e+02
4.400000000000000000e+02 6.150000000000000000e+02
4.370000000000000000e+02 6.720000000000000000e+02
4.330000000000000000e+02 7.280000000000000000e+02
4.290000000000000000e+02 7.860000000000000000e+02
3.770000000000000000e+02 8.170000000000000000e+02
4.030000000000000000e+02 8.310000000000000000e+02
4.330000000000000000e+02 8.420000000000000000e+02
4.650000000000000000e+02 8.300000000000000000e+02
4.950000000000000000e+02 8.160000000000000000e+02
2.440000000000000000e+02 6.240000000000000000e+02
2.800000000000000000e+02 5.980000000000000000e+02
3.260000000000000000e+02 6.010000000000000000e+02
3.670000000000000000e+02 6.360000000000000000e+02
3.240000000000000000e+02 6.460000000000000000e+02
2.760000000000000000e+02 6.460000000000000000e+02
5.240000000000000000e+02 6.360000000000000000e+02
5.630000000000000000e+02 5.990000000000000000e+02
6.090000000000000000e+02 5.970000000000000000e+02
6.430000000000000000e+02 6.230000000000000000e+02
6.130000000000000000e+02 6.460000000000000000e+02
5.660000000000000000e+02 6.470000000000000000e+02
3.320000000000000000e+02 9.220000000000000000e+02
3.800000000000000000e+02 9.070000000000000000e+02
4.160000000000000000e+02 9.000000000000000000e+02
4.420000000000000000e+02 9.060000000000000000e+02
4.720000000000000000e+02 9.000000000000000000e+02
5.110000000000000000e+02 9.060000000000000000e+02
5.580000000000000000e+02 9.210000000000000000e+02
5.120000000000000000e+02 9.360000000000000000e+02
4.720000000000000000e+02 9.430000000000000000e+02
4.430000000000000000e+02 9.440000000000000000e+02
4.140000000000000000e+02 9.430000000000000000e+02
3.790000000000000000e+02 9.370000000000000000e+02
3.490000000000000000e+02 9.200000000000000000e+02
4.150000000000000000e+02 9.170000000000000000e+02
4.430000000000000000e+02 9.200000000000000000e+02
4.730000000000000000e+02 9.170000000000000000e+02
5.400000000000000000e+02 9.200000000000000000e+02
4.710000000000000000e+02 9.130000000000000000e+02
4.430000000000000000e+02 9.150000000000000000e+02
4.150000000000000000e+02 9.120000000000000000e+02
