1.180000000000000000e+02 6.400000000000000000e+02
1.210000000000000000e+02 7.250000000000000000e+02
1.320000000000000000e+02 8.070000000000000000e+02
1.490000000000000000e+02 8.880000000000000000e+02
1.800000000000000000e+02 9.630000000000000000e+02
2.260000000000000000e+02 1.030000000000000000e+03
2.870000000000000000e+02 1.088000000000000000e+03
3.610000000000000000e+02 1.126000000000000000e+03
4.410000000000000000e+02 1.135000000000000000e+03
5.190000000000000000e+02 1.120000000000000000e+03
5.890000000000000000e+02 1.077000000000000000e+03
6.460000000000000000e+02 1.020000000000000000e+03
6.850000000000000000e+02 9.530000000000000000e+02
7.080000000000000000e+02 8.780000000000000000e+02
7.200000000000000000e+02 8.000000000000000000e+02
7.310000000000000000e+02 7.200000000000000000e+02
7.330000000000000000e+02 6.390000000000000000e+02
1.970000000000000000e+02 5.750000000000000000e+02
2.400000000000000000e+02 5.400000000000000000e+02
2.960000000000000000e+02 5.250000000000000000e+02
3.530000000000000000e+02 5.280000000000000000e+02
4.080000000000000000e+02 5.430000000000000000e+02
4.790000000000000000e+02 5.400000000000000000e+02
5.310000000000000000e+02 5.220000000000000000e+02
5.860000000000000000e+02 5.180000000000000000e+02
6.380000000000000000e+02 5.370000000000000000e+02
6.740000000000000000e+02 5.770000000000000000e+02
4.450000000000000000e+02 6.110000000000000000e+02
4.460000000000000000e+02 6.580000000000000000e+02
4.470000000000000000e+02 7.050000000000000000e+02
4.480000000000000000e+02 7.540000000000000000e+02
3.940000000000000000e+02 8.050000000000000000e+02
4.200000000000000000e+02 8.110000000000000000e+02
4.460000000000000000e+02 8.160000000000000000e+02
4.710000000000000000e+02 8.120000000000000000e+02
4.950000000000000000e+02 8.070000000000000000e+02
2.620000000000000000e+02 6.300000000000000000e+02
2.950000000000000000e+02 6.130000000000000000e+02
3.320000000000000000e+02 6.120000000000000000e+02
3.610000000000000000e+02 6.340000000000000000e+02
3.300000000000000000e+02 6.400000000000000000e+02
2.940000000000000000e+02 6.410000000000000000e+02
5.170000000000000000e+02 6.330000000000000000e+02
5.460000000000000000e+02 6.110000000000000000e+02
5.830000000000000000e+02 6.110000000000000000e+02
6.130000000000000000e+02 6.300000000000000000e+02
5.840000000000000000e+02 6.400000000000000000e+02
5.490000000000000000e+02 6.400000000000000000e+02
3.480000000000000000e+02 9.220000000000000000e+02
3.810000000000000000e+02 8.910000000000000000e+02
4.170000000000000000e+02 8.760000000000000000e+02
4.430000000000000000e+02 8.830000000000000000e+02
4.700000000000000000e+02 8.770000000000000000e+02
5.050000000000000000e+02 8.930000000000000000e+02
5.410000000000000000e+02 9.240000000000000000e+02
5.070000000000000000e+02 9.570000000000000000e+02
4.730000000000000000e+02 9.680000000000000000e+02
4.450000000000000000e+02 9.700000000000000000e+02
4.150000000000000000e+02 9.670000000000000000e+02
3.820000000000000000e+02 9.540000000000000000e+02
3.670000000000000000e+02 9.210000000000000000e+02
4.170000000000000000e+02 9.130000000000000000e+02
4.430000000000000000e+02 9.150000000000000000e+02
4.700000000000000000e+02 9.150000000000000000e+02
5.200000000000000000e+02 9.230000000000000000e+02
4.710000000000000000e+02 9.170000000000000000e+02
4.440000000000000000e+02 9.200000000000000000e+02
4.170000000000000000e+02 9.160000000000000000e+02
