1.070000000000000000e+02 6.530000000000000000e+02
1.190000000000000000e+02 7.350000000000000000e+02
1.330000000000000000e+02 8.130000000000000000e+02
1.480000000000000000e+02 8.920000000000000000e+02
1.760000000000000000e+02 9.640000000000000000e+02
2.230000000000000000e+02 1.024000000000000000e+03
2.880000000000000000e+02 1.070000000000000000e+03
3.630000000000000000e+02 1.106000000000000000e+03
4.410000000000000000e+02 1.118000000000000000e+03
5.210000000000000000e+02 1.104000000000000000e+03
5.940000000000000000e+02 1.064000000000000000e+03
6.590000000000000000e+02 1.013000000000000000e+03
7.030000000000000000e+02 9.510000000000000000e+02
7.250000000000000000e+02 8.770000000000000000e+02
7.370000000000000000e+02 8.000000000000000000e+02
7.500000000000000000e+02 7.240000000000000000e+02
7.610000000000000000e+02 6.440000000000000000e+02
1.750000000000000000e+02 5.750000000000000000e+02
2.180000000000000000e+02 5.340000000000000000e+02
2.810000000000000000e+02 5.220000000000000000e+02
3.430000000000000000e+02 5.350000000000000000e+02
4.020000000000000000e+02 5.610000000000000000e+02
4.710000000000000000e+02 5.610000000000000000e+02
5.340000000000000000e+02 5.340000000000000000e+02
5.970000000000000000e+02 5.200000000000000000e+02
6.610000000000000000e+02 5.330000000000000000e+02
7.020000000000000000e+02 5.780000000000000000e+02
4.430000000000000000e+02 6.180000000000000000e+02
4.460000000000000000e+02 6.630000000000000000e+02
4.480000000000000000e+02 7.080000000000000000e+02
4.500000000000000000e+02 7.550000000000000000e+02
3.910000000000000000e+02 8.070000000000000000e+02
4.180000000000000000e+02 8.140000000000000000e+02
4.460000000000000000e+02 8.200000000000000000e+02
4.740000000000000000e+02 8.150000000000000000e+02
5.000000000000000000e+02 8.070000000000000000e+02
2.490000000000000000e+02 6.360000000000000000e+02
2.850000000000000000e+02 6.190000000000000000e+02
3.260000000000000000e+02 6.170000000000000000e+02
3.630000000000000000e+02 6.410000000000000000e+02
3.240000000000000000e+02 6.510000000000000000e+02
2.830000000000000000e+02 6.520000000000000000e+02
5.180000000000000000e+02 6.430000000000000000e+02
5.550000000000000000e+02 6.210000000000000000e+02
5.960000000000000000e+02 6.210000000000000000e+02
6.290000000000000000e+02 6.400000000000000000e+02
5.980000000000000000e+02 6.550000000000000000e+02
5.560000000000000000e+02 6.540000000000000000e+02
3.270000000000000000e+02 9.200000000000000000e+02
3.760000000000000000e+02 8.940000000000000000e+02
4.170000000000000000e+02 8.780000000000000000e+02
4.460000000000000000e+02 8.880000000000000000e+02
4.750000000000000000e+02 8.790000000000000000e+02
5.100000000000000000e+02 8.940000000000000000e+02
5.510000000000000000e+02 9.190000000000000000e+02
5.100000000000000000e+02 9.410000000000000000e+02
4.750000000000000000e+02 9.540000000000000000e+02
4.440000000000000000e+02 9.570000000000000000e+02
4.130000000000000000e+02 9.530000000000000000e+02
3.730000000000000000e+02 9.400000000000000000e+02
3.480000000000000000e+02 9.190000000000000000e+02
4.160000000000000000e+02 9.100000000000000000e+02
4.460000000000000000e+02 9.140000000000000000e+02
4.750000000000000000e+02 9.110000000000000000e+02
5.310000000000000000e+02 9.180000000000000000e+02
4.730000000000000000e+02 9.100000000000000000e+02
4.440000000000000000e+02 9.140000000000000000e+02
4.150000000000000000e+02 9.090000000000000000e+02
