1.280000000000000000e+02 6.520000000000000000e+02
1.420000000000000000e+02 7.330000000000000000e+02
1.620000000000000000e+02 8.080000000000000000e+02
1.800000000000000000e+02 8.820000000000000000e+02
2.010000000000000000e+02 9.530000000000000000e+02
2.370000000000000000e+02 1.015000000000000000e+03
2.940000000000000000e+02 1.064000000000000000e+03
3.640000000000000000e+02 1.097000000000000000e+03
4.410000000000000000e+02 1.108000000000000000e+03
5.200000000000000000e+02 1.102000000000000000e+03
5.940000000000000000e+02 1.075000000000000000e+03
6.540000000000000000e+02 1.031000000000000000e+03
6.930000000000000000e+02 9.700000000000000000e+02
7.130000000000000000e+02 9.000000000000000000e+02
7.320000000000000000e+02 8.230000000000000000e+02
7.520000000000000000e+02 7.470000000000000000e+02
7.680000000000000000e+02 6.650000000000000000e+02
1.820000000000000000e+02 5.710000000000000000e+02
2.190000000000000000e+02 5.330000000000000000e+02
2.750000000000000000e+02 5.180000000000000000e+02
3.320000000000000000e+02 5.250000000000000000e+02
3.870000000000000000e+02 5.470000000000000000e+02
4.880000000000000000e+02 5.460000000000000000e+02
5.440000000000000000e+02 5.260000000000000000e+02
6.030000000000000000e+02 5.210000000000000000e+02
6.600000000000000000e+02 5.380000000000000000e+02
7.010000000000000000e+02 5.770000000000000000e+02
4.360000000000000000e+02 6.150000000000000000e+02
4.360000000000000000e+02 6.660000000000000000e+02
4.360000000000000000e+02 7.170000000000000000e+02
4.350000000000000000e+02 7.690000000000000000e+02
3.890000000000000000e+02 8.110000000000000000e+02
4.120000000000000000e+02 8.200000000000000000e+02
4.360000000000000000e+02 8.270000000000000000e+02
4.630000000000000000e+02 8.210000000000000000e+02
4.880000000000000000e+02 8.130000000000000000e+02
2.420000000000000000e+02 6.350000000000000000e+02
2.750000000000000000e+02 6.070000000000000000e+02
3.200000000000000000e+02 6.070000000000000000e+02
3.580000000000000000e+02 6.410000000000000000e+02
3.170000000000000000e+02 6.530000000000000000e+02
2.720000000000000000e+02 6.540000000000000000e+02
5.210000000000000000e+02 6.420000000000000000e+02
5.600000000000000000e+02 6.090000000000000000e+02
6.050000000000000000e+02 6.100000000000000000e+02
6.380000000000000000e+02 6.400000000000000000e+02
6.060000000000000000e+02 6.570000000000000000e+02
5.610000000000000000e+02 6.540000000000000000e+02
3.250000000000000000e+02 9.090000000000000000e+02
3.660000000000000000e+02 8.880000000000000000e+02
4.080000000000000000e+02 8.750000000000000000e+02
4.380000000000000000e+02 8.820000000000000000e+02
4.680000000000000000e+02 8.770000000000000000e+02
5.110000000000000000e+02 8.900000000000000000e+02
5.600000000000000000e+02 9.110000000000000000e+02
5.120000000000000000e+02 9.420000000000000000e+02
4.680000000000000000e+02 9.570000000000000000e+02
4.360000000000000000e+02 9.590000000000000000e+02
4.030000000000000000e+02 9.550000000000000000e+02
3.640000000000000000e+02 9.400000000000000000e+02
3.450000000000000000e+02 9.120000000000000000e+02
4.060000000000000000e+02 9.140000000000000000e+02
4.370000000000000000e+02 9.150000000000000000e+02
4.680000000000000000e+02 9.150000000000000000e+02
5.390000000000000000e+02 9.140000000000000000e+02
4.670000000000000000e+02 9.140000000000000000e+02
4.360000000000000000e+02 9.160000000000000000e+02
4.060000000000000000e+02 9.130000000000000000e+02
