1.420000000000000000e+02 6.490000000000000000e+02
1.530000000000000000e+02 7.290000000000000000e+02
1.660000000000000000e+02 8.070000000000000000e+02
1.720000000000000000e+02 8.880000000000000000e+02
1.880000000000000000e+02 9.670000000000000000e+02
2.280000000000000000e+02 1.031000000000000000e+03
2.860000000000000000e+02 1.083000000000000000e+03
3.560000000000000000e+02 1.119000000000000000e+03
4.400000000000000000e+02 1.132000000000000000e+03
5.260000000000000000e+02 1.121000000000000000e+03
5.990000000000000000e+02 1.084000000000000000e+03
6.590000000000000000e+02 1.033000000000000000e+03
7.000000000000000000e+02 9.670000000000000000e+02
7.140000000000000000e+02 8.870000000000000000e+02
7.210000000000000000e+02 8.060000000000000000e+02
7.330000000000000000e+02 7.270000000000000000e+02
7.410000000000000000e+02 6.440000000000000000e+02
1.750000000000000000e+02 5.920000000000000000e+02
2.110000000000000000e+02 5.460000000000000000e+02
2.710000000000000000e+02 5.330000000000000000e+02
3.330000000000000000e+02 5.410000000000000000e+02
3.940000000000000000e+02 5.610000000000000000e+02
4.690000000000000000e+02 5.560000000000000000e+02
5.340000000000000000e+02 5.350000000000000000e+02
5.990000000000000000e+02 5.300000000000000000e+02
6.610000000000000000e+02 5.470000000000000000e+02
7.000000000000000000e+02 5.940000000000000000e+02
4.380000000000000000e+02 6.090000000000000000e+02
4.390000000000000000e+02 6.540000000000000000e+02
4.410000000000000000e+02 6.990000000000000000e+02
4.420000000000000000e+02 7.480000000000000000e+02
3.870000000000000000e+02 7.990000000000000000e+02
4.130000000000000000e+02 8.090000000000000000e+02
4.400000000000000000e+02 8.170000000000000000e+02
4.670000000000000000e+02 8.090000000000000000e+02
4.940000000000000000e+02 8.010000000000000000e+02
2.540000000000000000e+02 6.250000000000000000e+02
2.850000000000000000e+02 6.050000000000000000e+02
3.250000000000000000e+02 6.040000000000000000e+02
3.580000000000000000e+02 6.280000000000000000e+02
3.230000000000000000e+02 6.380000000000000000e+02
2.840000000000000000e+02 6.390000000000000000e+02
5.190000000000000000e+02 6.290000000000000000e+02
5.520000000000000000e+02 6.070000000000000000e+02
5.920000000000000000e+02 6.090000000000000000e+02
6.210000000000000000e+02 6.300000000000000000e+02
5.920000000000000000e+02 6.420000000000000000e+02
5.530000000000000000e+02 6.400000000000000000e+02
3.410000000000000000e+02 9.190000000000000000e+02
3.760000000000000000e+02 8.960000000000000000e+02
4.140000000000000000e+02 8.850000000000000000e+02
4.430000000000000000e+02 8.940000000000000000e+02
4.720000000000000000e+02 8.850000000000000000e+02
5.110000000000000000e+02 8.960000000000000000e+02
5.450000000000000000e+02 9.180000000000000000e+02
5.110000000000000000e+02 9.420000000000000000e+02
4.740000000000000000e+02 9.550000000000000000e+02
4.430000000000000000e+02 9.570000000000000000e+02
4.120000000000000000e+02 9.540000000000000000e+02
3.750000000000000000e+02 9.420000000000000000e+02
3.590000000000000000e+02 9.180000000000000000e+02
4.130000000000000000e+02 9.150000000000000000e+02
4.420000000000000000e+02 9.180000000000000000e+02
4.720000000000000000e+02 9.150000000000000000e+02
5.270000000000000000e+02 9.170000000000000000e+02
4.730000000000000000e+02 9.180000000000000000e+02
4.430000000000000000e+02 9.210000000000000000e+02
4.130000000000000000e+02 9.160000000000000000e+02
