1.150000000000000000e+02 6.140000000000000000e+02
1.240000000000000000e+02 6.990000000000000000e+02
1.410000000000000000e+02 7.780000000000000000e+02
1.550000000000000000e+02 8.590000000000000000e+02
1.800000000000000000e+02 9.360000000000000000e+02
2.240000000000000000e+02 1.002000000000000000e+03
2.870000000000000000e+02 1.056000000000000000e+03
3.620000000000000000e+02 1.100000000000000000e+03
4.380000000000000000e+02 1.115000000000000000e+03
5.120000000000000000e+02 1.101000000000000000e+03
5.840000000000000000e+02 1.059000000000000000e+03
6.440000000000000000e+02 1.006000000000000000e+03
6.890000000000000000e+02 9.410000000000000000e+02
7.120000000000000000e+02 8.630000000000000000e+02
7.230000000000000000e+02 7.820000000000000000e+02
7.390000000000000000e+02 7.030000000000000000e+02
7.500000000000000000e+02 6.190000000000000000e+02
1.790000000000000000e+02 5.760000000000000000e+02
2.200000000000000000e+02 5.430000000000000000e+02
2.750000000000000000e+02 5.290000000000000000e+02
3.320000000000000000e+02 5.350000000000000000e+02
3.860000000000000000e+02 5.550000000000000000e+02
4.990000000000000000e+02 5.600000000000000000e+02
5.510000000000000000e+02 5.410000000000000000e+02
6.060000000000000000e+02 5.340000000000000000e+02
6.600000000000000000e+02 5.460000000000000000e+02
7.000000000000000000e+02 5.800000000000000000e+02
4.410000000000000000e+02 6.240000000000000000e+02
4.410000000000000000e+02 6.770000000000000000e+02
4.410000000000000000e+02 7.300000000000000000e+02
4.410000000000000000e+02 7.830000000000000000e+02
3.890000000000000000e+02 8.180000000000000000e+02
4.140000000000000000e+02 8.280000000000000000e+02
4.400000000000000000e+02 8.360000000000000000e+02
4.670000000000000000e+02 8.270000000000000000e+02
4.920000000000000000e+02 8.170000000000000000e+02
2.450000000000000000e+02 6.330000000000000000e+02
2.790000000000000000e+02 6.090000000000000000e+02
3.210000000000000000e+02 6.100000000000000000e+02
3.580000000000000000e+02 6.400000000000000000e+02
3.190000000000000000e+02 6.510000000000000000e+02
2.770000000000000000e+02 6.510000000000000000e+02
5.230000000000000000e+02 6.400000000000000000e+02
5.580000000000000000e+02 6.130000000000000000e+02
5.990000000000000000e+02 6.130000000000000000e+02
6.340000000000000000e+02 6.370000000000000000e+02
6.010000000000000000e+02 6.520000000000000000e+02
5.590000000000000000e+02 6.510000000000000000e+02
3.310000000000000000e+02 9.210000000000000000e+02
3.720000000000000000e+02 9.000000000000000000e+02
4.110000000000000000e+02 8.870000000000000000e+02
4.420000000000000000e+02 8.960000000000000000e+02
4.730000000000000000e+02 8.870000000000000000e+02
5.100000000000000000e+02 8.970000000000000000e+02
5.500000000000000000e+02 9.180000000000000000e+02
5.120000000000000000e+02 9.530000000000000000e+02
4.750000000000000000e+02 9.660000000000000000e+02
4.420000000000000000e+02 9.700000000000000000e+02
4.080000000000000000e+02 9.670000000000000000e+02
3.700000000000000000e+02 9.540000000000000000e+02
3.520000000000000000e+02 9.210000000000000000e+02
4.100000000000000000e+02 9.180000000000000000e+02
4.420000000000000000e+02 9.200000000000000000e+02
4.730000000000000000e+02 9.170000000000000000e+02
5.300000000000000000e+02 9.190000000000000000e+02
4.740000000000000000e+02 9.230000000000000000e+02
4.420000000000000000e+02 9.260000000000000000e+02
4.100000000000000000e+02 9.230000000000000000e+02
