1.480000000000000000e+02 6.140000000000000000e+02
1.530000000000000000e+02 6.930000000000000000e+02
1.640000000000000000e+02 7.730000000000000000e+02
1.780000000000000000e+02 8.530000000000000000e+02
2.000000000000000000e+02 9.360000000000000000e+02
2.350000000000000000e+02 1.011000000000000000e+03
2.850000000000000000e+02 1.076000000000000000e+03
3.540000000000000000e+02 1.124000000000000000e+03
4.380000000000000000e+02 1.139000000000000000e+03
5.240000000000000000e+02 1.130000000000000000e+03
5.920000000000000000e+02 1.086000000000000000e+03
6.430000000000000000e+02 1.021000000000000000e+03
6.800000000000000000e+02 9.430000000000000000e+02
7.020000000000000000e+02 8.570000000000000000e+02
7.150000000000000000e+02 7.710000000000000000e+02
7.240000000000000000e+02 6.860000000000000000e+02
7.240000000000000000e+02 6.040000000000000000e+02
1.890000000000000000e+02 6.010000000000000000e+02
2.170000000000000000e+02 5.500000000000000000e+02
2.740000000000000000e+02 5.310000000000000000e+02
3.330000000000000000e+02 5.390000000000000000e+02
3.910000000000000000e+02 5.580000000000000000e+02
4.790000000000000000e+02 5.550000000000000000e+02
5.360000000000000000e+02 5.330000000000000000e+02
5.970000000000000000e+02 5.230000000000000000e+02
6.540000000000000000e+02 5.430000000000000000e+02
6.820000000000000000e+02 5.940000000000000000e+02
4.390000000000000000e+02 6.070000000000000000e+02
4.410000000000000000e+02 6.620000000000000000e+02
4.420000000000000000e+02 7.180000000000000000e+02
4.440000000000000000e+02 7.750000000000000000e+02
3.920000000000000000e+02 8.120000000000000000e+02
4.170000000000000000e+02 8.200000000000000000e+02
4.450000000000000000e+02 8.260000000000000000e+02
4.720000000000000000e+02 8.200000000000000000e+02
4.960000000000000000e+02 8.110000000000000000e+02
2.690000000000000000e+02 6.220000000000000000e+02
2.950000000000000000e+02 6.040000000000000000e+02
3.330000000000000000e+02 6.020000000000000000e+02
3.660000000000000000e+02 6.240000000000000000e+02
3.320000000000000000e+02 6.370000000000000000e+02
2.950000000000000000e+02 6.380000000000000000e+02
5.140000000000000000e+02 6.190000000000000000e+02
5.450000000000000000e+02 5.970000000000000000e+02
5.830000000000000000e+02 5.970000000000000000e+02
6.120000000000000000e+02 6.140000000000000000e+02
5.850000000000000000e+02 6.320000000000000000e+02
5.470000000000000000e+02 6.310000000000000000e+02
3.420000000000000000e+02 9.260000000000000000e+02
3.800000000000000000e+02 9.240000000000000000e+02
4.150000000000000000e+02 9.230000000000000000e+02
4.440000000000000000e+02 9.320000000000000000e+02
4.700000000000000000e+02 9.240000000000000000e+02
5.040000000000000000e+02 9.260000000000000000e+02
5.440000000000000000e+02 9.330000000000000000e+02
5.050000000000000000e+02 9.570000000000000000e+02
4.720000000000000000e+02 9.610000000000000000e+02
4.440000000000000000e+02 9.620000000000000000e+02
4.140000000000000000e+02 9.610000000000000000e+02
3.790000000000000000e+02 9.540000000000000000e+02
3.550000000000000000e+02 9.270000000000000000e+02
4.150000000000000000e+02 9.330000000000000000e+02
4.440000000000000000e+02 9.390000000000000000e+02
4.720000000000000000e+02 9.340000000000000000e+02
5.300000000000000000e+02 9.330000000000000000e+02
4.710000000000000000e+02 9.310000000000000000e+02
4.430000000000000000e+02 9.340000000000000000e+02
4.140000000000000000e+02 9.290000000000000000e+02
