1.350000000000000000e+02 6.860000000000000000e+02
1.460000000000000000e+02 7.610000000000000000e+02
1.610000000000000000e+02 8.330000000000000000e+02
1.770000000000000000e+02 9.060000000000000000e+02
2.020000000000000000e+02 9.740000000000000000e+02
2.430000000000000000e+02 1.031000000000000000e+03
3.020000000000000000e+02 1.075000000000000000e+03
3.700000000000000000e+02 1.109000000000000000e+03
4.410000000000000000e+02 1.119000000000000000e+03
5.110000000000000000e+02 1.107000000000000000e+03
5.770000000000000000e+02 1.071000000000000000e+03
6.320000000000000000e+02 1.023000000000000000e+03
6.720000000000000000e+02 9.620000000000000000e+02
6.930000000000000000e+02 8.910000000000000000e+02
7.040000000000000000e+02 8.180000000000000000e+02
7.140000000000000000e+02 7.470000000000000000e+02
7.200000000000000000e+02 6.740000000000000000e+02
1.740000000000000000e+02 5.770000000000000000e+02
2.090000000000000000e+02 5.310000000000000000e+02
2.660000000000000000e+02 5.070000000000000000e+02
3.270000000000000000e+02 5.080000000000000000e+02
3.830000000000000000e+02 5.330000000000000000e+02
5.060000000000000000e+02 5.240000000000000000e+02
5.570000000000000000e+02 4.970000000000000000e+02
6.150000000000000000e+02 4.930000000000000000e+02
6.700000000000000000e+02 5.200000000000000000e+02
6.990000000000000000e+02 5.700000000000000000e+02
4.450000000000000000e+02 6.120000000000000000e+02
4.460000000000000000e+02 6.620000000000000000e+02
4.470000000000000000e+02 7.110000000000000000e+02
4.490000000000000000e+02 7.610000000000000000e+02
4.010000000000000000e+02 8.050000000000000000e+02
4.230000000000000000e+02 8.140000000000000000e+02
4.460000000000000000e+02 8.220000000000000000e+02
4.690000000000000000e+02 8.160000000000000000e+02
4.900000000000000000e+02 8.070000000000000000e+02
2.460000000000000000e+02 6.410000000000000000e+02
2.800000000000000000e+02 6.140000000000000000e+02
3.250000000000000000e+02 6.120000000000000000e+02
3.650000000000000000e+02 6.400000000000000000e+02
3.230000000000000000e+02 6.530000000000000000e+02
2.790000000000000000e+02 6.570000000000000000e+02
5.200000000000000000e+02 6.390000000000000000e+02
5.600000000000000000e+02 6.090000000000000000e+02
6.050000000000000000e+02 6.110000000000000000e+02
6.400000000000000000e+02 6.420000000000000000e+02
6.060000000000000000e+02 6.570000000000000000e+02
5.620000000000000000e+02 6.530000000000000000e+02
3.320000000000000000e+02 9.210000000000000000e+02
3.790000000000000000e+02 8.980000000000000000e+02
4.170000000000000000e+02 8.840000000000000000e+02
4.420000000000000000e+02 8.920000000000000000e+02
4.680000000000000000e+02 8.870000000000000000e+02
5.010000000000000000e+02 9.030000000000000000e+02
5.390000000000000000e+02 9.280000000000000000e+02
4.970000000000000000e+02 9.450000000000000000e+02
4.630000000000000000e+02 9.510000000000000000e+02
4.350000000000000000e+02 9.530000000000000000e+02
4.090000000000000000e+02 9.490000000000000000e+02
3.730000000000000000e+02 9.390000000000000000e+02
3.540000000000000000e+02 9.190000000000000000e+02
4.150000000000000000e+02 9.120000000000000000e+02
4.410000000000000000e+02 9.150000000000000000e+02
4.670000000000000000e+02 9.150000000000000000e+02
5.160000000000000000e+02 9.260000000000000000e+02
4.630000000000000000e+02 9.170000000000000000e+02
4.380000000000000000e+02 9.190000000000000000e+02
4.130000000000000000e+02 9.160000000000000000e+02
