1.440000000000000000e+02 6.130000000000000000e+02
1.530000000000000000e+02 6.970000000000000000e+02
1.690000000000000000e+02 7.810000000000000000e+02
1.850000000000000000e+02 8.620000000000000000e+02
2.070000000000000000e+02 9.410000000000000000e+02
2.500000000000000000e+02 1.010000000000000000e+03
3.060000000000000000e+02 1.071000000000000000e+03
3.700000000000000000e+02 1.115000000000000000e+03
4.430000000000000000e+02 1.127000000000000000e+03
5.160000000000000000e+02 1.114000000000000000e+03
5.780000000000000000e+02 1.070000000000000000e+03
6.290000000000000000e+02 1.008000000000000000e+03
6.700000000000000000e+02 9.360000000000000000e+02
6.880000000000000000e+02 8.560000000000000000e+02
7.020000000000000000e+02 7.720000000000000000e+02
7.180000000000000000e+02 6.870000000000000000e+02
7.240000000000000000e+02 6.030000000000000000e+02
2.000000000000000000e+02 5.800000000000000000e+02
2.340000000000000000e+02 5.400000000000000000e+02
2.880000000000000000e+02 5.220000000000000000e+02
3.440000000000000000e+02 5.270000000000000000e+02
3.970000000000000000e+02 5.480000000000000000e+02
4.860000000000000000e+02 5.500000000000000000e+02
5.380000000000000000e+02 5.290000000000000000e+02
5.940000000000000000e+02 5.220000000000000000e+02
6.470000000000000000e+02 5.380000000000000000e+02
6.800000000000000000e+02 5.790000000000000000e+02
4.400000000000000000e+02 6.080000000000000000e+02
4.420000000000000000e+02 6.700000000000000000e+02
4.430000000000000000e+02 7.300000000000000000e+02
4.450000000000000000e+02 7.930000000000000000e+02
3.930000000000000000e+02 8.270000000000000000e+02
4.180000000000000000e+02 8.350000000000000000e+02
4.450000000000000000e+02 8.430000000000000000e+02
4.720000000000000000e+02 8.350000000000000000e+02
4.990000000000000000e+02 8.270000000000000000e+02
2.660000000000000000e+02 6.230000000000000000e+02
2.980000000000000000e+02 6.080000000000000000e+02
3.360000000000000000e+02 6.090000000000000000e+02
3.710000000000000000e+02 6.300000000000000000e+02
3.340000000000000000e+02 6.390000000000000000e+02
2.960000000000000000e+02 6.390000000000000000e+02
5.100000000000000000e+02 6.280000000000000000e+02
5.440000000000000000e+02 6.080000000000000000e+02
5.830000000000000000e+02 6.060000000000000000e+02
6.150000000000000000e+02 6.190000000000000000e+02
5.860000000000000000e+02 6.380000000000000000e+02
5.470000000000000000e+02 6.380000000000000000e+02
3.370000000000000000e+02 9.220000000000000000e+02
3.730000000000000000e+02 9.090000000000000000e+02
4.100000000000000000e+02 9.030000000000000000e+02
4.440000000000000000e+02 9.150000000000000000e+02
4.770000000000000000e+02 9.050000000000000000e+02
5.130000000000000000e+02 9.120000000000000000e+02
5.490000000000000000e+02 9.250000000000000000e+02
5.120000000000000000e+02 9.580000000000000000e+02
4.770000000000000000e+02 9.730000000000000000e+02
4.420000000000000000e+02 9.760000000000000000e+02
4.060000000000000000e+02 9.700000000000000000e+02
3.710000000000000000e+02 9.510000000000000000e+02
3.530000000000000000e+02 9.260000000000000000e+02
4.080000000000000000e+02 9.250000000000000000e+02
4.430000000000000000e+02 9.310000000000000000e+02
4.770000000000000000e+02 9.260000000000000000e+02
5.320000000000000000e+02 9.280000000000000000e+02
4.770000000000000000e+02 9.330000000000000000e+02
4.420000000000000000e+02 9.370000000000000000e+02
4.070000000000000000e+02 9.300000000000000000e+02
