1.220000000000000000e+02 6.310000000000000000e+02
1.310000000000000000e+02 7.140000000000000000e+02
1.480000000000000000e+02 7.960000000000000000e+02
1.650000000000000000e+02 8.790000000000000000e+02
1.900000000000000000e+02 9.610000000000000000e+02
2.390000000000000000e+02 1.027000000000000000e+03
3.020000000000000000e+02 1.079000000000000000e+03
3.680000000000000000e+02 1.121000000000000000e+03
4.480000000000000000e+02 1.130000000000000000e+03
5.270000000000000000e+02 1.120000000000000000e+03
5.990000000000000000e+02 1.077000000000000000e+03
6.660000000000000000e+02 1.029000000000000000e+03
7.170000000000000000e+02 9.640000000000000000e+02
7.410000000000000000e+02 8.810000000000000000e+02
7.520000000000000000e+02 7.960000000000000000e+02
7.640000000000000000e+02 7.120000000000000000e+02
7.690000000000000000e+02 6.280000000000000000e+02
1.750000000000000000e+02 5.890000000000000000e+02
2.130000000000000000e+02 5.500000000000000000e+02
2.720000000000000000e+02 5.410000000000000000e+02
3.320000000000000000e+02 5.540000000000000000e+02
3.900000000000000000e+02 5.750000000000000000e+02
4.820000000000000000e+02 5.730000000000000000e+02
5.400000000000000000e+02 5.500000000000000000e+02
5.990000000000000000e+02 5.390000000000000000e+02
6.550000000000000000e+02 5.480000000000000000e+02
6.940000000000000000e+02 5.840000000000000000e+02
4.380000000000000000e+02 6.180000000000000000e+02
4.380000000000000000e+02 6.680000000000000000e+02
4.380000000000000000e+02 7.190000000000000000e+02
4.380000000000000000e+02 7.720000000000000000e+02
3.760000000000000000e+02 8.080000000000000000e+02
4.060000000000000000e+02 8.190000000000000000e+02
4.390000000000000000e+02 8.270000000000000000e+02
4.720000000000000000e+02 8.190000000000000000e+02
5.030000000000000000e+02 8.090000000000000000e+02
2.520000000000000000e+02 6.280000000000000000e+02
2.840000000000000000e+02 6.120000000000000000e+02
3.230000000000000000e+02 6.100000000000000000e+02
3.570000000000000000e+02 6.280000000000000000e+02
3.220000000000000000e+02 6.400000000000000000e+02
2.830000000000000000e+02 6.410000000000000000e+02
5.220000000000000000e+02 6.280000000000000000e+02
5.560000000000000000e+02 6.100000000000000000e+02
5.940000000000000000e+02 6.110000000000000000e+02
6.240000000000000000e+02 6.280000000000000000e+02
5.960000000000000000e+02 6.410000000000000000e+02
5.580000000000000000e+02 6.400000000000000000e+02
3.310000000000000000e+02 9.190000000000000000e+02
3.740000000000000000e+02 9.000000000000000000e+02
4.110000000000000000e+02 8.890000000000000000e+02
4.410000000000000000e+02 8.960000000000000000e+02
4.730000000000000000e+02 8.880000000000000000e+02
5.130000000000000000e+02 9.000000000000000000e+02
5.540000000000000000e+02 9.190000000000000000e+02
5.120000000000000000e+02 9.280000000000000000e+02
4.740000000000000000e+02 9.340000000000000000e+02
4.420000000000000000e+02 9.370000000000000000e+02
4.100000000000000000e+02 9.360000000000000000e+02
3.740000000000000000e+02 9.310000000000000000e+02
3.490000000000000000e+02 9.190000000000000000e+02
4.110000000000000000e+02 9.100000000000000000e+02
4.420000000000000000e+02 9.110000000000000000e+02
4.740000000000000000e+02 9.090000000000000000e+02
5.370000000000000000e+02 9.180000000000000000e+02
4.730000000000000000e+02 9.050000000000000000e+02
4.410000000000000000e+02 9.080000000000000000e+02
4.110000000000000000e+02 9.060000000000000000e+02
