1.460000000000000000e+02 6.410000000000000000e+02
1.500000000000000000e+02 7.150000000000000000e+02
1.630000000000000000e+02 7.910000000000000000e+02
1.790000000000000000e+02 8.660000000000000000e+02
1.990000000000000000e+02 9.420000000000000000e+02
2.360000000000000000e+02 1.009000000000000000e+03
2.890000000000000000e+02 1.065000000000000000e+03
3.580000000000000000e+02 1.106000000000000000e+03
4.410000000000000000e+02 1.117000000000000000e+03
5.230000000000000000e+02 1.107000000000000000e+03
5.930000000000000000e+02 1.066000000000000000e+03
6.460000000000000000e+02 1.007000000000000000e+03
6.850000000000000000e+02 9.390000000000000000e+02
7.060000000000000000e+02 8.640000000000000000e+02
7.210000000000000000e+02 7.870000000000000000e+02
7.320000000000000000e+02 7.110000000000000000e+02
7.350000000000000000e+02 6.340000000000000000e+02
1.850000000000000000e+02 6.100000000000000000e+02
2.160000000000000000e+02 5.650000000000000000e+02
2.700000000000000000e+02 5.410000000000000000e+02
3.320000000000000000e+02 5.400000000000000000e+02
3.900000000000000000e+02 5.540000000000000000e+02
4.880000000000000000e+02 5.510000000000000000e+02
5.470000000000000000e+02 5.340000000000000000e+02
6.080000000000000000e+02 5.350000000000000000e+02
6.630000000000000000e+02 5.580000000000000000e+02
6.930000000000000000e+02 6.020000000000000000e+02
4.390000000000000000e+02 6.120000000000000000e+02
4.390000000000000000e+02 6.650000000000000000e+02
4.390000000000000000e+02 7.170000000000000000e+02
4.390000000000000000e+02 7.730000000000000000e+02
3.860000000000000000e+02 8.120000000000000000e+02
4.120000000000000000e+02 8.210000000000000000e+02
4.420000000000000000e+02 8.290000000000000000e+02
4.700000000000000000e+02 8.190000000000000000e+02
4.950000000000000000e+02 8.080000000000000000e+02
2.510000000000000000e+02 6.320000000000000000e+02
2.830000000000000000e+02 6.050000000000000000e+02
3.240000000000000000e+02 6.040000000000000000e+02
3.610000000000000000e+02 6.320000000000000000e+02
3.230000000000000000e+02 6.420000000000000000e+02
2.820000000000000000e+02 6.450000000000000000e+02
5.210000000000000000e+02 6.280000000000000000e+02
5.580000000000000000e+02 5.980000000000000000e+02
5.980000000000000000e+02 5.970000000000000000e+02
6.280000000000000000e+02 6.220000000000000000e+02
6.000000000000000000e+02 6.370000000000000000e+02
5.600000000000000000e+02 6.360000000000000000e+02
3.360000000000000000e+02 9.290000000000000000e+02
3.740000000000000000e+02 9.120000000000000000e+02
4.140000000000000000e+02 9.020000000000000000e+02
4.420000000000000000e+02 9.090000000000000000e+02
4.720000000000000000e+02 8.990000000000000000e+02
5.110000000000000000e+02 9.070000000000000000e+02
5.510000000000000000e+02 9.210000000000000000e+02
5.130000000000000000e+02 9.400000000000000000e+02
4.760000000000000000e+02 9.480000000000000000e+02
4.450000000000000000e+02 9.520000000000000000e+02
4.140000000000000000e+02 9.520000000000000000e+02
3.760000000000000000e+02 9.470000000000000000e+02
3.550000000000000000e+02 9.280000000000000000e+02
4.130000000000000000e+02 9.220000000000000000e+02
4.430000000000000000e+02 9.240000000000000000e+02
4.740000000000000000e+02 9.190000000000000000e+02
5.330000000000000000e+02 9.210000000000000000e+02
4.750000000000000000e+02 9.160000000000000000e+02
4.440000000000000000e+02 9.210000000000000000e+02
4.140000000000000000e+02 9.190000000000000000e+02
