1.210000000000000000e+02 6.220000000000000000e+02
1.300000000000000000e+02 7.020000000000000000e+02
1.470000000000000000e+02 7.800000000000000000e+02
1.610000000000000000e+02 8.580000000000000000e+02
1.880000000000000000e+02 9.330000000000000000e+02
2.330000000000000000e+02 9.980000000000000000e+02
2.950000000000000000e+02 1.053000000000000000e+03
3.640000000000000000e+02 1.100000000000000000e+03
4.430000000000000000e+02 1.112000000000000000e+03
5.210000000000000000e+02 1.097000000000000000e+03
5.900000000000000000e+02 1.050000000000000000e+03
6.510000000000000000e+02 9.960000000000000000e+02
6.950000000000000000e+02 9.300000000000000000e+02
7.190000000000000000e+02 8.560000000000000000e+02
7.310000000000000000e+02 7.800000000000000000e+02
7.450000000000000000e+02 7.030000000000000000e+02
7.520000000000000000e+02 6.230000000000000000e+02
1.710000000000000000e+02 5.780000000000000000e+02
2.140000000000000000e+02 5.430000000000000000e+02
2.720000000000000000e+02 5.330000000000000000e+02
3.290000000000000000e+02 5.460000000000000000e+02
3.830000000000000000e+02 5.730000000000000000e+02
5.020000000000000000e+02 5.670000000000000000e+02
5.550000000000000000e+02 5.390000000000000000e+02
6.110000000000000000e+02 5.250000000000000000e+02
6.670000000000000000e+02 5.390000000000000000e+02
7.050000000000000000e+02 5.770000000000000000e+02
4.410000000000000000e+02 6.300000000000000000e+02
4.430000000000000000e+02 6.810000000000000000e+02
4.460000000000000000e+02 7.320000000000000000e+02
4.470000000000000000e+02 7.850000000000000000e+02
3.880000000000000000e+02 8.220000000000000000e+02
4.150000000000000000e+02 8.340000000000000000e+02
4.440000000000000000e+02 8.440000000000000000e+02
4.730000000000000000e+02 8.350000000000000000e+02
5.000000000000000000e+02 8.240000000000000000e+02
2.340000000000000000e+02 6.350000000000000000e+02
2.720000000000000000e+02 6.120000000000000000e+02
3.190000000000000000e+02 6.150000000000000000e+02
3.590000000000000000e+02 6.480000000000000000e+02
3.170000000000000000e+02 6.570000000000000000e+02
2.690000000000000000e+02 6.570000000000000000e+02
5.190000000000000000e+02 6.490000000000000000e+02
5.580000000000000000e+02 6.140000000000000000e+02
6.050000000000000000e+02 6.110000000000000000e+02
6.410000000000000000e+02 6.360000000000000000e+02
6.100000000000000000e+02 6.580000000000000000e+02
5.620000000000000000e+02 6.590000000000000000e+02
3.160000000000000000e+02 9.080000000000000000e+02
3.660000000000000000e+02 8.940000000000000000e+02
4.120000000000000000e+02 8.840000000000000000e+02
4.440000000000000000e+02 8.920000000000000000e+02
4.760000000000000000e+02 8.830000000000000000e+02
5.200000000000000000e+02 8.910000000000000000e+02
5.690000000000000000e+02 9.020000000000000000e+02
5.220000000000000000e+02 9.450000000000000000e+02
4.780000000000000000e+02 9.620000000000000000e+02
4.430000000000000000e+02 9.660000000000000000e+02
4.100000000000000000e+02 9.640000000000000000e+02
3.640000000000000000e+02 9.480000000000000000e+02
3.390000000000000000e+02 9.140000000000000000e+02
4.110000000000000000e+02 9.150000000000000000e+02
4.440000000000000000e+02 9.170000000000000000e+02
4.770000000000000000e+02 9.140000000000000000e+02
5.470000000000000000e+02 9.090000000000000000e+02
4.760000000000000000e+02 9.150000000000000000e+02
4.430000000000000000e+02 9.180000000000000000e+02
4.110000000000000000e+02 9.160000000000000000e+02
