1.140000000000000000e+02 6.370000000000000000e+02
1.260000000000000000e+02 7.200000000000000000e+02
1.430000000000000000e+02 7.980000000000000000e+02
1.590000000000000000e+02 8.780000000000000000e+02
1.850000000000000000e+02 9.550000000000000000e+02
2.310000000000000000e+02 1.018000000000000000e+03
2.950000000000000000e+02 1.067000000000000000e+03
3.660000000000000000e+02 1.107000000000000000e+03
4.410000000000000000e+02 1.118000000000000000e+03
5.170000000000000000e+02 1.106000000000000000e+03
5.900000000000000000e+02 1.066000000000000000e+03
6.560000000000000000e+02 1.019000000000000000e+03
7.050000000000000000e+02 9.570000000000000000e+02
7.340000000000000000e+02 8.820000000000000000e+02
7.480000000000000000e+02 8.030000000000000000e+02
7.630000000000000000e+02 7.250000000000000000e+02
7.740000000000000000e+02 6.430000000000000000e+02
1.670000000000000000e+02 5.760000000000000000e+02
2.130000000000000000e+02 5.400000000000000000e+02
2.730000000000000000e+02 5.300000000000000000e+02
3.340000000000000000e+02 5.410000000000000000e+02
3.900000000000000000e+02 5.670000000000000000e+02
4.920000000000000000e+02 5.690000000000000000e+02
5.490000000000000000e+02 5.440000000000000000e+02
6.080000000000000000e+02 5.310000000000000000e+02
6.670000000000000000e+02 5.400000000000000000e+02
7.120000000000000000e+02 5.740000000000000000e+02
4.400000000000000000e+02 6.250000000000000000e+02
4.400000000000000000e+02 6.740000000000000000e+02
4.400000000000000000e+02 7.230000000000000000e+02
4.400000000000000000e+02 7.730000000000000000e+02
3.850000000000000000e+02 8.120000000000000000e+02
4.120000000000000000e+02 8.220000000000000000e+02
4.400000000000000000e+02 8.300000000000000000e+02
4.690000000000000000e+02 8.220000000000000000e+02
4.970000000000000000e+02 8.130000000000000000e+02
2.390000000000000000e+02 6.350000000000000000e+02
2.750000000000000000e+02 6.130000000000000000e+02
3.170000000000000000e+02 6.130000000000000000e+02
3.520000000000000000e+02 6.440000000000000000e+02
3.140000000000000000e+02 6.510000000000000000e+02
2.730000000000000000e+02 6.520000000000000000e+02
5.300000000000000000e+02 6.440000000000000000e+02
5.670000000000000000e+02 6.140000000000000000e+02
6.090000000000000000e+02 6.130000000000000000e+02
6.440000000000000000e+02 6.350000000000000000e+02
6.110000000000000000e+02 6.530000000000000000e+02
5.690000000000000000e+02 6.520000000000000000e+02
3.260000000000000000e+02 9.180000000000000000e+02
3.710000000000000000e+02 8.890000000000000000e+02
4.100000000000000000e+02 8.760000000000000000e+02
4.390000000000000000e+02 8.830000000000000000e+02
4.680000000000000000e+02 8.780000000000000000e+02
5.070000000000000000e+02 8.930000000000000000e+02
5.520000000000000000e+02 9.210000000000000000e+02
5.050000000000000000e+02 9.360000000000000000e+02
4.670000000000000000e+02 9.420000000000000000e+02
4.370000000000000000e+02 9.440000000000000000e+02
4.060000000000000000e+02 9.420000000000000000e+02
3.690000000000000000e+02 9.350000000000000000e+02
3.470000000000000000e+02 9.170000000000000000e+02
4.090000000000000000e+02 9.070000000000000000e+02
4.390000000000000000e+02 9.090000000000000000e+02
4.680000000000000000e+02 9.080000000000000000e+02
5.310000000000000000e+02 9.190000000000000000e+02
4.670000000000000000e+02 9.100000000000000000e+02
4.370000000000000000e+02 9.120000000000000000e+02
4.080000000000000000e+02 9.090000000000000000e+02
