1.200000000000000000e+02 6.560000000000000000e+02
1.310000000000000000e+02 7.390000000000000000e+02
1.460000000000000000e+02 8.190000000000000000e+02
1.610000000000000000e+02 8.980000000000000000e+02
1.870000000000000000e+02 9.710000000000000000e+02
2.290000000000000000e+02 1.032000000000000000e+03
2.920000000000000000e+02 1.079000000000000000e+03
3.690000000000000000e+02 1.111000000000000000e+03
4.460000000000000000e+02 1.124000000000000000e+03
5.220000000000000000e+02 1.110000000000000000e+03
5.910000000000000000e+02 1.071000000000000000e+03
6.490000000000000000e+02 1.021000000000000000e+03
6.860000000000000000e+02 9.610000000000000000e+02
7.060000000000000000e+02 8.860000000000000000e+02
7.170000000000000000e+02 8.080000000000000000e+02
7.330000000000000000e+02 7.310000000000000000e+02
7.460000000000000000e+02 6.490000000000000000e+02
1.790000000000000000e+02 5.630000000000000000e+02
2.230000000000000000e+02 5.290000000000000000e+02
2.810000000000000000e+02 5.210000000000000000e+02
3.390000000000000000e+02 5.310000000000000000e+02
3.920000000000000000e+02 5.570000000000000000e+02
4.910000000000000000e+02 5.570000000000000000e+02
5.450000000000000000e+02 5.350000000000000000e+02
6.030000000000000000e+02 5.290000000000000000e+02
6.570000000000000000e+02 5.440000000000000000e+02
6.930000000000000000e+02 5.810000000000000000e+02
4.430000000000000000e+02 6.140000000000000000e+02
4.440000000000000000e+02 6.650000000000000000e+02
4.450000000000000000e+02 7.180000000000000000e+02
4.460000000000000000e+02 7.710000000000000000e+02
3.900000000000000000e+02 8.050000000000000000e+02
4.160000000000000000e+02 8.190000000000000000e+02
4.450000000000000000e+02 8.280000000000000000e+02
4.730000000000000000e+02 8.180000000000000000e+02
4.980000000000000000e+02 8.040000000000000000e+02
2.440000000000000000e+02 6.290000000000000000e+02
2.760000000000000000e+02 6.030000000000000000e+02
3.170000000000000000e+02 6.030000000000000000e+02
3.550000000000000000e+02 6.330000000000000000e+02
3.170000000000000000e+02 6.420000000000000000e+02
2.750000000000000000e+02 6.430000000000000000e+02
5.210000000000000000e+02 6.330000000000000000e+02
5.570000000000000000e+02 6.050000000000000000e+02
5.980000000000000000e+02 6.050000000000000000e+02
6.300000000000000000e+02 6.300000000000000000e+02
5.980000000000000000e+02 6.430000000000000000e+02
5.570000000000000000e+02 6.410000000000000000e+02
3.330000000000000000e+02 9.250000000000000000e+02
3.810000000000000000e+02 9.020000000000000000e+02
4.180000000000000000e+02 8.890000000000000000e+02
4.460000000000000000e+02 8.950000000000000000e+02
4.730000000000000000e+02 8.880000000000000000e+02
5.070000000000000000e+02 8.990000000000000000e+02
5.480000000000000000e+02 9.200000000000000000e+02
5.100000000000000000e+02 9.380000000000000000e+02
4.770000000000000000e+02 9.420000000000000000e+02
4.480000000000000000e+02 9.440000000000000000e+02
4.180000000000000000e+02 9.430000000000000000e+02
3.810000000000000000e+02 9.400000000000000000e+02
3.530000000000000000e+02 9.240000000000000000e+02
4.180000000000000000e+02 9.100000000000000000e+02
4.460000000000000000e+02 9.120000000000000000e+02
4.730000000000000000e+02 9.090000000000000000e+02
5.280000000000000000e+02 9.190000000000000000e+02
4.750000000000000000e+02 9.100000000000000000e+02
4.480000000000000000e+02 9.130000000000000000e+02
4.190000000000000000e+02 9.110000000000000000e+02
