1.320000000000000000e+02 6.700000000000000000e+02
1.430000000000000000e+02 7.530000000000000000e+02
1.590000000000000000e+02 8.330000000000000000e+02
1.780000000000000000e+02 9.080000000000000000e+02
2.080000000000000000e+02 9.820000000000000000e+02
2.520000000000000000e+02 1.043000000000000000e+03
3.120000000000000000e+02 1.087000000000000000e+03
3.780000000000000000e+02 1.117000000000000000e+03
4.530000000000000000e+02 1.125000000000000000e+03
5.290000000000000000e+02 1.111000000000000000e+03
5.980000000000000000e+02 1.078000000000000000e+03
6.570000000000000000e+02 1.030000000000000000e+03
6.980000000000000000e+02 9.670000000000000000e+02
7.250000000000000000e+02 8.930000000000000000e+02
7.410000000000000000e+02 8.190000000000000000e+02
7.570000000000000000e+02 7.430000000000000000e+02
7.690000000000000000e+02 6.620000000000000000e+02
1.810000000000000000e+02 5.750000000000000000e+02
2.160000000000000000e+02 5.380000000000000000e+02
2.680000000000000000e+02 5.280000000000000000e+02
3.210000000000000000e+02 5.380000000000000000e+02
3.740000000000000000e+02 5.540000000000000000e+02
5.000000000000000000e+02 5.530000000000000000e+02
5.550000000000000000e+02 5.390000000000000000e+02
6.090000000000000000e+02 5.280000000000000000e+02
6.650000000000000000e+02 5.390000000000000000e+02
7.060000000000000000e+02 5.750000000000000000e+02
4.350000000000000000e+02 6.090000000000000000e+02
4.340000000000000000e+02 6.570000000000000000e+02
4.320000000000000000e+02 7.050000000000000000e+02
4.290000000000000000e+02 7.550000000000000000e+02
3.760000000000000000e+02 8.000000000000000000e+02
4.030000000000000000e+02 8.070000000000000000e+02
4.320000000000000000e+02 8.110000000000000000e+02
4.640000000000000000e+02 8.060000000000000000e+02
4.940000000000000000e+02 8.000000000000000000e+02
2.480000000000000000e+02 6.300000000000000000e+02
2.810000000000000000e+02 6.100000000000000000e+02
3.200000000000000000e+02 6.070000000000000000e+02
3.560000000000000000e+02 6.270000000000000000e+02
3.220000000000000000e+02 6.350000000000000000e+02
2.820000000000000000e+02 6.390000000000000000e+02
5.290000000000000000e+02 6.280000000000000000e+02
5.670000000000000000e+02 6.090000000000000000e+02
6.060000000000000000e+02 6.120000000000000000e+02
6.380000000000000000e+02 6.330000000000000000e+02
6.050000000000000000e+02 6.420000000000000000e+02
5.660000000000000000e+02 6.370000000000000000e+02
3.380000000000000000e+02 9.200000000000000000e+02
3.750000000000000000e+02 8.900000000000000000e+02
4.130000000000000000e+02 8.730000000000000000e+02
4.390000000000000000e+02 8.790000000000000000e+02
4.660000000000000000e+02 8.730000000000000000e+02
5.110000000000000000e+02 8.910000000000000000e+02
5.570000000000000000e+02 9.170000000000000000e+02
5.130000000000000000e+02 9.350000000000000000e+02
4.700000000000000000e+02 9.440000000000000000e+02
4.420000000000000000e+02 9.450000000000000000e+02
4.150000000000000000e+02 9.420000000000000000e+02
3.790000000000000000e+02 9.330000000000000000e+02
3.560000000000000000e+02 9.170000000000000000e+02
4.130000000000000000e+02 9.060000000000000000e+02
4.400000000000000000e+02 9.080000000000000000e+02
4.670000000000000000e+02 9.070000000000000000e+02
5.390000000000000000e+02 9.140000000000000000e+02
4.680000000000000000e+02 9.040000000000000000e+02
4.410000000000000000e+02 9.050000000000000000e+02
4.150000000000000000e+02 9.020000000000000000e+02
