1.080000000000000000e+02 6.100000000000000000e+02
1.190000000000000000e+02 6.960000000000000000e+02
1.350000000000000000e+02 7.760000000000000000e+02
1.500000000000000000e+02 8.560000000000000000e+02
1.760000000000000000e+02 9.330000000000000000e+02
2.220000000000000000e+02 9.990000000000000000e+02
2.860000000000000000e+02 1.054000000000000000e+03
3.620000000000000000e+02 1.097000000000000000e+03
4.470000000000000000e+02 1.109000000000000000e+03
5.310000000000000000e+02 1.099000000000000000e+03
6.070000000000000000e+02 1.060000000000000000e+03
6.700000000000000000e+02 1.008000000000000000e+03
7.130000000000000000e+02 9.390000000000000000e+02
7.370000000000000000e+02 8.610000000000000000e+02
7.510000000000000000e+02 7.810000000000000000e+02
7.670000000000000000e+02 7.000000000000000000e+02
7.770000000000000000e+02 6.140000000000000000e+02
1.700000000000000000e+02 5.940000000000000000e+02
2.110000000000000000e+02 5.600000000000000000e+02
2.680000000000000000e+02 5.440000000000000000e+02
3.250000000000000000e+02 5.480000000000000000e+02
3.790000000000000000e+02 5.680000000000000000e+02
4.900000000000000000e+02 5.680000000000000000e+02
5.470000000000000000e+02 5.510000000000000000e+02
6.050000000000000000e+02 5.480000000000000000e+02
6.620000000000000000e+02 5.580000000000000000e+02
7.070000000000000000e+02 5.890000000000000000e+02
4.370000000000000000e+02 6.320000000000000000e+02
4.360000000000000000e+02 6.870000000000000000e+02
4.350000000000000000e+02 7.410000000000000000e+02
4.340000000000000000e+02 7.970000000000000000e+02
3.830000000000000000e+02 8.270000000000000000e+02
4.080000000000000000e+02 8.380000000000000000e+02
4.360000000000000000e+02 8.460000000000000000e+02
4.640000000000000000e+02 8.370000000000000000e+02
4.910000000000000000e+02 8.270000000000000000e+02
2.480000000000000000e+02 6.330000000000000000e+02
2.850000000000000000e+02 6.100000000000000000e+02
3.280000000000000000e+02 6.100000000000000000e+02
3.640000000000000000e+02 6.400000000000000000e+02
3.250000000000000000e+02 6.470000000000000000e+02
2.830000000000000000e+02 6.470000000000000000e+02
5.150000000000000000e+02 6.400000000000000000e+02
5.520000000000000000e+02 6.090000000000000000e+02
5.940000000000000000e+02 6.080000000000000000e+02
6.300000000000000000e+02 6.320000000000000000e+02
5.970000000000000000e+02 6.460000000000000000e+02
5.550000000000000000e+02 6.460000000000000000e+02
3.230000000000000000e+02 9.020000000000000000e+02
3.660000000000000000e+02 8.910000000000000000e+02
4.080000000000000000e+02 8.850000000000000000e+02
4.380000000000000000e+02 8.930000000000000000e+02
4.680000000000000000e+02 8.850000000000000000e+02
5.140000000000000000e+02 8.930000000000000000e+02
5.640000000000000000e+02 9.020000000000000000e+02
5.170000000000000000e+02 9.370000000000000000e+02
4.710000000000000000e+02 9.540000000000000000e+02
4.390000000000000000e+02 9.580000000000000000e+02
4.060000000000000000e+02 9.540000000000000000e+02
3.650000000000000000e+02 9.370000000000000000e+02
3.430000000000000000e+02 9.070000000000000000e+02
4.080000000000000000e+02 9.130000000000000000e+02
4.380000000000000000e+02 9.170000000000000000e+02
4.690000000000000000e+02 9.130000000000000000e+02
5.420000000000000000e+02 9.060000000000000000e+02
4.690000000000000000e+02 9.140000000000000000e+02
4.380000000000000000e+02 9.190000000000000000e+02
4.080000000000000000e+02 9.140000000000000000e+02
