1.250000000000000000e+02 6.360000000000000000e+02
1.320000000000000000e+02 7.220000000000000000e+02
1.450000000000000000e+02 8.060000000000000000e+02
1.600000000000000000e+02 8.880000000000000000e+02
1.870000000000000000e+02 9.650000000000000000e+02
2.340000000000000000e+02 1.031000000000000000e+03
2.960000000000000000e+02 1.085000000000000000e+03
3.650000000000000000e+02 1.125000000000000000e+03
4.420000000000000000e+02 1.132000000000000000e+03
5.170000000000000000e+02 1.122000000000000000e+03
5.770000000000000000e+02 1.078000000000000000e+03
6.260000000000000000e+02 1.020000000000000000e+03
6.630000000000000000e+02 9.560000000000000000e+02
6.860000000000000000e+02 8.810000000000000000e+02
6.990000000000000000e+02 8.040000000000000000e+02
7.120000000000000000e+02 7.280000000000000000e+02
7.200000000000000000e+02 6.510000000000000000e+02
1.780000000000000000e+02 6.040000000000000000e+02
2.090000000000000000e+02 5.530000000000000000e+02
2.680000000000000000e+02 5.230000000000000000e+02
3.340000000000000000e+02 5.220000000000000000e+02
3.960000000000000000e+02 5.400000000000000000e+02
5.030000000000000000e+02 5.450000000000000000e+02
5.630000000000000000e+02 5.280000000000000000e+02
6.250000000000000000e+02 5.330000000000000000e+02
6.800000000000000000e+02 5.630000000000000000e+02
6.990000000000000000e+02 6.190000000000000000e+02
4.470000000000000000e+02 6.160000000000000000e+02
4.460000000000000000e+02 6.700000000000000000e+02
4.440000000000000000e+02 7.220000000000000000e+02
4.440000000000000000e+02 7.780000000000000000e+02
3.860000000000000000e+02 8.140000000000000000e+02
4.130000000000000000e+02 8.260000000000000000e+02
4.420000000000000000e+02 8.330000000000000000e+02
4.700000000000000000e+02 8.250000000000000000e+02
4.970000000000000000e+02 8.130000000000000000e+02
2.560000000000000000e+02 6.190000000000000000e+02
2.890000000000000000e+02 5.930000000000000000e+02
3.320000000000000000e+02 5.940000000000000000e+02
3.710000000000000000e+02 6.290000000000000000e+02
3.310000000000000000e+02 6.370000000000000000e+02
2.860000000000000000e+02 6.370000000000000000e+02
5.140000000000000000e+02 6.320000000000000000e+02
5.550000000000000000e+02 5.980000000000000000e+02
5.980000000000000000e+02 5.980000000000000000e+02
6.300000000000000000e+02 6.250000000000000000e+02
6.000000000000000000e+02 6.420000000000000000e+02
5.550000000000000000e+02 6.400000000000000000e+02
3.430000000000000000e+02 9.240000000000000000e+02
3.750000000000000000e+02 9.010000000000000000e+02
4.130000000000000000e+02 8.900000000000000000e+02
4.420000000000000000e+02 8.980000000000000000e+02
4.690000000000000000e+02 8.900000000000000000e+02
5.060000000000000000e+02 9.000000000000000000e+02
5.400000000000000000e+02 9.200000000000000000e+02
5.080000000000000000e+02 9.420000000000000000e+02
4.740000000000000000e+02 9.530000000000000000e+02
4.450000000000000000e+02 9.560000000000000000e+02
4.140000000000000000e+02 9.550000000000000000e+02
3.770000000000000000e+02 9.440000000000000000e+02
3.590000000000000000e+02 9.210000000000000000e+02
4.120000000000000000e+02 9.130000000000000000e+02
4.420000000000000000e+02 9.160000000000000000e+02
4.700000000000000000e+02 9.120000000000000000e+02
5.220000000000000000e+02 9.180000000000000000e+02
4.730000000000000000e+02 9.160000000000000000e+02
4.440000000000000000e+02 9.200000000000000000e+02
4.140000000000000000e+02 9.170000000000000000e+02
