1.200000000000000000e+02 6.360000000000000000e+02
1.320000000000000000e+02 7.210000000000000000e+02
1.490000000000000000e+02 8.000000000000000000e+02
1.680000000000000000e+02 8.800000000000000000e+02
1.960000000000000000e+02 9.530000000000000000e+02
2.400000000000000000e+02 1.017000000000000000e+03
3.010000000000000000e+02 1.069000000000000000e+03
3.720000000000000000e+02 1.106000000000000000e+03
4.500000000000000000e+02 1.117000000000000000e+03
5.250000000000000000e+02 1.101000000000000000e+03
5.870000000000000000e+02 1.059000000000000000e+03
6.420000000000000000e+02 1.008000000000000000e+03
6.790000000000000000e+02 9.460000000000000000e+02
7.010000000000000000e+02 8.750000000000000000e+02
7.170000000000000000e+02 8.000000000000000000e+02
7.350000000000000000e+02 7.250000000000000000e+02
7.480000000000000000e+02 6.430000000000000000e+02
1.870000000000000000e+02 5.730000000000000000e+02
2.280000000000000000e+02 5.400000000000000000e+02
2.840000000000000000e+02 5.310000000000000000e+02
3.390000000000000000e+02 5.400000000000000000e+02
3.900000000000000000e+02 5.640000000000000000e+02
5.010000000000000000e+02 5.590000000000000000e+02
5.500000000000000000e+02 5.320000000000000000e+02
6.050000000000000000e+02 5.210000000000000000e+02
6.610000000000000000e+02 5.340000000000000000e+02
6.980000000000000000e+02 5.710000000000000000e+02
4.420000000000000000e+02 6.220000000000000000e+02
4.400000000000000000e+02 6.750000000000000000e+02
4.370000000000000000e+02 7.270000000000000000e+02
4.340000000000000000e+02 7.790000000000000000e+02
3.850000000000000000e+02 8.230000000000000000e+02
4.090000000000000000e+02 8.320000000000000000e+02
4.360000000000000000e+02 8.390000000000000000e+02
4.640000000000000000e+02 8.300000000000000000e+02
4.900000000000000000e+02 8.210000000000000000e+02
2.550000000000000000e+02 6.300000000000000000e+02
2.890000000000000000e+02 6.050000000000000000e+02
3.320000000000000000e+02 6.060000000000000000e+02
3.670000000000000000e+02 6.390000000000000000e+02
3.290000000000000000e+02 6.450000000000000000e+02
2.870000000000000000e+02 6.450000000000000000e+02
5.210000000000000000e+02 6.370000000000000000e+02
5.590000000000000000e+02 6.030000000000000000e+02
6.010000000000000000e+02 6.000000000000000000e+02
6.340000000000000000e+02 6.250000000000000000e+02
6.050000000000000000e+02 6.420000000000000000e+02
5.600000000000000000e+02 6.420000000000000000e+02
3.230000000000000000e+02 9.150000000000000000e+02
3.710000000000000000e+02 9.040000000000000000e+02
4.130000000000000000e+02 8.930000000000000000e+02
4.410000000000000000e+02 9.000000000000000000e+02
4.680000000000000000e+02 8.910000000000000000e+02
5.080000000000000000e+02 9.000000000000000000e+02
5.530000000000000000e+02 9.110000000000000000e+02
5.090000000000000000e+02 9.400000000000000000e+02
4.710000000000000000e+02 9.560000000000000000e+02
4.420000000000000000e+02 9.610000000000000000e+02
4.120000000000000000e+02 9.590000000000000000e+02
3.700000000000000000e+02 9.450000000000000000e+02
3.420000000000000000e+02 9.180000000000000000e+02
4.130000000000000000e+02 9.230000000000000000e+02
4.410000000000000000e+02 9.240000000000000000e+02
4.690000000000000000e+02 9.200000000000000000e+02
5.330000000000000000e+02 9.140000000000000000e+02
4.690000000000000000e+02 9.190000000000000000e+02
4.410000000000000000e+02 9.230000000000000000e+02
4.130000000000000000e+02 9.210000000000000000e+02
