1.520000000000000000e+02 6.130000000000000000e+02
1.590000000000000000e+02 6.990000000000000000e+02
1.700000000000000000e+02 7.820000000000000000e+02
1.820000000000000000e+02 8.650000000000000000e+02
2.030000000000000000e+02 9.430000000000000000e+02
2.430000000000000000e+02 1.012000000000000000e+03
2.990000000000000000e+02 1.066000000000000000e+03
3.660000000000000000e+02 1.105000000000000000e+03
4.450000000000000000e+02 1.115000000000000000e+03
5.230000000000000000e+02 1.105000000000000000e+03
5.880000000000000000e+02 1.068000000000000000e+03
6.440000000000000000e+02 1.016000000000000000e+03
6.820000000000000000e+02 9.470000000000000000e+02
7.010000000000000000e+02 8.660000000000000000e+02
7.120000000000000000e+02 7.820000000000000000e+02
7.230000000000000000e+02 6.970000000000000000e+02
7.330000000000000000e+02 6.090000000000000000e+02
1.990000000000000000e+02 5.770000000000000000e+02
2.350000000000000000e+02 5.440000000000000000e+02
2.880000000000000000e+02 5.420000000000000000e+02
3.400000000000000000e+02 5.560000000000000000e+02
3.910000000000000000e+02 5.760000000000000000e+02
4.820000000000000000e+02 5.770000000000000000e+02
5.350000000000000000e+02 5.570000000000000000e+02
5.870000000000000000e+02 5.420000000000000000e+02
6.420000000000000000e+02 5.440000000000000000e+02
6.810000000000000000e+02 5.760000000000000000e+02
4.400000000000000000e+02 6.170000000000000000e+02
4.400000000000000000e+02 6.750000000000000000e+02
4.390000000000000000e+02 7.340000000000000000e+02
4.380000000000000000e+02 7.930000000000000000e+02
3.870000000000000000e+02 8.260000000000000000e+02
4.110000000000000000e+02 8.390000000000000000e+02
4.380000000000000000e+02 8.470000000000000000e+02
4.670000000000000000e+02 8.390000000000000000e+02
4.930000000000000000e+02 8.280000000000000000e+02
2.600000000000000000e+02 6.120000000000000000e+02
2.920000000000000000e+02 5.880000000000000000e+02
3.350000000000000000e+02 5.890000000000000000e+02
3.680000000000000000e+02 6.210000000000000000e+02
3.320000000000000000e+02 6.300000000000000000e+02
2.900000000000000000e+02 6.300000000000000000e+02
5.100000000000000000e+02 6.220000000000000000e+02
5.440000000000000000e+02 5.890000000000000000e+02
5.860000000000000000e+02 5.890000000000000000e+02
6.180000000000000000e+02 6.130000000000000000e+02
5.900000000000000000e+02 6.320000000000000000e+02
5.480000000000000000e+02 6.320000000000000000e+02
3.420000000000000000e+02 9.210000000000000000e+02
3.840000000000000000e+02 9.210000000000000000e+02
4.170000000000000000e+02 9.160000000000000000e+02
4.410000000000000000e+02 9.240000000000000000e+02
4.670000000000000000e+02 9.170000000000000000e+02
5.030000000000000000e+02 9.230000000000000000e+02
5.450000000000000000e+02 9.230000000000000000e+02
5.030000000000000000e+02 9.490000000000000000e+02
4.680000000000000000e+02 9.570000000000000000e+02
4.410000000000000000e+02 9.580000000000000000e+02
4.150000000000000000e+02 9.550000000000000000e+02
3.830000000000000000e+02 9.470000000000000000e+02
3.590000000000000000e+02 9.260000000000000000e+02
4.170000000000000000e+02 9.320000000000000000e+02
4.410000000000000000e+02 9.370000000000000000e+02
4.670000000000000000e+02 9.340000000000000000e+02
5.280000000000000000e+02 9.270000000000000000e+02
4.670000000000000000e+02 9.310000000000000000e+02
4.410000000000000000e+02 9.330000000000000000e+02
4.170000000000000000e+02 9.290000000000000000e+02
