1.520000000000000000e+02 6.440000000000000000e+02
1.610000000000000000e+02 7.250000000000000000e+02
1.740000000000000000e+02 8.050000000000000000e+02
1.880000000000000000e+02 8.840000000000000000e+02
2.050000000000000000e+02 9.610000000000000000e+02
2.450000000000000000e+02 1.026000000000000000e+03
3.010000000000000000e+02 1.078000000000000000e+03
3.690000000000000000e+02 1.119000000000000000e+03
4.480000000000000000e+02 1.128000000000000000e+03
5.280000000000000000e+02 1.117000000000000000e+03
5.980000000000000000e+02 1.078000000000000000e+03
6.570000000000000000e+02 1.029000000000000000e+03
7.000000000000000000e+02 9.620000000000000000e+02
7.180000000000000000e+02 8.840000000000000000e+02
7.320000000000000000e+02 8.020000000000000000e+02
7.430000000000000000e+02 7.180000000000000000e+02
7.520000000000000000e+02 6.330000000000000000e+02
1.830000000000000000e+02 5.860000000000000000e+02
2.180000000000000000e+02 5.460000000000000000e+02
2.750000000000000000e+02 5.400000000000000000e+02
3.320000000000000000e+02 5.490000000000000000e+02
3.890000000000000000e+02 5.670000000000000000e+02
4.790000000000000000e+02 5.680000000000000000e+02
5.380000000000000000e+02 5.470000000000000000e+02
5.990000000000000000e+02 5.380000000000000000e+02
6.600000000000000000e+02 5.490000000000000000e+02
7.010000000000000000e+02 5.880000000000000000e+02
4.370000000000000000e+02 6.110000000000000000e+02
4.360000000000000000e+02 6.680000000000000000e+02
4.340000000000000000e+02 7.250000000000000000e+02
4.330000000000000000e+02 7.830000000000000000e+02
3.830000000000000000e+02 8.260000000000000000e+02
4.090000000000000000e+02 8.320000000000000000e+02
4.350000000000000000e+02 8.390000000000000000e+02
4.640000000000000000e+02 8.320000000000000000e+02
4.910000000000000000e+02 8.240000000000000000e+02
2.490000000000000000e+02 6.230000000000000000e+02
2.790000000000000000e+02 5.970000000000000000e+02
3.250000000000000000e+02 5.970000000000000000e+02
3.620000000000000000e+02 6.310000000000000000e+02
3.210000000000000000e+02 6.400000000000000000e+02
2.770000000000000000e+02 6.400000000000000000e+02
5.200000000000000000e+02 6.290000000000000000e+02
5.570000000000000000e+02 5.970000000000000000e+02
6.020000000000000000e+02 5.950000000000000000e+02
6.340000000000000000e+02 6.210000000000000000e+02
6.040000000000000000e+02 6.390000000000000000e+02
5.600000000000000000e+02 6.380000000000000000e+02
3.310000000000000000e+02 9.210000000000000000e+02
3.650000000000000000e+02 9.030000000000000000e+02
4.020000000000000000e+02 8.930000000000000000e+02
4.340000000000000000e+02 9.010000000000000000e+02
4.650000000000000000e+02 8.920000000000000000e+02
5.070000000000000000e+02 9.030000000000000000e+02
5.500000000000000000e+02 9.220000000000000000e+02
5.090000000000000000e+02 9.410000000000000000e+02
4.690000000000000000e+02 9.480000000000000000e+02
4.360000000000000000e+02 9.510000000000000000e+02
4.020000000000000000e+02 9.480000000000000000e+02
3.650000000000000000e+02 9.390000000000000000e+02
3.440000000000000000e+02 9.210000000000000000e+02
4.010000000000000000e+02 9.150000000000000000e+02
4.340000000000000000e+02 9.190000000000000000e+02
4.660000000000000000e+02 9.150000000000000000e+02
5.350000000000000000e+02 9.210000000000000000e+02
4.670000000000000000e+02 9.170000000000000000e+02
4.350000000000000000e+02 9.200000000000000000e+02
4.020000000000000000e+02 9.170000000000000000e+02
