1.520000000000000000e+02 6.380000000000000000e+02
1.570000000000000000e+02 7.160000000000000000e+02
1.700000000000000000e+02 7.930000000000000000e+02
1.870000000000000000e+02 8.700000000000000000e+02
2.120000000000000000e+02 9.420000000000000000e+02
2.520000000000000000e+02 1.005000000000000000e+03
3.080000000000000000e+02 1.057000000000000000e+03
3.710000000000000000e+02 1.098000000000000000e+03
4.440000000000000000e+02 1.104000000000000000e+03
5.210000000000000000e+02 1.091000000000000000e+03
5.910000000000000000e+02 1.051000000000000000e+03
6.560000000000000000e+02 1.001000000000000000e+03
7.060000000000000000e+02 9.400000000000000000e+02
7.320000000000000000e+02 8.660000000000000000e+02
7.480000000000000000e+02 7.860000000000000000e+02
7.600000000000000000e+02 7.060000000000000000e+02
7.660000000000000000e+02 6.250000000000000000e+02
2.110000000000000000e+02 5.690000000000000000e+02
2.440000000000000000e+02 5.420000000000000000e+02
2.870000000000000000e+02 5.290000000000000000e+02
3.340000000000000000e+02 5.300000000000000000e+02
3.760000000000000000e+02 5.500000000000000000e+02
4.930000000000000000e+02 5.480000000000000000e+02
5.390000000000000000e+02 5.250000000000000000e+02
5.890000000000000000e+02 5.200000000000000000e+02
6.380000000000000000e+02 5.310000000000000000e+02
6.790000000000000000e+02 5.570000000000000000e+02
4.310000000000000000e+02 6.180000000000000000e+02
4.280000000000000000e+02 6.820000000000000000e+02
4.250000000000000000e+02 7.440000000000000000e+02
4.210000000000000000e+02 8.060000000000000000e+02
3.740000000000000000e+02 8.300000000000000000e+02
3.990000000000000000e+02 8.450000000000000000e+02
4.280000000000000000e+02 8.560000000000000000e+02
4.600000000000000000e+02 8.410000000000000000e+02
4.890000000000000000e+02 8.260000000000000000e+02
2.610000000000000000e+02 6.290000000000000000e+02
2.930000000000000000e+02 6.010000000000000000e+02
3.350000000000000000e+02 6.020000000000000000e+02
3.720000000000000000e+02 6.380000000000000000e+02
3.320000000000000000e+02 6.430000000000000000e+02
2.910000000000000000e+02 6.430000000000000000e+02
5.120000000000000000e+02 6.330000000000000000e+02
5.470000000000000000e+02 5.970000000000000000e+02
5.890000000000000000e+02 5.930000000000000000e+02
6.220000000000000000e+02 6.200000000000000000e+02
5.930000000000000000e+02 6.360000000000000000e+02
5.510000000000000000e+02 6.370000000000000000e+02
3.310000000000000000e+02 9.190000000000000000e+02
3.730000000000000000e+02 9.100000000000000000e+02
4.090000000000000000e+02 9.040000000000000000e+02
4.380000000000000000e+02 9.110000000000000000e+02
4.670000000000000000e+02 9.020000000000000000e+02
5.090000000000000000e+02 9.050000000000000000e+02
5.610000000000000000e+02 9.110000000000000000e+02
5.110000000000000000e+02 9.380000000000000000e+02
4.680000000000000000e+02 9.510000000000000000e+02
4.380000000000000000e+02 9.550000000000000000e+02
4.070000000000000000e+02 9.530000000000000000e+02
3.720000000000000000e+02 9.460000000000000000e+02
3.530000000000000000e+02 9.230000000000000000e+02
4.090000000000000000e+02 9.250000000000000000e+02
4.380000000000000000e+02 9.270000000000000000e+02
4.680000000000000000e+02 9.220000000000000000e+02
5.390000000000000000e+02 9.160000000000000000e+02
4.670000000000000000e+02 9.180000000000000000e+02
4.370000000000000000e+02 9.230000000000000000e+02
4.080000000000000000e+02 9.210000000000000000e+02
