1.100000000000000000e+02 6.470000000000000000e+02
1.200000000000000000e+02 7.300000000000000000e+02
1.330000000000000000e+02 8.080000000000000000e+02
1.480000000000000000e+02 8.850000000000000000e+02
1.740000000000000000e+02 9.570000000000000000e+02
2.180000000000000000e+02 1.016000000000000000e+03
2.870000000000000000e+02 1.055000000000000000e+03
3.610000000000000000e+02 1.083000000000000000e+03
4.360000000000000000e+02 1.094000000000000000e+03
5.140000000000000000e+02 1.082000000000000000e+03
5.920000000000000000e+02 1.054000000000000000e+03
6.660000000000000000e+02 1.019000000000000000e+03
7.150000000000000000e+02 9.600000000000000000e+02
7.400000000000000000e+02 8.860000000000000000e+02
7.510000000000000000e+02 8.060000000000000000e+02
7.620000000000000000e+02 7.250000000000000000e+02
7.710000000000000000e+02 6.410000000000000000e+02
1.780000000000000000e+02 5.900000000000000000e+02
2.120000000000000000e+02 5.480000000000000000e+02
2.680000000000000000e+02 5.270000000000000000e+02
3.280000000000000000e+02 5.350000000000000000e+02
3.850000000000000000e+02 5.580000000000000000e+02
5.080000000000000000e+02 5.480000000000000000e+02
5.600000000000000000e+02 5.190000000000000000e+02
6.190000000000000000e+02 5.090000000000000000e+02
6.750000000000000000e+02 5.330000000000000000e+02
7.090000000000000000e+02 5.750000000000000000e+02
4.420000000000000000e+02 6.200000000000000000e+02
4.400000000000000000e+02 6.720000000000000000e+02
4.380000000000000000e+02 7.230000000000000000e+02
4.360000000000000000e+02 7.750000000000000000e+02
3.900000000000000000e+02 8.170000000000000000e+02
4.130000000000000000e+02 8.240000000000000000e+02
4.380000000000000000e+02 8.280000000000000000e+02
4.650000000000000000e+02 8.240000000000000000e+02
4.910000000000000000e+02 8.190000000000000000e+02
2.480000000000000000e+02 6.420000000000000000e+02
2.840000000000000000e+02 6.200000000000000000e+02
3.260000000000000000e+02 6.190000000000000000e+02
3.650000000000000000e+02 6.480000000000000000e+02
3.250000000000000000e+02 6.600000000000000000e+02
2.810000000000000000e+02 6.610000000000000000e+02
5.230000000000000000e+02 6.460000000000000000e+02
5.610000000000000000e+02 6.150000000000000000e+02
6.030000000000000000e+02 6.130000000000000000e+02
6.370000000000000000e+02 6.360000000000000000e+02
6.070000000000000000e+02 6.560000000000000000e+02
5.630000000000000000e+02 6.570000000000000000e+02
3.310000000000000000e+02 9.150000000000000000e+02
3.730000000000000000e+02 8.970000000000000000e+02
4.080000000000000000e+02 8.910000000000000000e+02
4.360000000000000000e+02 8.980000000000000000e+02
4.650000000000000000e+02 8.940000000000000000e+02
5.020000000000000000e+02 9.010000000000000000e+02
5.470000000000000000e+02 9.190000000000000000e+02
5.020000000000000000e+02 9.360000000000000000e+02
4.640000000000000000e+02 9.410000000000000000e+02
4.340000000000000000e+02 9.420000000000000000e+02
4.050000000000000000e+02 9.380000000000000000e+02
3.710000000000000000e+02 9.310000000000000000e+02
3.490000000000000000e+02 9.120000000000000000e+02
4.080000000000000000e+02 9.090000000000000000e+02
4.360000000000000000e+02 9.130000000000000000e+02
4.650000000000000000e+02 9.120000000000000000e+02
5.280000000000000000e+02 9.160000000000000000e+02
4.640000000000000000e+02 9.070000000000000000e+02
4.350000000000000000e+02 9.080000000000000000e+02
4.070000000000000000e+02 9.050000000000000000e+02
