1.230000000000000000e+02 6.690000000000000000e+02
1.330000000000000000e+02 7.530000000000000000e+02
1.480000000000000000e+02 8.310000000000000000e+02
1.640000000000000000e+02 9.100000000000000000e+02
1.910000000000000000e+02 9.820000000000000000e+02
2.310000000000000000e+02 1.041000000000000000e+03
2.940000000000000000e+02 1.079000000000000000e+03
3.700000000000000000e+02 1.100000000000000000e+03
4.500000000000000000e+02 1.110000000000000000e+03
5.340000000000000000e+02 1.098000000000000000e+03
6.130000000000000000e+02 1.075000000000000000e+03
6.770000000000000000e+02 1.035000000000000000e+03
7.170000000000000000e+02 9.750000000000000000e+02
7.420000000000000000e+02 9.030000000000000000e+02
7.560000000000000000e+02 8.240000000000000000e+02
7.670000000000000000e+02 7.480000000000000000e+02
7.730000000000000000e+02 6.670000000000000000e+02
1.700000000000000000e+02 5.660000000000000000e+02
2.140000000000000000e+02 5.320000000000000000e+02
2.760000000000000000e+02 5.300000000000000000e+02
3.360000000000000000e+02 5.450000000000000000e+02
3.910000000000000000e+02 5.710000000000000000e+02
4.850000000000000000e+02 5.700000000000000000e+02
5.410000000000000000e+02 5.430000000000000000e+02
6.020000000000000000e+02 5.290000000000000000e+02
6.660000000000000000e+02 5.330000000000000000e+02
7.090000000000000000e+02 5.690000000000000000e+02
4.390000000000000000e+02 6.130000000000000000e+02
4.380000000000000000e+02 6.610000000000000000e+02
4.370000000000000000e+02 7.090000000000000000e+02
4.360000000000000000e+02 7.580000000000000000e+02
3.830000000000000000e+02 8.050000000000000000e+02
4.090000000000000000e+02 8.160000000000000000e+02
4.370000000000000000e+02 8.230000000000000000e+02
4.670000000000000000e+02 8.160000000000000000e+02
4.930000000000000000e+02 8.050000000000000000e+02
2.410000000000000000e+02 6.300000000000000000e+02
2.750000000000000000e+02 6.080000000000000000e+02
3.180000000000000000e+02 6.070000000000000000e+02
3.590000000000000000e+02 6.360000000000000000e+02
3.180000000000000000e+02 6.450000000000000000e+02
2.740000000000000000e+02 6.470000000000000000e+02
5.240000000000000000e+02 6.340000000000000000e+02
5.630000000000000000e+02 6.060000000000000000e+02
6.050000000000000000e+02 6.060000000000000000e+02
6.400000000000000000e+02 6.310000000000000000e+02
6.060000000000000000e+02 6.470000000000000000e+02
5.630000000000000000e+02 6.440000000000000000e+02
3.330000000000000000e+02 9.210000000000000000e+02
3.750000000000000000e+02 8.940000000000000000e+02
4.100000000000000000e+02 8.800000000000000000e+02
4.360000000000000000e+02 8.870000000000000000e+02
4.610000000000000000e+02 8.800000000000000000e+02
5.020000000000000000e+02 8.920000000000000000e+02
5.520000000000000000e+02 9.140000000000000000e+02
5.040000000000000000e+02 9.200000000000000000e+02
4.660000000000000000e+02 9.220000000000000000e+02
4.400000000000000000e+02 9.250000000000000000e+02
4.120000000000000000e+02 9.240000000000000000e+02
3.770000000000000000e+02 9.250000000000000000e+02
3.500000000000000000e+02 9.150000000000000000e+02
4.100000000000000000e+02 9.020000000000000000e+02
4.360000000000000000e+02 9.040000000000000000e+02
4.620000000000000000e+02 9.010000000000000000e+02
5.350000000000000000e+02 9.090000000000000000e+02
4.640000000000000000e+02 8.950000000000000000e+02
4.390000000000000000e+02 8.990000000000000000e+02
4.120000000000000000e+02 8.970000000000000000e+02
