1.300000000000000000e+02 6.330000000000000000e+02
1.410000000000000000e+02 7.150000000000000000e+02
1.570000000000000000e+02 7.920000000000000000e+02
1.710000000000000000e+02 8.680000000000000000e+02
1.940000000000000000e+02 9.430000000000000000e+02
2.370000000000000000e+02 1.006000000000000000e+03
2.960000000000000000e+02 1.057000000000000000e+03
3.640000000000000000e+02 1.094000000000000000e+03
4.420000000000000000e+02 1.105000000000000000e+03
5.200000000000000000e+02 1.091000000000000000e+03
5.890000000000000000e+02 1.050000000000000000e+03
6.460000000000000000e+02 9.980000000000000000e+02
6.860000000000000000e+02 9.320000000000000000e+02
7.070000000000000000e+02 8.600000000000000000e+02
7.230000000000000000e+02 7.840000000000000000e+02
7.410000000000000000e+02 7.090000000000000000e+02
7.520000000000000000e+02 6.300000000000000000e+02
1.660000000000000000e+02 5.870000000000000000e+02
2.100000000000000000e+02 5.510000000000000000e+02
2.730000000000000000e+02 5.460000000000000000e+02
3.350000000000000000e+02 5.530000000000000000e+02
3.940000000000000000e+02 5.760000000000000000e+02
4.890000000000000000e+02 5.750000000000000000e+02
5.480000000000000000e+02 5.560000000000000000e+02
6.070000000000000000e+02 5.490000000000000000e+02
6.680000000000000000e+02 5.550000000000000000e+02
7.090000000000000000e+02 5.930000000000000000e+02
4.410000000000000000e+02 6.170000000000000000e+02
4.410000000000000000e+02 6.700000000000000000e+02
4.410000000000000000e+02 7.230000000000000000e+02
4.410000000000000000e+02 7.780000000000000000e+02
3.870000000000000000e+02 8.110000000000000000e+02
4.130000000000000000e+02 8.220000000000000000e+02
4.410000000000000000e+02 8.300000000000000000e+02
4.690000000000000000e+02 8.200000000000000000e+02
4.940000000000000000e+02 8.090000000000000000e+02
2.510000000000000000e+02 6.160000000000000000e+02
2.820000000000000000e+02 5.880000000000000000e+02
3.270000000000000000e+02 5.890000000000000000e+02
3.600000000000000000e+02 6.250000000000000000e+02
3.230000000000000000e+02 6.340000000000000000e+02
2.790000000000000000e+02 6.340000000000000000e+02
5.250000000000000000e+02 6.240000000000000000e+02
5.580000000000000000e+02 5.890000000000000000e+02
6.030000000000000000e+02 5.890000000000000000e+02
6.320000000000000000e+02 6.180000000000000000e+02
6.050000000000000000e+02 6.350000000000000000e+02
5.620000000000000000e+02 6.330000000000000000e+02
3.430000000000000000e+02 9.320000000000000000e+02
3.770000000000000000e+02 9.080000000000000000e+02
4.150000000000000000e+02 8.910000000000000000e+02
4.430000000000000000e+02 8.980000000000000000e+02
4.710000000000000000e+02 8.890000000000000000e+02
5.100000000000000000e+02 9.060000000000000000e+02
5.480000000000000000e+02 9.290000000000000000e+02
5.120000000000000000e+02 9.530000000000000000e+02
4.760000000000000000e+02 9.640000000000000000e+02
4.460000000000000000e+02 9.670000000000000000e+02
4.160000000000000000e+02 9.660000000000000000e+02
3.800000000000000000e+02 9.560000000000000000e+02
3.620000000000000000e+02 9.310000000000000000e+02
4.150000000000000000e+02 9.220000000000000000e+02
4.430000000000000000e+02 9.230000000000000000e+02
4.720000000000000000e+02 9.210000000000000000e+02
5.290000000000000000e+02 9.280000000000000000e+02
4.730000000000000000e+02 9.220000000000000000e+02
4.450000000000000000e+02 9.260000000000000000e+02
4.170000000000000000e+02 9.230000000000000000e+02
