1.400000000000000000e+02 6.360000000000000000e+02
1.490000000000000000e+02 7.180000000000000000e+02
1.570000000000000000e+02 7.980000000000000000e+02
1.660000000000000000e+02 8.810000000000000000e+02
1.870000000000000000e+02 9.600000000000000000e+02
2.290000000000000000e+02 1.023000000000000000e+03
2.930000000000000000e+02 1.067000000000000000e+03
3.630000000000000000e+02 1.099000000000000000e+03
4.400000000000000000e+02 1.111000000000000000e+03
5.200000000000000000e+02 1.101000000000000000e+03
5.990000000000000000e+02 1.071000000000000000e+03
6.690000000000000000e+02 1.030000000000000000e+03
7.160000000000000000e+02 9.680000000000000000e+02
7.430000000000000000e+02 8.900000000000000000e+02
7.540000000000000000e+02 8.060000000000000000e+02
7.600000000000000000e+02 7.230000000000000000e+02
7.640000000000000000e+02 6.390000000000000000e+02
2.010000000000000000e+02 5.480000000000000000e+02
2.360000000000000000e+02 5.220000000000000000e+02
2.860000000000000000e+02 5.220000000000000000e+02
3.330000000000000000e+02 5.370000000000000000e+02
3.780000000000000000e+02 5.630000000000000000e+02
4.960000000000000000e+02 5.630000000000000000e+02
5.430000000000000000e+02 5.390000000000000000e+02
5.910000000000000000e+02 5.200000000000000000e+02
6.430000000000000000e+02 5.220000000000000000e+02
6.820000000000000000e+02 5.490000000000000000e+02
4.390000000000000000e+02 6.170000000000000000e+02
4.370000000000000000e+02 6.660000000000000000e+02
4.340000000000000000e+02 7.160000000000000000e+02
4.320000000000000000e+02 7.670000000000000000e+02
3.880000000000000000e+02 8.060000000000000000e+02
4.100000000000000000e+02 8.170000000000000000e+02
4.340000000000000000e+02 8.250000000000000000e+02
4.600000000000000000e+02 8.190000000000000000e+02
4.830000000000000000e+02 8.100000000000000000e+02
2.580000000000000000e+02 6.210000000000000000e+02
2.900000000000000000e+02 6.030000000000000000e+02
3.280000000000000000e+02 6.050000000000000000e+02
3.620000000000000000e+02 6.280000000000000000e+02
3.250000000000000000e+02 6.380000000000000000e+02
2.870000000000000000e+02 6.380000000000000000e+02
5.240000000000000000e+02 6.300000000000000000e+02
5.570000000000000000e+02 6.060000000000000000e+02
5.950000000000000000e+02 6.050000000000000000e+02
6.270000000000000000e+02 6.240000000000000000e+02
5.980000000000000000e+02 6.400000000000000000e+02
5.600000000000000000e+02 6.400000000000000000e+02
3.390000000000000000e+02 9.210000000000000000e+02
3.770000000000000000e+02 9.040000000000000000e+02
4.100000000000000000e+02 8.950000000000000000e+02
4.350000000000000000e+02 9.030000000000000000e+02
4.600000000000000000e+02 8.970000000000000000e+02
4.980000000000000000e+02 9.100000000000000000e+02
5.430000000000000000e+02 9.270000000000000000e+02
4.980000000000000000e+02 9.390000000000000000e+02
4.600000000000000000e+02 9.410000000000000000e+02
4.330000000000000000e+02 9.400000000000000000e+02
4.070000000000000000e+02 9.370000000000000000e+02
3.750000000000000000e+02 9.310000000000000000e+02
3.540000000000000000e+02 9.200000000000000000e+02
4.090000000000000000e+02 9.150000000000000000e+02
4.350000000000000000e+02 9.190000000000000000e+02
4.610000000000000000e+02 9.180000000000000000e+02
5.270000000000000000e+02 9.250000000000000000e+02
4.600000000000000000e+02 9.160000000000000000e+02
4.330000000000000000e+02 9.160000000000000000e+02
4.080000000000000000e+02 9.120000000000000000e+02
