1.180000000000000000e+02 6.070000000000000000e+02
1.260000000000000000e+02 6.940000000000000000e+02
1.360000000000000000e+02 7.790000000000000000e+02
1.480000000000000000e+02 8.620000000000000000e+02
1.730000000000000000e+02 9.410000000000000000e+02
2.220000000000000000e+02 1.008000000000000000e+03
2.870000000000000000e+02 1.059000000000000000e+03
3.560000000000000000e+02 1.099000000000000000e+03
4.370000000000000000e+02 1.109000000000000000e+03
5.170000000000000000e+02 1.099000000000000000e+03
5.880000000000000000e+02 1.057000000000000000e+03
6.500000000000000000e+02 1.004000000000000000e+03
6.970000000000000000e+02 9.360000000000000000e+02
7.190000000000000000e+02 8.590000000000000000e+02
7.320000000000000000e+02 7.780000000000000000e+02
7.440000000000000000e+02 6.950000000000000000e+02
7.510000000000000000e+02 6.110000000000000000e+02
1.920000000000000000e+02 5.850000000000000000e+02
2.360000000000000000e+02 5.500000000000000000e+02
2.940000000000000000e+02 5.340000000000000000e+02
3.530000000000000000e+02 5.420000000000000000e+02
4.070000000000000000e+02 5.620000000000000000e+02
4.710000000000000000e+02 5.610000000000000000e+02
5.300000000000000000e+02 5.440000000000000000e+02
5.890000000000000000e+02 5.370000000000000000e+02
6.470000000000000000e+02 5.530000000000000000e+02
6.860000000000000000e+02 5.940000000000000000e+02
4.420000000000000000e+02 6.220000000000000000e+02
4.430000000000000000e+02 6.810000000000000000e+02
4.440000000000000000e+02 7.390000000000000000e+02
4.440000000000000000e+02 7.990000000000000000e+02
3.870000000000000000e+02 8.320000000000000000e+02
4.150000000000000000e+02 8.420000000000000000e+02
4.440000000000000000e+02 8.500000000000000000e+02
4.720000000000000000e+02 8.420000000000000000e+02
4.990000000000000000e+02 8.340000000000000000e+02
2.650000000000000000e+02 6.180000000000000000e+02
2.980000000000000000e+02 5.980000000000000000e+02
3.400000000000000000e+02 5.980000000000000000e+02
3.710000000000000000e+02 6.280000000000000000e+02
3.370000000000000000e+02 6.370000000000000000e+02
2.950000000000000000e+02 6.370000000000000000e+02
5.090000000000000000e+02 6.290000000000000000e+02
5.410000000000000000e+02 5.990000000000000000e+02
5.830000000000000000e+02 5.990000000000000000e+02
6.140000000000000000e+02 6.210000000000000000e+02
5.860000000000000000e+02 6.380000000000000000e+02
5.460000000000000000e+02 6.380000000000000000e+02
3.410000000000000000e+02 9.240000000000000000e+02
3.790000000000000000e+02 9.070000000000000000e+02
4.160000000000000000e+02 8.960000000000000000e+02
4.440000000000000000e+02 9.060000000000000000e+02
4.720000000000000000e+02 8.980000000000000000e+02
5.090000000000000000e+02 9.110000000000000000e+02
5.490000000000000000e+02 9.270000000000000000e+02
5.080000000000000000e+02 9.500000000000000000e+02
4.720000000000000000e+02 9.600000000000000000e+02
4.440000000000000000e+02 9.620000000000000000e+02
4.140000000000000000e+02 9.590000000000000000e+02
3.780000000000000000e+02 9.470000000000000000e+02
3.600000000000000000e+02 9.250000000000000000e+02
4.160000000000000000e+02 9.220000000000000000e+02
4.440000000000000000e+02 9.260000000000000000e+02
4.720000000000000000e+02 9.240000000000000000e+02
5.310000000000000000e+02 9.290000000000000000e+02
4.700000000000000000e+02 9.230000000000000000e+02
4.430000000000000000e+02 9.250000000000000000e+02
4.150000000000000000e+02 9.220000000000000000e+02
