1.290000000000000000e+02 6.210000000000000000e+02
1.340000000000000000e+02 7.070000000000000000e+02
1.430000000000000000e+02 7.910000000000000000e+02
1.550000000000000000e+02 8.740000000000000000e+02
1.800000000000000000e+02 9.530000000000000000e+02
2.240000000000000000e+02 1.022000000000000000e+03
2.890000000000000000e+02 1.074000000000000000e+03
3.620000000000000000e+02 1.113000000000000000e+03
4.370000000000000000e+02 1.124000000000000000e+03
5.120000000000000000e+02 1.115000000000000000e+03
5.830000000000000000e+02 1.078000000000000000e+03
6.470000000000000000e+02 1.027000000000000000e+03
6.910000000000000000e+02 9.600000000000000000e+02
7.160000000000000000e+02 8.800000000000000000e+02
7.280000000000000000e+02 7.960000000000000000e+02
7.380000000000000000e+02 7.110000000000000000e+02
7.440000000000000000e+02 6.230000000000000000e+02
1.900000000000000000e+02 5.850000000000000000e+02
2.250000000000000000e+02 5.470000000000000000e+02
2.790000000000000000e+02 5.340000000000000000e+02
3.340000000000000000e+02 5.430000000000000000e+02
3.890000000000000000e+02 5.590000000000000000e+02
4.980000000000000000e+02 5.600000000000000000e+02
5.520000000000000000e+02 5.430000000000000000e+02
6.060000000000000000e+02 5.350000000000000000e+02
6.580000000000000000e+02 5.480000000000000000e+02
6.890000000000000000e+02 5.870000000000000000e+02
4.440000000000000000e+02 6.180000000000000000e+02
4.440000000000000000e+02 6.730000000000000000e+02
4.440000000000000000e+02 7.280000000000000000e+02
4.430000000000000000e+02 7.850000000000000000e+02
3.850000000000000000e+02 8.110000000000000000e+02
4.120000000000000000e+02 8.250000000000000000e+02
4.420000000000000000e+02 8.360000000000000000e+02
4.710000000000000000e+02 8.250000000000000000e+02
4.980000000000000000e+02 8.130000000000000000e+02
2.590000000000000000e+02 6.230000000000000000e+02
2.930000000000000000e+02 6.030000000000000000e+02
3.320000000000000000e+02 6.020000000000000000e+02
3.650000000000000000e+02 6.260000000000000000e+02
3.300000000000000000e+02 6.330000000000000000e+02
2.910000000000000000e+02 6.350000000000000000e+02
5.180000000000000000e+02 6.290000000000000000e+02
5.500000000000000000e+02 6.050000000000000000e+02
5.890000000000000000e+02 6.060000000000000000e+02
6.190000000000000000e+02 6.250000000000000000e+02
5.910000000000000000e+02 6.390000000000000000e+02
5.520000000000000000e+02 6.370000000000000000e+02
3.380000000000000000e+02 9.090000000000000000e+02
3.790000000000000000e+02 9.020000000000000000e+02
4.120000000000000000e+02 8.980000000000000000e+02
4.390000000000000000e+02 9.060000000000000000e+02
4.660000000000000000e+02 8.990000000000000000e+02
5.000000000000000000e+02 9.060000000000000000e+02
5.420000000000000000e+02 9.170000000000000000e+02
4.990000000000000000e+02 9.390000000000000000e+02
4.650000000000000000e+02 9.470000000000000000e+02
4.380000000000000000e+02 9.480000000000000000e+02
4.100000000000000000e+02 9.460000000000000000e+02
3.770000000000000000e+02 9.350000000000000000e+02
3.570000000000000000e+02 9.110000000000000000e+02
4.120000000000000000e+02 9.140000000000000000e+02
4.390000000000000000e+02 9.180000000000000000e+02
4.660000000000000000e+02 9.160000000000000000e+02
5.230000000000000000e+02 9.170000000000000000e+02
4.650000000000000000e+02 9.170000000000000000e+02
4.390000000000000000e+02 9.200000000000000000e+02
4.120000000000000000e+02 9.160000000000000000e+02
