1.190000000000000000e+02 6.510000000000000000e+02
1.230000000000000000e+02 7.360000000000000000e+02
1.270000000000000000e+02 8.180000000000000000e+02
1.350000000000000000e+02 9.010000000000000000e+02
1.590000000000000000e+02 9.780000000000000000e+02
2.080000000000000000e+02 1.040000000000000000e+03
2.760000000000000000e+02 1.085000000000000000e+03
3.540000000000000000e+02 1.117000000000000000e+03
4.410000000000000000e+02 1.129000000000000000e+03
5.250000000000000000e+02 1.119000000000000000e+03
5.990000000000000000e+02 1.087000000000000000e+03
6.630000000000000000e+02 1.044000000000000000e+03
7.120000000000000000e+02 9.840000000000000000e+02
7.370000000000000000e+02 9.090000000000000000e+02
7.470000000000000000e+02 8.260000000000000000e+02
7.510000000000000000e+02 7.440000000000000000e+02
7.560000000000000000e+02 6.610000000000000000e+02
1.920000000000000000e+02 5.770000000000000000e+02
2.280000000000000000e+02 5.410000000000000000e+02
2.830000000000000000e+02 5.270000000000000000e+02
3.400000000000000000e+02 5.310000000000000000e+02
3.960000000000000000e+02 5.460000000000000000e+02
4.930000000000000000e+02 5.520000000000000000e+02
5.470000000000000000e+02 5.390000000000000000e+02
6.020000000000000000e+02 5.370000000000000000e+02
6.520000000000000000e+02 5.530000000000000000e+02
6.850000000000000000e+02 5.900000000000000000e+02
4.390000000000000000e+02 6.150000000000000000e+02
4.390000000000000000e+02 6.620000000000000000e+02
4.390000000000000000e+02 7.090000000000000000e+02
4.390000000000000000e+02 7.580000000000000000e+02
3.840000000000000000e+02 8.060000000000000000e+02
4.110000000000000000e+02 8.130000000000000000e+02
4.400000000000000000e+02 8.180000000000000000e+02
4.680000000000000000e+02 8.130000000000000000e+02
4.950000000000000000e+02 8.060000000000000000e+02
2.590000000000000000e+02 6.250000000000000000e+02
2.900000000000000000e+02 6.080000000000000000e+02
3.260000000000000000e+02 6.070000000000000000e+02
3.610000000000000000e+02 6.260000000000000000e+02
3.250000000000000000e+02 6.330000000000000000e+02
2.900000000000000000e+02 6.350000000000000000e+02
5.150000000000000000e+02 6.310000000000000000e+02
5.480000000000000000e+02 6.140000000000000000e+02
5.840000000000000000e+02 6.160000000000000000e+02
6.160000000000000000e+02 6.340000000000000000e+02
5.840000000000000000e+02 6.420000000000000000e+02
5.490000000000000000e+02 6.390000000000000000e+02
3.380000000000000000e+02 9.240000000000000000e+02
3.740000000000000000e+02 8.890000000000000000e+02
4.120000000000000000e+02 8.750000000000000000e+02
4.450000000000000000e+02 8.820000000000000000e+02
4.760000000000000000e+02 8.740000000000000000e+02
5.140000000000000000e+02 8.870000000000000000e+02
5.440000000000000000e+02 9.200000000000000000e+02
5.130000000000000000e+02 9.270000000000000000e+02
4.780000000000000000e+02 9.310000000000000000e+02
4.450000000000000000e+02 9.330000000000000000e+02
4.130000000000000000e+02 9.330000000000000000e+02
3.760000000000000000e+02 9.300000000000000000e+02
3.550000000000000000e+02 9.190000000000000000e+02
4.130000000000000000e+02 9.010000000000000000e+02
4.450000000000000000e+02 9.030000000000000000e+02
4.760000000000000000e+02 9.000000000000000000e+02
5.280000000000000000e+02 9.140000000000000000e+02
4.770000000000000000e+02 9.000000000000000000e+02
4.450000000000000000e+02 9.030000000000000000e+02
4.130000000000000000e+02 9.010000000000000000e+02
