1.270000000000000000e+02 5.920000000000000000e+02
1.380000000000000000e+02 6.810000000000000000e+02
1.580000000000000000e+02 7.660000000000000000e+02
1.740000000000000000e+02 8.480000000000000000e+02
1.970000000000000000e+02 9.270000000000000000e+02
2.400000000000000000e+02 9.980000000000000000e+02
3.010000000000000000e+02 1.053000000000000000e+03
3.710000000000000000e+02 1.093000000000000000e+03
4.450000000000000000e+02 1.107000000000000000e+03
5.200000000000000000e+02 1.091000000000000000e+03
5.930000000000000000e+02 1.049000000000000000e+03
6.570000000000000000e+02 9.940000000000000000e+02
6.980000000000000000e+02 9.230000000000000000e+02
7.220000000000000000e+02 8.450000000000000000e+02
7.350000000000000000e+02 7.620000000000000000e+02
7.510000000000000000e+02 6.790000000000000000e+02
7.600000000000000000e+02 5.910000000000000000e+02
1.800000000000000000e+02 5.860000000000000000e+02
2.200000000000000000e+02 5.470000000000000000e+02
2.810000000000000000e+02 5.340000000000000000e+02
3.400000000000000000e+02 5.450000000000000000e+02
3.950000000000000000e+02 5.690000000000000000e+02
4.830000000000000000e+02 5.650000000000000000e+02
5.380000000000000000e+02 5.420000000000000000e+02
5.980000000000000000e+02 5.330000000000000000e+02
6.590000000000000000e+02 5.470000000000000000e+02
7.030000000000000000e+02 5.840000000000000000e+02
4.370000000000000000e+02 6.210000000000000000e+02
4.360000000000000000e+02 6.820000000000000000e+02
4.350000000000000000e+02 7.410000000000000000e+02
4.340000000000000000e+02 8.020000000000000000e+02
3.870000000000000000e+02 8.310000000000000000e+02
4.090000000000000000e+02 8.430000000000000000e+02
4.350000000000000000e+02 8.510000000000000000e+02
4.640000000000000000e+02 8.420000000000000000e+02
4.890000000000000000e+02 8.310000000000000000e+02
2.480000000000000000e+02 6.280000000000000000e+02
2.820000000000000000e+02 6.100000000000000000e+02
3.220000000000000000e+02 6.100000000000000000e+02
3.600000000000000000e+02 6.380000000000000000e+02
3.210000000000000000e+02 6.470000000000000000e+02
2.790000000000000000e+02 6.460000000000000000e+02
5.240000000000000000e+02 6.370000000000000000e+02
5.580000000000000000e+02 6.100000000000000000e+02
5.980000000000000000e+02 6.100000000000000000e+02
6.320000000000000000e+02 6.280000000000000000e+02
6.010000000000000000e+02 6.450000000000000000e+02
5.600000000000000000e+02 6.450000000000000000e+02
3.520000000000000000e+02 9.290000000000000000e+02
3.870000000000000000e+02 9.090000000000000000e+02
4.180000000000000000e+02 8.970000000000000000e+02
4.420000000000000000e+02 9.030000000000000000e+02
4.660000000000000000e+02 8.970000000000000000e+02
5.000000000000000000e+02 9.080000000000000000e+02
5.400000000000000000e+02 9.230000000000000000e+02
5.020000000000000000e+02 9.550000000000000000e+02
4.690000000000000000e+02 9.710000000000000000e+02
4.430000000000000000e+02 9.740000000000000000e+02
4.160000000000000000e+02 9.710000000000000000e+02
3.860000000000000000e+02 9.560000000000000000e+02
3.690000000000000000e+02 9.250000000000000000e+02
4.170000000000000000e+02 9.210000000000000000e+02
4.420000000000000000e+02 9.240000000000000000e+02
4.660000000000000000e+02 9.200000000000000000e+02
5.240000000000000000e+02 9.220000000000000000e+02
4.670000000000000000e+02 9.240000000000000000e+02
4.420000000000000000e+02 9.280000000000000000e+02
4.180000000000000000e+02 9.240000000000000000e+02
