1.590000000000000000e+02 6.480000000000000000e+02
1.690000000000000000e+02 7.270000000000000000e+02
1.870000000000000000e+02 8.030000000000000000e+02
2.020000000000000000e+02 8.780000000000000000e+02
2.220000000000000000e+02 9.530000000000000000e+02
2.560000000000000000e+02 1.017000000000000000e+03
3.080000000000000000e+02 1.067000000000000000e+03
3.740000000000000000e+02 1.101000000000000000e+03
4.470000000000000000e+02 1.112000000000000000e+03
5.250000000000000000e+02 1.101000000000000000e+03
5.980000000000000000e+02 1.069000000000000000e+03
6.620000000000000000e+02 1.023000000000000000e+03
7.080000000000000000e+02 9.610000000000000000e+02
7.360000000000000000e+02 8.880000000000000000e+02
7.520000000000000000e+02 8.090000000000000000e+02
7.670000000000000000e+02 7.310000000000000000e+02
7.740000000000000000e+02 6.480000000000000000e+02
1.870000000000000000e+02 5.670000000000000000e+02
2.160000000000000000e+02 5.280000000000000000e+02
2.660000000000000000e+02 5.100000000000000000e+02
3.190000000000000000e+02 5.150000000000000000e+02
3.680000000000000000e+02 5.400000000000000000e+02
4.900000000000000000e+02 5.420000000000000000e+02
5.400000000000000000e+02 5.200000000000000000e+02
5.960000000000000000e+02 5.180000000000000000e+02
6.480000000000000000e+02 5.320000000000000000e+02
6.870000000000000000e+02 5.660000000000000000e+02
4.320000000000000000e+02 6.170000000000000000e+02
4.300000000000000000e+02 6.660000000000000000e+02
4.270000000000000000e+02 7.150000000000000000e+02
4.250000000000000000e+02 7.660000000000000000e+02
3.800000000000000000e+02 8.120000000000000000e+02
4.040000000000000000e+02 8.210000000000000000e+02
4.290000000000000000e+02 8.280000000000000000e+02
4.560000000000000000e+02 8.200000000000000000e+02
4.830000000000000000e+02 8.110000000000000000e+02
2.560000000000000000e+02 6.290000000000000000e+02
2.850000000000000000e+02 6.080000000000000000e+02
3.220000000000000000e+02 6.080000000000000000e+02
3.600000000000000000e+02 6.330000000000000000e+02
3.220000000000000000e+02 6.390000000000000000e+02
2.840000000000000000e+02 6.410000000000000000e+02
5.140000000000000000e+02 6.360000000000000000e+02
5.490000000000000000e+02 6.110000000000000000e+02
5.870000000000000000e+02 6.120000000000000000e+02
6.200000000000000000e+02 6.330000000000000000e+02
5.880000000000000000e+02 6.440000000000000000e+02
5.480000000000000000e+02 6.420000000000000000e+02
3.320000000000000000e+02 9.210000000000000000e+02
3.660000000000000000e+02 8.950000000000000000e+02
4.040000000000000000e+02 8.830000000000000000e+02
4.310000000000000000e+02 8.900000000000000000e+02
4.580000000000000000e+02 8.820000000000000000e+02
5.010000000000000000e+02 8.940000000000000000e+02
5.440000000000000000e+02 9.170000000000000000e+02
5.040000000000000000e+02 9.470000000000000000e+02
4.630000000000000000e+02 9.600000000000000000e+02
4.340000000000000000e+02 9.650000000000000000e+02
4.040000000000000000e+02 9.620000000000000000e+02
3.670000000000000000e+02 9.510000000000000000e+02
3.500000000000000000e+02 9.210000000000000000e+02
4.040000000000000000e+02 9.190000000000000000e+02
4.320000000000000000e+02 9.210000000000000000e+02
4.590000000000000000e+02 9.180000000000000000e+02
5.250000000000000000e+02 9.170000000000000000e+02
4.600000000000000000e+02 9.180000000000000000e+02
4.320000000000000000e+02 9.220000000000000000e+02
4.050000000000000000e+02 9.190000000000000000e+02
