1.070000000000000000e+02 6.460000000000000000e+02
1.170000000000000000e+02 7.260000000000000000e+02
1.320000000000000000e+02 8.030000000000000000e+02
1.470000000000000000e+02 8.800000000000000000e+02
1.720000000000000000e+02 9.530000000000000000e+02
2.210000000000000000e+02 1.013000000000000000e+03
2.910000000000000000e+02 1.059000000000000000e+03
3.660000000000000000e+02 1.094000000000000000e+03
4.450000000000000000e+02 1.103000000000000000e+03
5.220000000000000000e+02 1.092000000000000000e+03
5.910000000000000000e+02 1.058000000000000000e+03
6.550000000000000000e+02 1.010000000000000000e+03
7.000000000000000000e+02 9.460000000000000000e+02
7.240000000000000000e+02 8.740000000000000000e+02
7.420000000000000000e+02 7.960000000000000000e+02
7.550000000000000000e+02 7.180000000000000000e+02
7.620000000000000000e+02 6.360000000000000000e+02
1.700000000000000000e+02 5.980000000000000000e+02
2.140000000000000000e+02 5.590000000000000000e+02
2.740000000000000000e+02 5.400000000000000000e+02
3.380000000000000000e+02 5.420000000000000000e+02
3.990000000000000000e+02 5.630000000000000000e+02
4.780000000000000000e+02 5.630000000000000000e+02
5.380000000000000000e+02 5.410000000000000000e+02
6.000000000000000000e+02 5.320000000000000000e+02
6.620000000000000000e+02 5.490000000000000000e+02
7.050000000000000000e+02 5.900000000000000000e+02
4.410000000000000000e+02 6.150000000000000000e+02
4.410000000000000000e+02 6.670000000000000000e+02
4.410000000000000000e+02 7.180000000000000000e+02
4.410000000000000000e+02 7.700000000000000000e+02
3.840000000000000000e+02 8.140000000000000000e+02
4.120000000000000000e+02 8.240000000000000000e+02
4.420000000000000000e+02 8.330000000000000000e+02
4.730000000000000000e+02 8.250000000000000000e+02
5.010000000000000000e+02 8.160000000000000000e+02
2.410000000000000000e+02 6.450000000000000000e+02
2.780000000000000000e+02 6.210000000000000000e+02
3.210000000000000000e+02 6.200000000000000000e+02
3.610000000000000000e+02 6.470000000000000000e+02
3.210000000000000000e+02 6.570000000000000000e+02
2.770000000000000000e+02 6.590000000000000000e+02
5.200000000000000000e+02 6.460000000000000000e+02
5.610000000000000000e+02 6.170000000000000000e+02
6.040000000000000000e+02 6.160000000000000000e+02
6.400000000000000000e+02 6.400000000000000000e+02
6.060000000000000000e+02 6.570000000000000000e+02
5.620000000000000000e+02 6.560000000000000000e+02
3.100000000000000000e+02 8.990000000000000000e+02
3.630000000000000000e+02 8.900000000000000000e+02
4.100000000000000000e+02 8.840000000000000000e+02
4.440000000000000000e+02 8.920000000000000000e+02
4.780000000000000000e+02 8.850000000000000000e+02
5.240000000000000000e+02 8.940000000000000000e+02
5.770000000000000000e+02 9.070000000000000000e+02
5.250000000000000000e+02 9.370000000000000000e+02
4.790000000000000000e+02 9.520000000000000000e+02
4.430000000000000000e+02 9.550000000000000000e+02
4.060000000000000000e+02 9.500000000000000000e+02
3.610000000000000000e+02 9.310000000000000000e+02
3.280000000000000000e+02 9.030000000000000000e+02
4.080000000000000000e+02 9.110000000000000000e+02
4.440000000000000000e+02 9.150000000000000000e+02
4.790000000000000000e+02 9.130000000000000000e+02
5.590000000000000000e+02 9.100000000000000000e+02
4.780000000000000000e+02 9.140000000000000000e+02
4.430000000000000000e+02 9.180000000000000000e+02
4.080000000000000000e+02 9.120000000000000000e+02
