1.500000000000000000e+02 6.390000000000000000e+02
1.550000000000000000e+02 7.200000000000000000e+02
1.620000000000000000e+02 7.960000000000000000e+02
1.690000000000000000e+02 8.750000000000000000e+02
1.870000000000000000e+02 9.500000000000000000e+02
2.240000000000000000e+02 1.014000000000000000e+03
2.780000000000000000e+02 1.070000000000000000e+03
3.460000000000000000e+02 1.109000000000000000e+03
4.350000000000000000e+02 1.115000000000000000e+03
5.240000000000000000e+02 1.109000000000000000e+03
5.960000000000000000e+02 1.072000000000000000e+03
6.530000000000000000e+02 1.021000000000000000e+03
6.950000000000000000e+02 9.580000000000000000e+02
7.180000000000000000e+02 8.820000000000000000e+02
7.250000000000000000e+02 8.010000000000000000e+02
7.320000000000000000e+02 7.210000000000000000e+02
7.360000000000000000e+02 6.380000000000000000e+02
1.840000000000000000e+02 6.000000000000000000e+02
2.130000000000000000e+02 5.490000000000000000e+02
2.720000000000000000e+02 5.310000000000000000e+02
3.290000000000000000e+02 5.360000000000000000e+02
3.860000000000000000e+02 5.570000000000000000e+02
4.880000000000000000e+02 5.530000000000000000e+02
5.440000000000000000e+02 5.300000000000000000e+02
6.040000000000000000e+02 5.240000000000000000e+02
6.650000000000000000e+02 5.390000000000000000e+02
7.010000000000000000e+02 5.880000000000000000e+02
4.360000000000000000e+02 6.170000000000000000e+02
4.350000000000000000e+02 6.750000000000000000e+02
4.340000000000000000e+02 7.310000000000000000e+02
4.340000000000000000e+02 7.880000000000000000e+02
3.720000000000000000e+02 8.180000000000000000e+02
4.030000000000000000e+02 8.260000000000000000e+02
4.370000000000000000e+02 8.360000000000000000e+02
4.700000000000000000e+02 8.250000000000000000e+02
5.040000000000000000e+02 8.160000000000000000e+02
2.440000000000000000e+02 6.330000000000000000e+02
2.770000000000000000e+02 6.060000000000000000e+02
3.230000000000000000e+02 6.070000000000000000e+02
3.620000000000000000e+02 6.390000000000000000e+02
3.200000000000000000e+02 6.500000000000000000e+02
2.740000000000000000e+02 6.510000000000000000e+02
5.200000000000000000e+02 6.350000000000000000e+02
5.580000000000000000e+02 6.030000000000000000e+02
6.030000000000000000e+02 6.000000000000000000e+02
6.370000000000000000e+02 6.260000000000000000e+02
6.070000000000000000e+02 6.450000000000000000e+02
5.620000000000000000e+02 6.450000000000000000e+02
3.140000000000000000e+02 9.150000000000000000e+02
3.570000000000000000e+02 8.940000000000000000e+02
4.010000000000000000e+02 8.840000000000000000e+02
4.380000000000000000e+02 8.930000000000000000e+02
4.740000000000000000e+02 8.840000000000000000e+02
5.200000000000000000e+02 8.930000000000000000e+02
5.650000000000000000e+02 9.140000000000000000e+02
5.180000000000000000e+02 9.410000000000000000e+02
4.740000000000000000e+02 9.520000000000000000e+02
4.360000000000000000e+02 9.540000000000000000e+02
3.980000000000000000e+02 9.510000000000000000e+02
3.570000000000000000e+02 9.400000000000000000e+02
3.350000000000000000e+02 9.180000000000000000e+02
4.000000000000000000e+02 9.140000000000000000e+02
4.380000000000000000e+02 9.180000000000000000e+02
4.750000000000000000e+02 9.150000000000000000e+02
5.440000000000000000e+02 9.170000000000000000e+02
4.740000000000000000e+02 9.110000000000000000e+02
4.370000000000000000e+02 9.150000000000000000e+02
4.000000000000000000e+02 9.110000000000000000e+02
