1.380000000000000000e+02 6.190000000000000000e+02
1.450000000000000000e+02 6.990000000000000000e+02
1.570000000000000000e+02 7.790000000000000000e+02
1.690000000000000000e+02 8.580000000000000000e+02
1.940000000000000000e+02 9.320000000000000000e+02
2.390000000000000000e+02 9.950000000000000000e+02
3.000000000000000000e+02 1.045000000000000000e+03
3.680000000000000000e+02 1.088000000000000000e+03
4.440000000000000000e+02 1.103000000000000000e+03
5.190000000000000000e+02 1.088000000000000000e+03
5.910000000000000000e+02 1.046000000000000000e+03
6.540000000000000000e+02 9.950000000000000000e+02
6.990000000000000000e+02 9.320000000000000000e+02
7.280000000000000000e+02 8.600000000000000000e+02
7.400000000000000000e+02 7.820000000000000000e+02
7.510000000000000000e+02 7.020000000000000000e+02
7.560000000000000000e+02 6.200000000000000000e+02
1.880000000000000000e+02 5.720000000000000000e+02
2.310000000000000000e+02 5.410000000000000000e+02
2.880000000000000000e+02 5.370000000000000000e+02
3.440000000000000000e+02 5.460000000000000000e+02
3.950000000000000000e+02 5.700000000000000000e+02
4.840000000000000000e+02 5.690000000000000000e+02
5.370000000000000000e+02 5.430000000000000000e+02
5.930000000000000000e+02 5.300000000000000000e+02
6.520000000000000000e+02 5.350000000000000000e+02
6.960000000000000000e+02 5.700000000000000000e+02
4.370000000000000000e+02 6.190000000000000000e+02
4.370000000000000000e+02 6.730000000000000000e+02
4.360000000000000000e+02 7.250000000000000000e+02
4.350000000000000000e+02 7.790000000000000000e+02
3.820000000000000000e+02 8.230000000000000000e+02
4.090000000000000000e+02 8.300000000000000000e+02
4.370000000000000000e+02 8.350000000000000000e+02
4.670000000000000000e+02 8.310000000000000000e+02
4.940000000000000000e+02 8.240000000000000000e+02
2.480000000000000000e+02 6.250000000000000000e+02
2.840000000000000000e+02 6.040000000000000000e+02
3.250000000000000000e+02 6.060000000000000000e+02
3.580000000000000000e+02 6.400000000000000000e+02
3.210000000000000000e+02 6.450000000000000000e+02
2.790000000000000000e+02 6.430000000000000000e+02
5.210000000000000000e+02 6.380000000000000000e+02
5.550000000000000000e+02 6.050000000000000000e+02
5.970000000000000000e+02 6.030000000000000000e+02
6.330000000000000000e+02 6.240000000000000000e+02
6.010000000000000000e+02 6.410000000000000000e+02
5.580000000000000000e+02 6.430000000000000000e+02
3.380000000000000000e+02 9.250000000000000000e+02
3.730000000000000000e+02 9.020000000000000000e+02
4.080000000000000000e+02 8.870000000000000000e+02
4.370000000000000000e+02 8.950000000000000000e+02
4.660000000000000000e+02 8.880000000000000000e+02
5.030000000000000000e+02 9.030000000000000000e+02
5.410000000000000000e+02 9.290000000000000000e+02
5.040000000000000000e+02 9.660000000000000000e+02
4.660000000000000000e+02 9.780000000000000000e+02
4.340000000000000000e+02 9.810000000000000000e+02
4.030000000000000000e+02 9.770000000000000000e+02
3.690000000000000000e+02 9.610000000000000000e+02
3.570000000000000000e+02 9.240000000000000000e+02
4.070000000000000000e+02 9.200000000000000000e+02
4.360000000000000000e+02 9.230000000000000000e+02
4.660000000000000000e+02 9.210000000000000000e+02
5.220000000000000000e+02 9.290000000000000000e+02
4.660000000000000000e+02 9.250000000000000000e+02
4.360000000000000000e+02 9.270000000000000000e+02
4.060000000000000000e+02 9.230000000000000000e+02
