1.330000000000000000e+02 6.280000000000000000e+02
1.420000000000000000e+02 7.100000000000000000e+02
1.550000000000000000e+02 7.910000000000000000e+02
1.710000000000000000e+02 8.710000000000000000e+02
1.970000000000000000e+02 9.500000000000000000e+02
2.400000000000000000e+02 1.019000000000000000e+03
2.980000000000000000e+02 1.074000000000000000e+03
3.630000000000000000e+02 1.119000000000000000e+03
4.410000000000000000e+02 1.130000000000000000e+03
5.210000000000000000e+02 1.118000000000000000e+03
5.890000000000000000e+02 1.074000000000000000e+03
6.530000000000000000e+02 1.021000000000000000e+03
7.000000000000000000e+02 9.510000000000000000e+02
7.260000000000000000e+02 8.710000000000000000e+02
7.390000000000000000e+02 7.870000000000000000e+02
7.470000000000000000e+02 7.010000000000000000e+02
7.530000000000000000e+02 6.160000000000000000e+02
1.760000000000000000e+02 6.050000000000000000e+02
2.140000000000000000e+02 5.650000000000000000e+02
2.720000000000000000e+02 5.510000000000000000e+02
3.340000000000000000e+02 5.490000000000000000e+02
3.940000000000000000e+02 5.600000000000000000e+02
4.810000000000000000e+02 5.580000000000000000e+02
5.420000000000000000e+02 5.440000000000000000e+02
6.040000000000000000e+02 5.450000000000000000e+02
6.620000000000000000e+02 5.580000000000000000e+02
7.020000000000000000e+02 5.960000000000000000e+02
4.380000000000000000e+02 6.190000000000000000e+02
4.390000000000000000e+02 6.640000000000000000e+02
4.400000000000000000e+02 7.090000000000000000e+02
4.400000000000000000e+02 7.570000000000000000e+02
3.790000000000000000e+02 8.100000000000000000e+02
4.100000000000000000e+02 8.180000000000000000e+02
4.420000000000000000e+02 8.230000000000000000e+02
4.730000000000000000e+02 8.170000000000000000e+02
5.030000000000000000e+02 8.100000000000000000e+02
2.480000000000000000e+02 6.290000000000000000e+02
2.820000000000000000e+02 6.090000000000000000e+02
3.230000000000000000e+02 6.080000000000000000e+02
3.590000000000000000e+02 6.340000000000000000e+02
3.220000000000000000e+02 6.430000000000000000e+02
2.810000000000000000e+02 6.450000000000000000e+02
5.220000000000000000e+02 6.310000000000000000e+02
5.550000000000000000e+02 6.040000000000000000e+02
5.970000000000000000e+02 6.040000000000000000e+02
6.320000000000000000e+02 6.220000000000000000e+02
6.000000000000000000e+02 6.400000000000000000e+02
5.590000000000000000e+02 6.390000000000000000e+02
3.400000000000000000e+02 9.310000000000000000e+02
3.770000000000000000e+02 9.070000000000000000e+02
4.090000000000000000e+02 8.960000000000000000e+02
4.380000000000000000e+02 9.030000000000000000e+02
4.660000000000000000e+02 8.960000000000000000e+02
5.000000000000000000e+02 9.090000000000000000e+02
5.410000000000000000e+02 9.340000000000000000e+02
5.010000000000000000e+02 9.420000000000000000e+02
4.660000000000000000e+02 9.440000000000000000e+02
4.380000000000000000e+02 9.450000000000000000e+02
4.090000000000000000e+02 9.420000000000000000e+02
3.770000000000000000e+02 9.380000000000000000e+02
3.560000000000000000e+02 9.260000000000000000e+02
4.100000000000000000e+02 9.160000000000000000e+02
4.390000000000000000e+02 9.200000000000000000e+02
4.670000000000000000e+02 9.170000000000000000e+02
5.240000000000000000e+02 9.290000000000000000e+02
4.650000000000000000e+02 9.150000000000000000e+02
4.370000000000000000e+02 9.170000000000000000e+02
4.090000000000000000e+02 9.140000000000000000e+02
