1.540000000000000000e+02 6.250000000000000000e+02
1.570000000000000000e+02 7.100000000000000000e+02
1.680000000000000000e+02 7.940000000000000000e+02
1.830000000000000000e+02 8.770000000000000000e+02
2.070000000000000000e+02 9.540000000000000000e+02
2.450000000000000000e+02 1.024000000000000000e+03
2.970000000000000000e+02 1.078000000000000000e+03
3.640000000000000000e+02 1.112000000000000000e+03
4.430000000000000000e+02 1.123000000000000000e+03
5.200000000000000000e+02 1.114000000000000000e+03
5.850000000000000000e+02 1.080000000000000000e+03
6.350000000000000000e+02 1.023000000000000000e+03
6.710000000000000000e+02 9.520000000000000000e+02
6.930000000000000000e+02 8.740000000000000000e+02
7.070000000000000000e+02 7.940000000000000000e+02
7.160000000000000000e+02 7.120000000000000000e+02
7.180000000000000000e+02 6.290000000000000000e+02
2.000000000000000000e+02 5.960000000000000000e+02
2.300000000000000000e+02 5.430000000000000000e+02
2.880000000000000000e+02 5.220000000000000000e+02
3.490000000000000000e+02 5.260000000000000000e+02
4.060000000000000000e+02 5.440000000000000000e+02
4.810000000000000000e+02 5.400000000000000000e+02
5.390000000000000000e+02 5.230000000000000000e+02
6.010000000000000000e+02 5.230000000000000000e+02
6.580000000000000000e+02 5.480000000000000000e+02
6.840000000000000000e+02 6.030000000000000000e+02
4.450000000000000000e+02 5.950000000000000000e+02
4.430000000000000000e+02 6.530000000000000000e+02
4.420000000000000000e+02 7.110000000000000000e+02
4.400000000000000000e+02 7.720000000000000000e+02
3.800000000000000000e+02 8.060000000000000000e+02
4.070000000000000000e+02 8.190000000000000000e+02
4.390000000000000000e+02 8.290000000000000000e+02
4.700000000000000000e+02 8.200000000000000000e+02
4.990000000000000000e+02 8.080000000000000000e+02
2.570000000000000000e+02 6.230000000000000000e+02
2.880000000000000000e+02 5.990000000000000000e+02
3.280000000000000000e+02 5.990000000000000000e+02
3.660000000000000000e+02 6.260000000000000000e+02
3.280000000000000000e+02 6.380000000000000000e+02
2.880000000000000000e+02 6.400000000000000000e+02
5.160000000000000000e+02 6.260000000000000000e+02
5.530000000000000000e+02 6.000000000000000000e+02
5.930000000000000000e+02 6.030000000000000000e+02
6.230000000000000000e+02 6.270000000000000000e+02
5.930000000000000000e+02 6.420000000000000000e+02
5.540000000000000000e+02 6.390000000000000000e+02
3.420000000000000000e+02 9.280000000000000000e+02
3.820000000000000000e+02 9.110000000000000000e+02
4.130000000000000000e+02 9.040000000000000000e+02
4.410000000000000000e+02 9.110000000000000000e+02
4.700000000000000000e+02 9.030000000000000000e+02
4.990000000000000000e+02 9.110000000000000000e+02
5.390000000000000000e+02 9.260000000000000000e+02
5.010000000000000000e+02 9.470000000000000000e+02
4.710000000000000000e+02 9.470000000000000000e+02
4.410000000000000000e+02 9.500000000000000000e+02
4.140000000000000000e+02 9.480000000000000000e+02
3.810000000000000000e+02 9.480000000000000000e+02
3.580000000000000000e+02 9.260000000000000000e+02
4.130000000000000000e+02 9.210000000000000000e+02
4.410000000000000000e+02 9.250000000000000000e+02
4.700000000000000000e+02 9.200000000000000000e+02
5.230000000000000000e+02 9.240000000000000000e+02
4.700000000000000000e+02 9.180000000000000000e+02
4.410000000000000000e+02 9.210000000000000000e+02
4.140000000000000000e+02 9.180000000000000000e+02
