1.530000000000000000e+02 6.370000000000000000e+02
1.550000000000000000e+02 7.150000000000000000e+02
1.620000000000000000e+02 7.940000000000000000e+02
1.790000000000000000e+02 8.760000000000000000e+02
2.060000000000000000e+02 9.520000000000000000e+02
2.510000000000000000e+02 1.020000000000000000e+03
3.060000000000000000e+02 1.078000000000000000e+03
3.690000000000000000e+02 1.122000000000000000e+03
4.390000000000000000e+02 1.139000000000000000e+03
5.130000000000000000e+02 1.129000000000000000e+03
5.790000000000000000e+02 1.088000000000000000e+03
6.390000000000000000e+02 1.027000000000000000e+03
6.850000000000000000e+02 9.590000000000000000e+02
7.150000000000000000e+02 8.800000000000000000e+02
7.320000000000000000e+02 7.960000000000000000e+02
7.410000000000000000e+02 7.130000000000000000e+02
7.430000000000000000e+02 6.310000000000000000e+02
1.910000000000000000e+02 5.880000000000000000e+02
2.160000000000000000e+02 5.420000000000000000e+02
2.690000000000000000e+02 5.260000000000000000e+02
3.270000000000000000e+02 5.320000000000000000e+02
3.810000000000000000e+02 5.530000000000000000e+02
4.850000000000000000e+02 5.580000000000000000e+02
5.410000000000000000e+02 5.390000000000000000e+02
6.020000000000000000e+02 5.340000000000000000e+02
6.570000000000000000e+02 5.510000000000000000e+02
6.920000000000000000e+02 5.970000000000000000e+02
4.320000000000000000e+02 6.130000000000000000e+02
4.320000000000000000e+02 6.580000000000000000e+02
4.330000000000000000e+02 7.030000000000000000e+02
4.330000000000000000e+02 7.500000000000000000e+02
3.820000000000000000e+02 8.060000000000000000e+02
4.060000000000000000e+02 8.140000000000000000e+02
4.330000000000000000e+02 8.200000000000000000e+02
4.620000000000000000e+02 8.140000000000000000e+02
4.880000000000000000e+02 8.060000000000000000e+02
2.520000000000000000e+02 6.310000000000000000e+02
2.820000000000000000e+02 6.090000000000000000e+02
3.220000000000000000e+02 6.070000000000000000e+02
3.620000000000000000e+02 6.330000000000000000e+02
3.230000000000000000e+02 6.420000000000000000e+02
2.810000000000000000e+02 6.450000000000000000e+02
5.090000000000000000e+02 6.360000000000000000e+02
5.490000000000000000e+02 6.120000000000000000e+02
5.910000000000000000e+02 6.140000000000000000e+02
6.240000000000000000e+02 6.370000000000000000e+02
5.910000000000000000e+02 6.500000000000000000e+02
5.490000000000000000e+02 6.460000000000000000e+02
3.430000000000000000e+02 9.090000000000000000e+02
3.760000000000000000e+02 8.950000000000000000e+02
4.100000000000000000e+02 8.850000000000000000e+02
4.340000000000000000e+02 8.920000000000000000e+02
4.580000000000000000e+02 8.870000000000000000e+02
4.940000000000000000e+02 9.000000000000000000e+02
5.360000000000000000e+02 9.160000000000000000e+02
4.950000000000000000e+02 9.490000000000000000e+02
4.590000000000000000e+02 9.580000000000000000e+02
4.330000000000000000e+02 9.590000000000000000e+02
4.070000000000000000e+02 9.540000000000000000e+02
3.760000000000000000e+02 9.400000000000000000e+02
3.600000000000000000e+02 9.100000000000000000e+02
4.090000000000000000e+02 9.110000000000000000e+02
4.340000000000000000e+02 9.150000000000000000e+02
4.580000000000000000e+02 9.140000000000000000e+02
5.190000000000000000e+02 9.160000000000000000e+02
4.570000000000000000e+02 9.170000000000000000e+02
4.330000000000000000e+02 9.180000000000000000e+02
4.090000000000000000e+02 9.130000000000000000e+02
