1.370000000000000000e+02 6.220000000000000000e+02
1.430000000000000000e+02 7.010000000000000000e+02
1.550000000000000000e+02 7.780000000000000000e+02
1.720000000000000000e+02 8.540000000000000000e+02
1.940000000000000000e+02 9.280000000000000000e+02
2.380000000000000000e+02 9.970000000000000000e+02
2.970000000000000000e+02 1.052000000000000000e+03
3.670000000000000000e+02 1.096000000000000000e+03
4.480000000000000000e+02 1.107000000000000000e+03
5.310000000000000000e+02 1.097000000000000000e+03
6.030000000000000000e+02 1.052000000000000000e+03
6.620000000000000000e+02 9.980000000000000000e+02
7.040000000000000000e+02 9.300000000000000000e+02
7.260000000000000000e+02 8.550000000000000000e+02
7.400000000000000000e+02 7.800000000000000000e+02
7.490000000000000000e+02 7.060000000000000000e+02
7.540000000000000000e+02 6.300000000000000000e+02
1.820000000000000000e+02 5.770000000000000000e+02
2.190000000000000000e+02 5.350000000000000000e+02
2.790000000000000000e+02 5.230000000000000000e+02
3.420000000000000000e+02 5.290000000000000000e+02
4.000000000000000000e+02 5.530000000000000000e+02
4.700000000000000000e+02 5.560000000000000000e+02
5.290000000000000000e+02 5.330000000000000000e+02
5.950000000000000000e+02 5.290000000000000000e+02
6.580000000000000000e+02 5.440000000000000000e+02
7.010000000000000000e+02 5.870000000000000000e+02
4.350000000000000000e+02 6.210000000000000000e+02
4.330000000000000000e+02 6.770000000000000000e+02
4.320000000000000000e+02 7.330000000000000000e+02
4.300000000000000000e+02 7.890000000000000000e+02
3.780000000000000000e+02 8.230000000000000000e+02
4.040000000000000000e+02 8.350000000000000000e+02
4.330000000000000000e+02 8.440000000000000000e+02
4.630000000000000000e+02 8.350000000000000000e+02
4.910000000000000000e+02 8.250000000000000000e+02
2.510000000000000000e+02 6.280000000000000000e+02
2.830000000000000000e+02 6.090000000000000000e+02
3.230000000000000000e+02 6.120000000000000000e+02
3.590000000000000000e+02 6.360000000000000000e+02
3.210000000000000000e+02 6.480000000000000000e+02
2.800000000000000000e+02 6.480000000000000000e+02
5.220000000000000000e+02 6.400000000000000000e+02
5.570000000000000000e+02 6.180000000000000000e+02
5.980000000000000000e+02 6.180000000000000000e+02
6.330000000000000000e+02 6.360000000000000000e+02
6.000000000000000000e+02 6.540000000000000000e+02
5.580000000000000000e+02 6.530000000000000000e+02
3.340000000000000000e+02 9.250000000000000000e+02
3.720000000000000000e+02 9.050000000000000000e+02
4.080000000000000000e+02 8.930000000000000000e+02
4.370000000000000000e+02 9.020000000000000000e+02
4.650000000000000000e+02 8.940000000000000000e+02
5.060000000000000000e+02 9.060000000000000000e+02
5.510000000000000000e+02 9.250000000000000000e+02
5.090000000000000000e+02 9.490000000000000000e+02
4.690000000000000000e+02 9.580000000000000000e+02
4.390000000000000000e+02 9.600000000000000000e+02
4.090000000000000000e+02 9.570000000000000000e+02
3.730000000000000000e+02 9.480000000000000000e+02
3.490000000000000000e+02 9.240000000000000000e+02
4.080000000000000000e+02 9.180000000000000000e+02
4.370000000000000000e+02 9.220000000000000000e+02
4.670000000000000000e+02 9.180000000000000000e+02
5.330000000000000000e+02 9.250000000000000000e+02
4.670000000000000000e+02 9.200000000000000000e+02
4.380000000000000000e+02 9.240000000000000000e+02
4.090000000000000000e+02 9.200000000000000000e+02
