1.390000000000000000e+02 6.130000000000000000e+02
1.460000000000000000e+02 6.980000000000000000e+02
1.640000000000000000e+02 7.810000000000000000e+02
1.770000000000000000e+02 8.640000000000000000e+02
1.970000000000000000e+02 9.460000000000000000e+02
2.380000000000000000e+02 1.016000000000000000e+03
2.950000000000000000e+02 1.074000000000000000e+03
3.640000000000000000e+02 1.115000000000000000e+03
4.440000000000000000e+02 1.126000000000000000e+03
5.230000000000000000e+02 1.111000000000000000e+03
5.890000000000000000e+02 1.064000000000000000e+03
6.420000000000000000e+02 1.005000000000000000e+03
6.760000000000000000e+02 9.330000000000000000e+02
6.950000000000000000e+02 8.530000000000000000e+02
7.100000000000000000e+02 7.730000000000000000e+02
7.260000000000000000e+02 6.940000000000000000e+02
7.320000000000000000e+02 6.110000000000000000e+02
1.940000000000000000e+02 5.760000000000000000e+02
2.340000000000000000e+02 5.440000000000000000e+02
2.900000000000000000e+02 5.360000000000000000e+02
3.440000000000000000e+02 5.460000000000000000e+02
3.980000000000000000e+02 5.630000000000000000e+02
4.820000000000000000e+02 5.630000000000000000e+02
5.350000000000000000e+02 5.460000000000000000e+02
5.880000000000000000e+02 5.350000000000000000e+02
6.430000000000000000e+02 5.400000000000000000e+02
6.830000000000000000e+02 5.700000000000000000e+02
4.410000000000000000e+02 6.090000000000000000e+02
4.420000000000000000e+02 6.660000000000000000e+02
4.430000000000000000e+02 7.250000000000000000e+02
4.430000000000000000e+02 7.840000000000000000e+02
3.900000000000000000e+02 8.160000000000000000e+02
4.150000000000000000e+02 8.270000000000000000e+02
4.430000000000000000e+02 8.360000000000000000e+02
4.700000000000000000e+02 8.270000000000000000e+02
4.950000000000000000e+02 8.160000000000000000e+02
2.550000000000000000e+02 6.210000000000000000e+02
2.870000000000000000e+02 6.050000000000000000e+02
3.260000000000000000e+02 6.030000000000000000e+02
3.600000000000000000e+02 6.220000000000000000e+02
3.250000000000000000e+02 6.320000000000000000e+02
2.870000000000000000e+02 6.350000000000000000e+02
5.190000000000000000e+02 6.240000000000000000e+02
5.520000000000000000e+02 6.030000000000000000e+02
5.900000000000000000e+02 6.040000000000000000e+02
6.210000000000000000e+02 6.210000000000000000e+02
5.920000000000000000e+02 6.350000000000000000e+02
5.550000000000000000e+02 6.330000000000000000e+02
3.390000000000000000e+02 9.330000000000000000e+02
3.780000000000000000e+02 9.100000000000000000e+02
4.180000000000000000e+02 8.960000000000000000e+02
4.450000000000000000e+02 9.060000000000000000e+02
4.720000000000000000e+02 8.970000000000000000e+02
5.080000000000000000e+02 9.110000000000000000e+02
5.410000000000000000e+02 9.330000000000000000e+02
5.080000000000000000e+02 9.550000000000000000e+02
4.720000000000000000e+02 9.660000000000000000e+02
4.430000000000000000e+02 9.680000000000000000e+02
4.130000000000000000e+02 9.660000000000000000e+02
3.760000000000000000e+02 9.560000000000000000e+02
3.580000000000000000e+02 9.340000000000000000e+02
4.170000000000000000e+02 9.290000000000000000e+02
4.440000000000000000e+02 9.320000000000000000e+02
4.730000000000000000e+02 9.300000000000000000e+02
5.240000000000000000e+02 9.340000000000000000e+02
4.710000000000000000e+02 9.250000000000000000e+02
4.430000000000000000e+02 9.280000000000000000e+02
4.150000000000000000e+02 9.250000000000000000e+02
