1.270000000000000000e+02 6.630000000000000000e+02
1.310000000000000000e+02 7.480000000000000000e+02
1.380000000000000000e+02 8.300000000000000000e+02
1.520000000000000000e+02 9.110000000000000000e+02
1.820000000000000000e+02 9.860000000000000000e+02
2.240000000000000000e+02 1.052000000000000000e+03
2.840000000000000000e+02 1.104000000000000000e+03
3.580000000000000000e+02 1.136000000000000000e+03
4.430000000000000000e+02 1.143000000000000000e+03
5.250000000000000000e+02 1.129000000000000000e+03
5.890000000000000000e+02 1.091000000000000000e+03
6.390000000000000000e+02 1.037000000000000000e+03
6.730000000000000000e+02 9.670000000000000000e+02
6.930000000000000000e+02 8.900000000000000000e+02
7.020000000000000000e+02 8.130000000000000000e+02
7.070000000000000000e+02 7.380000000000000000e+02
7.090000000000000000e+02 6.630000000000000000e+02
2.000000000000000000e+02 5.980000000000000000e+02
2.320000000000000000e+02 5.440000000000000000e+02
2.890000000000000000e+02 5.180000000000000000e+02
3.520000000000000000e+02 5.210000000000000000e+02
4.090000000000000000e+02 5.490000000000000000e+02
4.890000000000000000e+02 5.510000000000000000e+02
5.440000000000000000e+02 5.310000000000000000e+02
6.040000000000000000e+02 5.290000000000000000e+02
6.560000000000000000e+02 5.560000000000000000e+02
6.770000000000000000e+02 6.110000000000000000e+02
4.430000000000000000e+02 6.020000000000000000e+02
4.440000000000000000e+02 6.520000000000000000e+02
4.440000000000000000e+02 6.970000000000000000e+02
4.460000000000000000e+02 7.470000000000000000e+02
3.840000000000000000e+02 8.060000000000000000e+02
4.150000000000000000e+02 8.120000000000000000e+02
4.460000000000000000e+02 8.180000000000000000e+02
4.790000000000000000e+02 8.100000000000000000e+02
5.110000000000000000e+02 8.000000000000000000e+02
2.620000000000000000e+02 6.230000000000000000e+02
2.910000000000000000e+02 5.980000000000000000e+02
3.290000000000000000e+02 5.970000000000000000e+02
3.630000000000000000e+02 6.240000000000000000e+02
3.280000000000000000e+02 6.320000000000000000e+02
2.900000000000000000e+02 6.330000000000000000e+02
5.220000000000000000e+02 6.260000000000000000e+02
5.530000000000000000e+02 6.020000000000000000e+02
5.900000000000000000e+02 6.040000000000000000e+02
6.170000000000000000e+02 6.280000000000000000e+02
5.900000000000000000e+02 6.370000000000000000e+02
5.530000000000000000e+02 6.340000000000000000e+02
3.310000000000000000e+02 9.180000000000000000e+02
3.770000000000000000e+02 8.990000000000000000e+02
4.170000000000000000e+02 8.880000000000000000e+02
4.490000000000000000e+02 8.960000000000000000e+02
4.790000000000000000e+02 8.870000000000000000e+02
5.160000000000000000e+02 8.970000000000000000e+02
5.530000000000000000e+02 9.180000000000000000e+02
5.180000000000000000e+02 9.310000000000000000e+02
4.830000000000000000e+02 9.380000000000000000e+02
4.520000000000000000e+02 9.410000000000000000e+02
4.180000000000000000e+02 9.400000000000000000e+02
3.790000000000000000e+02 9.340000000000000000e+02
3.500000000000000000e+02 9.150000000000000000e+02
4.160000000000000000e+02 9.100000000000000000e+02
4.500000000000000000e+02 9.130000000000000000e+02
4.800000000000000000e+02 9.100000000000000000e+02
5.380000000000000000e+02 9.130000000000000000e+02
4.820000000000000000e+02 9.140000000000000000e+02
4.520000000000000000e+02 9.180000000000000000e+02
4.170000000000000000e+02 9.140000000000000000e+02
