1.300000000000000000e+02 6.890000000000000000e+02
1.340000000000000000e+02 7.650000000000000000e+02
1.400000000000000000e+02 8.390000000000000000e+02
1.560000000000000000e+02 9.130000000000000000e+02
1.870000000000000000e+02 9.810000000000000000e+02
2.360000000000000000e+02 1.036000000000000000e+03
2.980000000000000000e+02 1.074000000000000000e+03
3.670000000000000000e+02 1.105000000000000000e+03
4.460000000000000000e+02 1.113000000000000000e+03
5.260000000000000000e+02 1.104000000000000000e+03
5.950000000000000000e+02 1.075000000000000000e+03
6.550000000000000000e+02 1.032000000000000000e+03
6.950000000000000000e+02 9.680000000000000000e+02
7.180000000000000000e+02 8.970000000000000000e+02
7.330000000000000000e+02 8.240000000000000000e+02
7.400000000000000000e+02 7.490000000000000000e+02
7.450000000000000000e+02 6.760000000000000000e+02
1.990000000000000000e+02 5.740000000000000000e+02
2.310000000000000000e+02 5.370000000000000000e+02
2.820000000000000000e+02 5.230000000000000000e+02
3.370000000000000000e+02 5.290000000000000000e+02
3.910000000000000000e+02 5.450000000000000000e+02
4.760000000000000000e+02 5.550000000000000000e+02
5.310000000000000000e+02 5.400000000000000000e+02
5.880000000000000000e+02 5.350000000000000000e+02
6.440000000000000000e+02 5.500000000000000000e+02
6.790000000000000000e+02 5.910000000000000000e+02
4.390000000000000000e+02 6.010000000000000000e+02
4.390000000000000000e+02 6.470000000000000000e+02
4.410000000000000000e+02 6.920000000000000000e+02
4.430000000000000000e+02 7.410000000000000000e+02
3.750000000000000000e+02 8.020000000000000000e+02
4.070000000000000000e+02 8.080000000000000000e+02
4.430000000000000000e+02 8.120000000000000000e+02
4.770000000000000000e+02 8.060000000000000000e+02
5.090000000000000000e+02 7.970000000000000000e+02
2.570000000000000000e+02 6.270000000000000000e+02
2.860000000000000000e+02 6.100000000000000000e+02
3.220000000000000000e+02 6.070000000000000000e+02
3.550000000000000000e+02 6.260000000000000000e+02
3.210000000000000000e+02 6.340000000000000000e+02
2.860000000000000000e+02 6.350000000000000000e+02
5.220000000000000000e+02 6.300000000000000000e+02
5.560000000000000000e+02 6.160000000000000000e+02
5.910000000000000000e+02 6.200000000000000000e+02
6.220000000000000000e+02 6.400000000000000000e+02
5.890000000000000000e+02 6.460000000000000000e+02
5.540000000000000000e+02 6.400000000000000000e+02
3.310000000000000000e+02 9.320000000000000000e+02
3.710000000000000000e+02 9.050000000000000000e+02
4.110000000000000000e+02 8.880000000000000000e+02
4.430000000000000000e+02 8.940000000000000000e+02
4.720000000000000000e+02 8.850000000000000000e+02
5.090000000000000000e+02 8.990000000000000000e+02
5.450000000000000000e+02 9.270000000000000000e+02
5.100000000000000000e+02 9.350000000000000000e+02
4.750000000000000000e+02 9.400000000000000000e+02
4.450000000000000000e+02 9.420000000000000000e+02
4.120000000000000000e+02 9.420000000000000000e+02
3.730000000000000000e+02 9.390000000000000000e+02
3.460000000000000000e+02 9.270000000000000000e+02
4.110000000000000000e+02 9.120000000000000000e+02
4.420000000000000000e+02 9.130000000000000000e+02
4.710000000000000000e+02 9.090000000000000000e+02
5.300000000000000000e+02 9.210000000000000000e+02
4.740000000000000000e+02 9.100000000000000000e+02
4.440000000000000000e+02 9.130000000000000000e+02
4.130000000000000000e+02 9.120000000000000000e+02
