1.360000000000000000e+02 6.600000000000000000e+02
1.360000000000000000e+02 7.360000000000000000e+02
1.420000000000000000e+02 8.120000000000000000e+02
1.500000000000000000e+02 8.900000000000000000e+02
1.760000000000000000e+02 9.640000000000000000e+02
2.260000000000000000e+02 1.024000000000000000e+03
2.940000000000000000e+02 1.070000000000000000e+03
3.690000000000000000e+02 1.108000000000000000e+03
4.490000000000000000e+02 1.119000000000000000e+03
5.260000000000000000e+02 1.106000000000000000e+03
5.920000000000000000e+02 1.068000000000000000e+03
6.510000000000000000e+02 1.017000000000000000e+03
6.910000000000000000e+02 9.550000000000000000e+02
7.110000000000000000e+02 8.840000000000000000e+02
7.200000000000000000e+02 8.110000000000000000e+02
7.220000000000000000e+02 7.390000000000000000e+02
7.180000000000000000e+02 6.660000000000000000e+02
1.850000000000000000e+02 5.850000000000000000e+02
2.200000000000000000e+02 5.400000000000000000e+02
2.790000000000000000e+02 5.240000000000000000e+02
3.400000000000000000e+02 5.300000000000000000e+02
3.990000000000000000e+02 5.470000000000000000e+02
4.840000000000000000e+02 5.510000000000000000e+02
5.450000000000000000e+02 5.370000000000000000e+02
6.070000000000000000e+02 5.310000000000000000e+02
6.650000000000000000e+02 5.540000000000000000e+02
6.920000000000000000e+02 6.070000000000000000e+02
4.460000000000000000e+02 6.070000000000000000e+02
4.490000000000000000e+02 6.580000000000000000e+02
4.510000000000000000e+02 7.080000000000000000e+02
4.550000000000000000e+02 7.610000000000000000e+02
3.900000000000000000e+02 8.070000000000000000e+02
4.200000000000000000e+02 8.150000000000000000e+02
4.500000000000000000e+02 8.250000000000000000e+02
4.780000000000000000e+02 8.160000000000000000e+02
5.030000000000000000e+02 8.060000000000000000e+02
2.540000000000000000e+02 6.280000000000000000e+02
2.860000000000000000e+02 6.100000000000000000e+02
3.250000000000000000e+02 6.080000000000000000e+02
3.630000000000000000e+02 6.290000000000000000e+02
3.250000000000000000e+02 6.390000000000000000e+02
2.850000000000000000e+02 6.400000000000000000e+02
5.140000000000000000e+02 6.320000000000000000e+02
5.510000000000000000e+02 6.130000000000000000e+02
5.900000000000000000e+02 6.160000000000000000e+02
6.210000000000000000e+02 6.330000000000000000e+02
5.890000000000000000e+02 6.460000000000000000e+02
5.510000000000000000e+02 6.420000000000000000e+02
3.200000000000000000e+02 9.110000000000000000e+02
3.640000000000000000e+02 8.990000000000000000e+02
4.090000000000000000e+02 8.920000000000000000e+02
4.420000000000000000e+02 9.010000000000000000e+02
4.730000000000000000e+02 8.920000000000000000e+02
5.160000000000000000e+02 8.990000000000000000e+02
5.600000000000000000e+02 9.110000000000000000e+02
5.180000000000000000e+02 9.360000000000000000e+02
4.780000000000000000e+02 9.480000000000000000e+02
4.450000000000000000e+02 9.510000000000000000e+02
4.110000000000000000e+02 9.470000000000000000e+02
3.650000000000000000e+02 9.340000000000000000e+02
3.370000000000000000e+02 9.130000000000000000e+02
4.080000000000000000e+02 9.140000000000000000e+02
4.410000000000000000e+02 9.180000000000000000e+02
4.730000000000000000e+02 9.140000000000000000e+02
5.440000000000000000e+02 9.120000000000000000e+02
4.760000000000000000e+02 9.180000000000000000e+02
4.440000000000000000e+02 9.220000000000000000e+02
4.110000000000000000e+02 9.170000000000000000e+02
