1.290000000000000000e+02 6.680000000000000000e+02
1.360000000000000000e+02 7.440000000000000000e+02
1.490000000000000000e+02 8.180000000000000000e+02
1.680000000000000000e+02 8.930000000000000000e+02
1.940000000000000000e+02 9.630000000000000000e+02
2.390000000000000000e+02 1.023000000000000000e+03
3.020000000000000000e+02 1.069000000000000000e+03
3.710000000000000000e+02 1.101000000000000000e+03
4.470000000000000000e+02 1.113000000000000000e+03
5.250000000000000000e+02 1.103000000000000000e+03
5.930000000000000000e+02 1.069000000000000000e+03
6.530000000000000000e+02 1.022000000000000000e+03
6.970000000000000000e+02 9.610000000000000000e+02
7.210000000000000000e+02 8.890000000000000000e+02
7.360000000000000000e+02 8.160000000000000000e+02
7.480000000000000000e+02 7.410000000000000000e+02
7.530000000000000000e+02 6.650000000000000000e+02
1.920000000000000000e+02 5.930000000000000000e+02
2.280000000000000000e+02 5.530000000000000000e+02
2.820000000000000000e+02 5.360000000000000000e+02
3.400000000000000000e+02 5.400000000000000000e+02
3.960000000000000000e+02 5.590000000000000000e+02
4.920000000000000000e+02 5.580000000000000000e+02
5.460000000000000000e+02 5.380000000000000000e+02
6.050000000000000000e+02 5.320000000000000000e+02
6.590000000000000000e+02 5.500000000000000000e+02
6.930000000000000000e+02 5.920000000000000000e+02
4.410000000000000000e+02 6.080000000000000000e+02
4.400000000000000000e+02 6.630000000000000000e+02
4.380000000000000000e+02 7.150000000000000000e+02
4.360000000000000000e+02 7.700000000000000000e+02
3.810000000000000000e+02 8.080000000000000000e+02
4.090000000000000000e+02 8.210000000000000000e+02
4.400000000000000000e+02 8.310000000000000000e+02
4.710000000000000000e+02 8.210000000000000000e+02
5.000000000000000000e+02 8.080000000000000000e+02
2.550000000000000000e+02 6.260000000000000000e+02
2.900000000000000000e+02 5.990000000000000000e+02
3.330000000000000000e+02 5.970000000000000000e+02
3.700000000000000000e+02 6.300000000000000000e+02
3.320000000000000000e+02 6.370000000000000000e+02
2.880000000000000000e+02 6.390000000000000000e+02
5.170000000000000000e+02 6.270000000000000000e+02
5.540000000000000000e+02 5.940000000000000000e+02
5.960000000000000000e+02 5.950000000000000000e+02
6.310000000000000000e+02 6.220000000000000000e+02
5.980000000000000000e+02 6.350000000000000000e+02
5.550000000000000000e+02 6.340000000000000000e+02
3.340000000000000000e+02 9.190000000000000000e+02
3.730000000000000000e+02 8.920000000000000000e+02
4.130000000000000000e+02 8.790000000000000000e+02
4.410000000000000000e+02 8.870000000000000000e+02
4.680000000000000000e+02 8.800000000000000000e+02
5.110000000000000000e+02 8.950000000000000000e+02
5.540000000000000000e+02 9.200000000000000000e+02
5.110000000000000000e+02 9.420000000000000000e+02
4.700000000000000000e+02 9.540000000000000000e+02
4.420000000000000000e+02 9.550000000000000000e+02
4.120000000000000000e+02 9.520000000000000000e+02
3.740000000000000000e+02 9.390000000000000000e+02
3.500000000000000000e+02 9.170000000000000000e+02
4.130000000000000000e+02 9.120000000000000000e+02
4.420000000000000000e+02 9.150000000000000000e+02
4.690000000000000000e+02 9.140000000000000000e+02
5.360000000000000000e+02 9.190000000000000000e+02
4.690000000000000000e+02 9.180000000000000000e+02
4.420000000000000000e+02 9.200000000000000000e+02
4.130000000000000000e+02 9.160000000000000000e+02
