1.720000000000000000e+02 6.300000000000000000e+02
1.710000000000000000e+02 7.090000000000000000e+02
1.860000000000000000e+02 7.860000000000000000e+02
2.020000000000000000e+02 8.610000000000000000e+02
2.230000000000000000e+02 9.350000000000000000e+02
2.590000000000000000e+02 1.002000000000000000e+03
3.100000000000000000e+02 1.054000000000000000e+03
3.710000000000000000e+02 1.094000000000000000e+03
4.420000000000000000e+02 1.104000000000000000e+03
5.130000000000000000e+02 1.093000000000000000e+03
5.740000000000000000e+02 1.054000000000000000e+03
6.240000000000000000e+02 1.004000000000000000e+03
6.620000000000000000e+02 9.390000000000000000e+02
6.840000000000000000e+02 8.670000000000000000e+02
6.990000000000000000e+02 7.890000000000000000e+02
7.120000000000000000e+02 7.110000000000000000e+02
7.090000000000000000e+02 6.310000000000000000e+02
1.910000000000000000e+02 5.590000000000000000e+02
2.280000000000000000e+02 5.290000000000000000e+02
2.790000000000000000e+02 5.290000000000000000e+02
3.290000000000000000e+02 5.460000000000000000e+02
3.800000000000000000e+02 5.650000000000000000e+02
4.970000000000000000e+02 5.570000000000000000e+02
5.460000000000000000e+02 5.300000000000000000e+02
5.960000000000000000e+02 5.110000000000000000e+02
6.510000000000000000e+02 5.130000000000000000e+02
6.880000000000000000e+02 5.470000000000000000e+02
4.410000000000000000e+02 6.170000000000000000e+02
4.410000000000000000e+02 6.770000000000000000e+02
4.410000000000000000e+02 7.370000000000000000e+02
4.410000000000000000e+02 7.970000000000000000e+02
3.800000000000000000e+02 8.210000000000000000e+02
4.080000000000000000e+02 8.350000000000000000e+02
4.400000000000000000e+02 8.470000000000000000e+02
4.720000000000000000e+02 8.370000000000000000e+02
5.020000000000000000e+02 8.240000000000000000e+02
2.510000000000000000e+02 6.200000000000000000e+02
2.830000000000000000e+02 5.980000000000000000e+02
3.270000000000000000e+02 5.980000000000000000e+02
3.640000000000000000e+02 6.300000000000000000e+02
3.250000000000000000e+02 6.420000000000000000e+02
2.810000000000000000e+02 6.430000000000000000e+02
5.140000000000000000e+02 6.290000000000000000e+02
5.510000000000000000e+02 5.940000000000000000e+02
5.960000000000000000e+02 5.900000000000000000e+02
6.300000000000000000e+02 6.130000000000000000e+02
6.010000000000000000e+02 6.370000000000000000e+02
5.570000000000000000e+02 6.390000000000000000e+02
3.300000000000000000e+02 9.190000000000000000e+02
3.700000000000000000e+02 9.070000000000000000e+02
4.080000000000000000e+02 9.050000000000000000e+02
4.390000000000000000e+02 9.170000000000000000e+02
4.700000000000000000e+02 9.090000000000000000e+02
5.120000000000000000e+02 9.170000000000000000e+02
5.590000000000000000e+02 9.260000000000000000e+02
5.140000000000000000e+02 9.640000000000000000e+02
4.720000000000000000e+02 9.790000000000000000e+02
4.370000000000000000e+02 9.800000000000000000e+02
4.040000000000000000e+02 9.740000000000000000e+02
3.670000000000000000e+02 9.550000000000000000e+02
3.480000000000000000e+02 9.200000000000000000e+02
4.070000000000000000e+02 9.290000000000000000e+02
4.380000000000000000e+02 9.360000000000000000e+02
4.710000000000000000e+02 9.330000000000000000e+02
5.420000000000000000e+02 9.280000000000000000e+02
4.700000000000000000e+02 9.340000000000000000e+02
4.380000000000000000e+02 9.380000000000000000e+02
4.060000000000000000e+02 9.310000000000000000e+02
