1.560000000000000000e+02 6.600000000000000000e+02
1.590000000000000000e+02 7.410000000000000000e+02
1.690000000000000000e+02 8.200000000000000000e+02
1.870000000000000000e+02 8.990000000000000000e+02
2.160000000000000000e+02 9.710000000000000000e+02
2.590000000000000000e+02 1.030000000000000000e+03
3.140000000000000000e+02 1.078000000000000000e+03
3.750000000000000000e+02 1.112000000000000000e+03
4.470000000000000000e+02 1.124000000000000000e+03
5.210000000000000000e+02 1.115000000000000000e+03
5.880000000000000000e+02 1.083000000000000000e+03
6.410000000000000000e+02 1.029000000000000000e+03
6.810000000000000000e+02 9.650000000000000000e+02
7.050000000000000000e+02 8.910000000000000000e+02
7.190000000000000000e+02 8.140000000000000000e+02
7.270000000000000000e+02 7.380000000000000000e+02
7.300000000000000000e+02 6.570000000000000000e+02
2.030000000000000000e+02 5.790000000000000000e+02
2.290000000000000000e+02 5.320000000000000000e+02
2.800000000000000000e+02 5.120000000000000000e+02
3.340000000000000000e+02 5.190000000000000000e+02
3.880000000000000000e+02 5.340000000000000000e+02
4.790000000000000000e+02 5.370000000000000000e+02
5.350000000000000000e+02 5.190000000000000000e+02
5.940000000000000000e+02 5.140000000000000000e+02
6.470000000000000000e+02 5.370000000000000000e+02
6.740000000000000000e+02 5.870000000000000000e+02
4.370000000000000000e+02 5.960000000000000000e+02
4.370000000000000000e+02 6.470000000000000000e+02
4.370000000000000000e+02 6.980000000000000000e+02
4.360000000000000000e+02 7.510000000000000000e+02
3.770000000000000000e+02 7.970000000000000000e+02
4.050000000000000000e+02 8.060000000000000000e+02
4.350000000000000000e+02 8.130000000000000000e+02
4.670000000000000000e+02 8.060000000000000000e+02
4.960000000000000000e+02 7.990000000000000000e+02
2.630000000000000000e+02 6.210000000000000000e+02
2.930000000000000000e+02 5.980000000000000000e+02
3.310000000000000000e+02 5.950000000000000000e+02
3.670000000000000000e+02 6.190000000000000000e+02
3.320000000000000000e+02 6.290000000000000000e+02
2.930000000000000000e+02 6.320000000000000000e+02
5.100000000000000000e+02 6.210000000000000000e+02
5.460000000000000000e+02 5.980000000000000000e+02
5.840000000000000000e+02 6.020000000000000000e+02
6.150000000000000000e+02 6.260000000000000000e+02
5.840000000000000000e+02 6.360000000000000000e+02
5.450000000000000000e+02 6.320000000000000000e+02
3.410000000000000000e+02 9.210000000000000000e+02
3.780000000000000000e+02 8.970000000000000000e+02
4.130000000000000000e+02 8.820000000000000000e+02
4.360000000000000000e+02 8.870000000000000000e+02
4.610000000000000000e+02 8.820000000000000000e+02
4.980000000000000000e+02 8.980000000000000000e+02
5.370000000000000000e+02 9.220000000000000000e+02
4.980000000000000000e+02 9.430000000000000000e+02
4.630000000000000000e+02 9.510000000000000000e+02
4.380000000000000000e+02 9.520000000000000000e+02
4.110000000000000000e+02 9.510000000000000000e+02
3.790000000000000000e+02 9.430000000000000000e+02
3.600000000000000000e+02 9.210000000000000000e+02
4.120000000000000000e+02 9.100000000000000000e+02
4.360000000000000000e+02 9.120000000000000000e+02
4.610000000000000000e+02 9.110000000000000000e+02
5.190000000000000000e+02 9.210000000000000000e+02
4.610000000000000000e+02 9.180000000000000000e+02
4.360000000000000000e+02 9.210000000000000000e+02
4.130000000000000000e+02 9.190000000000000000e+02
