1.530000000000000000e+02 6.800000000000000000e+02
1.570000000000000000e+02 7.500000000000000000e+02
1.640000000000000000e+02 8.190000000000000000e+02
1.750000000000000000e+02 8.890000000000000000e+02
2.010000000000000000e+02 9.530000000000000000e+02
2.430000000000000000e+02 1.009000000000000000e+03
3.020000000000000000e+02 1.052000000000000000e+03
3.650000000000000000e+02 1.091000000000000000e+03
4.360000000000000000e+02 1.102000000000000000e+03
5.110000000000000000e+02 1.091000000000000000e+03
5.830000000000000000e+02 1.058000000000000000e+03
6.510000000000000000e+02 1.017000000000000000e+03
7.020000000000000000e+02 9.630000000000000000e+02
7.310000000000000000e+02 8.950000000000000000e+02
7.440000000000000000e+02 8.200000000000000000e+02
7.490000000000000000e+02 7.440000000000000000e+02
7.520000000000000000e+02 6.670000000000000000e+02
1.890000000000000000e+02 5.780000000000000000e+02
2.240000000000000000e+02 5.410000000000000000e+02
2.750000000000000000e+02 5.260000000000000000e+02
3.300000000000000000e+02 5.280000000000000000e+02
3.830000000000000000e+02 5.460000000000000000e+02
4.930000000000000000e+02 5.470000000000000000e+02
5.460000000000000000e+02 5.270000000000000000e+02
6.040000000000000000e+02 5.240000000000000000e+02
6.580000000000000000e+02 5.410000000000000000e+02
6.940000000000000000e+02 5.790000000000000000e+02
4.440000000000000000e+02 6.040000000000000000e+02
4.440000000000000000e+02 6.530000000000000000e+02
4.440000000000000000e+02 7.020000000000000000e+02
4.440000000000000000e+02 7.530000000000000000e+02
3.880000000000000000e+02 8.020000000000000000e+02
4.140000000000000000e+02 8.120000000000000000e+02
4.420000000000000000e+02 8.210000000000000000e+02
4.720000000000000000e+02 8.130000000000000000e+02
4.990000000000000000e+02 8.030000000000000000e+02
2.430000000000000000e+02 6.290000000000000000e+02
2.770000000000000000e+02 6.030000000000000000e+02
3.190000000000000000e+02 6.010000000000000000e+02
3.580000000000000000e+02 6.290000000000000000e+02
3.190000000000000000e+02 6.360000000000000000e+02
2.760000000000000000e+02 6.400000000000000000e+02
5.250000000000000000e+02 6.280000000000000000e+02
5.630000000000000000e+02 5.990000000000000000e+02
6.060000000000000000e+02 6.030000000000000000e+02
6.410000000000000000e+02 6.290000000000000000e+02
6.060000000000000000e+02 6.380000000000000000e+02
5.640000000000000000e+02 6.360000000000000000e+02
3.250000000000000000e+02 9.180000000000000000e+02
3.740000000000000000e+02 8.990000000000000000e+02
4.170000000000000000e+02 8.840000000000000000e+02
4.450000000000000000e+02 8.920000000000000000e+02
4.740000000000000000e+02 8.840000000000000000e+02
5.200000000000000000e+02 9.000000000000000000e+02
5.670000000000000000e+02 9.170000000000000000e+02
5.160000000000000000e+02 9.460000000000000000e+02
4.710000000000000000e+02 9.600000000000000000e+02
4.400000000000000000e+02 9.620000000000000000e+02
4.090000000000000000e+02 9.590000000000000000e+02
3.690000000000000000e+02 9.460000000000000000e+02
3.430000000000000000e+02 9.190000000000000000e+02
4.160000000000000000e+02 9.120000000000000000e+02
4.440000000000000000e+02 9.160000000000000000e+02
4.730000000000000000e+02 9.140000000000000000e+02
5.490000000000000000e+02 9.190000000000000000e+02
4.710000000000000000e+02 9.170000000000000000e+02
4.410000000000000000e+02 9.200000000000000000e+02
4.130000000000000000e+02 9.180000000000000000e+02
