1.360000000000000000e+02 6.740000000000000000e+02
1.410000000000000000e+02 7.520000000000000000e+02
1.470000000000000000e+02 8.310000000000000000e+02
1.570000000000000000e+02 9.060000000000000000e+02
1.790000000000000000e+02 9.800000000000000000e+02
2.240000000000000000e+02 1.039000000000000000e+03
2.880000000000000000e+02 1.082000000000000000e+03
3.610000000000000000e+02 1.117000000000000000e+03
4.400000000000000000e+02 1.128000000000000000e+03
5.200000000000000000e+02 1.116000000000000000e+03
5.970000000000000000e+02 1.085000000000000000e+03
6.700000000000000000e+02 1.043000000000000000e+03
7.240000000000000000e+02 9.880000000000000000e+02
7.520000000000000000e+02 9.170000000000000000e+02
7.610000000000000000e+02 8.350000000000000000e+02
7.670000000000000000e+02 7.550000000000000000e+02
7.720000000000000000e+02 6.740000000000000000e+02
1.900000000000000000e+02 6.030000000000000000e+02
2.220000000000000000e+02 5.550000000000000000e+02
2.770000000000000000e+02 5.310000000000000000e+02
3.390000000000000000e+02 5.260000000000000000e+02
3.960000000000000000e+02 5.440000000000000000e+02
4.870000000000000000e+02 5.510000000000000000e+02
5.450000000000000000e+02 5.330000000000000000e+02
6.080000000000000000e+02 5.350000000000000000e+02
6.630000000000000000e+02 5.630000000000000000e+02
6.920000000000000000e+02 6.130000000000000000e+02
4.400000000000000000e+02 6.050000000000000000e+02
4.410000000000000000e+02 6.530000000000000000e+02
4.420000000000000000e+02 7.000000000000000000e+02
4.440000000000000000e+02 7.490000000000000000e+02
3.710000000000000000e+02 8.020000000000000000e+02
4.050000000000000000e+02 8.080000000000000000e+02
4.400000000000000000e+02 8.150000000000000000e+02
4.760000000000000000e+02 8.070000000000000000e+02
5.100000000000000000e+02 7.980000000000000000e+02
2.590000000000000000e+02 6.290000000000000000e+02
2.900000000000000000e+02 6.030000000000000000e+02
3.270000000000000000e+02 6.010000000000000000e+02
3.600000000000000000e+02 6.270000000000000000e+02
3.270000000000000000e+02 6.320000000000000000e+02
2.900000000000000000e+02 6.340000000000000000e+02
5.150000000000000000e+02 6.310000000000000000e+02
5.500000000000000000e+02 6.060000000000000000e+02
5.880000000000000000e+02 6.100000000000000000e+02
6.210000000000000000e+02 6.350000000000000000e+02
5.880000000000000000e+02 6.390000000000000000e+02
5.490000000000000000e+02 6.370000000000000000e+02
3.110000000000000000e+02 9.050000000000000000e+02
3.640000000000000000e+02 8.900000000000000000e+02
4.090000000000000000e+02 8.780000000000000000e+02
4.410000000000000000e+02 8.840000000000000000e+02
4.740000000000000000e+02 8.750000000000000000e+02
5.160000000000000000e+02 8.850000000000000000e+02
5.660000000000000000e+02 9.000000000000000000e+02
5.150000000000000000e+02 9.160000000000000000e+02
4.750000000000000000e+02 9.200000000000000000e+02
4.410000000000000000e+02 9.230000000000000000e+02
4.070000000000000000e+02 9.220000000000000000e+02
3.640000000000000000e+02 9.200000000000000000e+02
3.280000000000000000e+02 9.030000000000000000e+02
4.070000000000000000e+02 8.940000000000000000e+02
4.400000000000000000e+02 8.960000000000000000e+02
4.740000000000000000e+02 8.920000000000000000e+02
5.500000000000000000e+02 8.990000000000000000e+02
4.740000000000000000e+02 8.940000000000000000e+02
4.410000000000000000e+02 8.980000000000000000e+02
4.080000000000000000e+02 8.970000000000000000e+02
