1.630000000000000000e+02 6.900000000000000000e+02
1.660000000000000000e+02 7.560000000000000000e+02
1.760000000000000000e+02 8.230000000000000000e+02
1.880000000000000000e+02 8.920000000000000000e+02
2.010000000000000000e+02 9.630000000000000000e+02
2.330000000000000000e+02 1.027000000000000000e+03
2.890000000000000000e+02 1.073000000000000000e+03
3.580000000000000000e+02 1.105000000000000000e+03
4.350000000000000000e+02 1.115000000000000000e+03
5.160000000000000000e+02 1.106000000000000000e+03
5.940000000000000000e+02 1.079000000000000000e+03
6.590000000000000000e+02 1.035000000000000000e+03
6.960000000000000000e+02 9.730000000000000000e+02
7.100000000000000000e+02 9.000000000000000000e+02
7.210000000000000000e+02 8.270000000000000000e+02
7.310000000000000000e+02 7.550000000000000000e+02
7.330000000000000000e+02 6.830000000000000000e+02
2.120000000000000000e+02 5.740000000000000000e+02
2.400000000000000000e+02 5.320000000000000000e+02
2.870000000000000000e+02 5.120000000000000000e+02
3.400000000000000000e+02 5.130000000000000000e+02
3.870000000000000000e+02 5.340000000000000000e+02
4.800000000000000000e+02 5.280000000000000000e+02
5.310000000000000000e+02 5.050000000000000000e+02
5.900000000000000000e+02 5.060000000000000000e+02
6.440000000000000000e+02 5.310000000000000000e+02
6.750000000000000000e+02 5.810000000000000000e+02
4.330000000000000000e+02 5.950000000000000000e+02
4.330000000000000000e+02 6.440000000000000000e+02
4.320000000000000000e+02 6.920000000000000000e+02
4.300000000000000000e+02 7.430000000000000000e+02
3.880000000000000000e+02 8.070000000000000000e+02
4.100000000000000000e+02 8.130000000000000000e+02
4.330000000000000000e+02 8.180000000000000000e+02
4.580000000000000000e+02 8.110000000000000000e+02
4.830000000000000000e+02 8.050000000000000000e+02
2.600000000000000000e+02 6.320000000000000000e+02
2.890000000000000000e+02 6.070000000000000000e+02
3.260000000000000000e+02 6.050000000000000000e+02
3.620000000000000000e+02 6.320000000000000000e+02
3.260000000000000000e+02 6.420000000000000000e+02
2.880000000000000000e+02 6.440000000000000000e+02
5.160000000000000000e+02 6.310000000000000000e+02
5.530000000000000000e+02 6.030000000000000000e+02
5.920000000000000000e+02 6.040000000000000000e+02
6.220000000000000000e+02 6.290000000000000000e+02
5.930000000000000000e+02 6.400000000000000000e+02
5.530000000000000000e+02 6.390000000000000000e+02
3.250000000000000000e+02 9.210000000000000000e+02
3.670000000000000000e+02 9.020000000000000000e+02
4.070000000000000000e+02 8.880000000000000000e+02
4.370000000000000000e+02 8.960000000000000000e+02
4.670000000000000000e+02 8.870000000000000000e+02
5.100000000000000000e+02 8.990000000000000000e+02
5.620000000000000000e+02 9.120000000000000000e+02
5.140000000000000000e+02 9.370000000000000000e+02
4.710000000000000000e+02 9.480000000000000000e+02
4.390000000000000000e+02 9.520000000000000000e+02
4.070000000000000000e+02 9.490000000000000000e+02
3.690000000000000000e+02 9.390000000000000000e+02
3.410000000000000000e+02 9.220000000000000000e+02
4.060000000000000000e+02 9.120000000000000000e+02
4.370000000000000000e+02 9.150000000000000000e+02
4.670000000000000000e+02 9.100000000000000000e+02
5.440000000000000000e+02 9.140000000000000000e+02
4.690000000000000000e+02 9.140000000000000000e+02
4.380000000000000000e+02 9.190000000000000000e+02
4.080000000000000000e+02 9.160000000000000000e+02
