1.450000000000000000e+02 6.860000000000000000e+02
1.530000000000000000e+02 7.640000000000000000e+02
1.660000000000000000e+02 8.420000000000000000e+02
1.800000000000000000e+02 9.180000000000000000e+02
2.010000000000000000e+02 9.910000000000000000e+02
2.410000000000000000e+02 1.055000000000000000e+03
2.970000000000000000e+02 1.105000000000000000e+03
3.650000000000000000e+02 1.140000000000000000e+03
4.450000000000000000e+02 1.153000000000000000e+03
5.270000000000000000e+02 1.139000000000000000e+03
5.950000000000000000e+02 1.101000000000000000e+03
6.490000000000000000e+02 1.045000000000000000e+03
6.860000000000000000e+02 9.770000000000000000e+02
7.040000000000000000e+02 9.030000000000000000e+02
7.170000000000000000e+02 8.290000000000000000e+02
7.270000000000000000e+02 7.530000000000000000e+02
7.320000000000000000e+02 6.750000000000000000e+02
1.930000000000000000e+02 6.080000000000000000e+02
2.220000000000000000e+02 5.570000000000000000e+02
2.750000000000000000e+02 5.310000000000000000e+02
3.370000000000000000e+02 5.280000000000000000e+02
3.970000000000000000e+02 5.420000000000000000e+02
4.890000000000000000e+02 5.470000000000000000e+02
5.470000000000000000e+02 5.330000000000000000e+02
6.070000000000000000e+02 5.300000000000000000e+02
6.610000000000000000e+02 5.550000000000000000e+02
6.900000000000000000e+02 6.060000000000000000e+02
4.430000000000000000e+02 5.870000000000000000e+02
4.420000000000000000e+02 6.340000000000000000e+02
4.410000000000000000e+02 6.780000000000000000e+02
4.390000000000000000e+02 7.270000000000000000e+02
3.780000000000000000e+02 7.830000000000000000e+02
4.070000000000000000e+02 7.900000000000000000e+02
4.390000000000000000e+02 7.970000000000000000e+02
4.740000000000000000e+02 7.920000000000000000e+02
5.050000000000000000e+02 7.840000000000000000e+02
2.610000000000000000e+02 6.270000000000000000e+02
2.910000000000000000e+02 6.030000000000000000e+02
3.280000000000000000e+02 5.990000000000000000e+02
3.680000000000000000e+02 6.190000000000000000e+02
3.300000000000000000e+02 6.280000000000000000e+02
2.920000000000000000e+02 6.310000000000000000e+02
5.130000000000000000e+02 6.200000000000000000e+02
5.510000000000000000e+02 5.980000000000000000e+02
5.900000000000000000e+02 6.020000000000000000e+02
6.210000000000000000e+02 6.260000000000000000e+02
5.890000000000000000e+02 6.320000000000000000e+02
5.490000000000000000e+02 6.280000000000000000e+02
3.240000000000000000e+02 9.160000000000000000e+02
3.660000000000000000e+02 8.850000000000000000e+02
4.060000000000000000e+02 8.690000000000000000e+02
4.390000000000000000e+02 8.770000000000000000e+02
4.710000000000000000e+02 8.690000000000000000e+02
5.140000000000000000e+02 8.850000000000000000e+02
5.570000000000000000e+02 9.150000000000000000e+02
5.150000000000000000e+02 9.350000000000000000e+02
4.740000000000000000e+02 9.440000000000000000e+02
4.400000000000000000e+02 9.450000000000000000e+02
4.060000000000000000e+02 9.420000000000000000e+02
3.660000000000000000e+02 9.330000000000000000e+02
3.430000000000000000e+02 9.140000000000000000e+02
4.060000000000000000e+02 8.980000000000000000e+02
4.390000000000000000e+02 8.990000000000000000e+02
4.710000000000000000e+02 8.980000000000000000e+02
5.370000000000000000e+02 9.130000000000000000e+02
4.720000000000000000e+02 9.060000000000000000e+02
4.400000000000000000e+02 9.070000000000000000e+02
4.070000000000000000e+02 9.050000000000000000e+02
