1.380000000000000000e+02 6.900000000000000000e+02
1.420000000000000000e+02 7.670000000000000000e+02
1.490000000000000000e+02 8.400000000000000000e+02
1.630000000000000000e+02 9.120000000000000000e+02
1.880000000000000000e+02 9.840000000000000000e+02
2.290000000000000000e+02 1.047000000000000000e+03
2.880000000000000000e+02 1.096000000000000000e+03
3.600000000000000000e+02 1.127000000000000000e+03
4.400000000000000000e+02 1.133000000000000000e+03
5.190000000000000000e+02 1.125000000000000000e+03
5.860000000000000000e+02 1.092000000000000000e+03
6.450000000000000000e+02 1.042000000000000000e+03
6.860000000000000000e+02 9.780000000000000000e+02
7.120000000000000000e+02 9.090000000000000000e+02
7.250000000000000000e+02 8.360000000000000000e+02
7.290000000000000000e+02 7.620000000000000000e+02
7.320000000000000000e+02 6.880000000000000000e+02
1.880000000000000000e+02 6.130000000000000000e+02
2.190000000000000000e+02 5.550000000000000000e+02
2.770000000000000000e+02 5.200000000000000000e+02
3.430000000000000000e+02 5.130000000000000000e+02
4.060000000000000000e+02 5.260000000000000000e+02
4.800000000000000000e+02 5.230000000000000000e+02
5.390000000000000000e+02 5.070000000000000000e+02
6.030000000000000000e+02 5.120000000000000000e+02
6.590000000000000000e+02 5.420000000000000000e+02
6.890000000000000000e+02 5.970000000000000000e+02
4.440000000000000000e+02 5.940000000000000000e+02
4.450000000000000000e+02 6.310000000000000000e+02
4.450000000000000000e+02 6.650000000000000000e+02
4.450000000000000000e+02 7.040000000000000000e+02
3.850000000000000000e+02 7.870000000000000000e+02
4.150000000000000000e+02 7.860000000000000000e+02
4.450000000000000000e+02 7.860000000000000000e+02
4.740000000000000000e+02 7.850000000000000000e+02
5.030000000000000000e+02 7.840000000000000000e+02
2.540000000000000000e+02 6.410000000000000000e+02
2.860000000000000000e+02 6.190000000000000000e+02
3.250000000000000000e+02 6.130000000000000000e+02
3.630000000000000000e+02 6.330000000000000000e+02
3.280000000000000000e+02 6.450000000000000000e+02
2.890000000000000000e+02 6.500000000000000000e+02
5.180000000000000000e+02 6.290000000000000000e+02
5.570000000000000000e+02 6.100000000000000000e+02
5.940000000000000000e+02 6.130000000000000000e+02
6.250000000000000000e+02 6.350000000000000000e+02
5.930000000000000000e+02 6.440000000000000000e+02
5.540000000000000000e+02 6.400000000000000000e+02
3.240000000000000000e+02 9.140000000000000000e+02
3.740000000000000000e+02 8.800000000000000000e+02
4.190000000000000000e+02 8.580000000000000000e+02
4.450000000000000000e+02 8.630000000000000000e+02
4.720000000000000000e+02 8.570000000000000000e+02
5.090000000000000000e+02 8.790000000000000000e+02
5.560000000000000000e+02 9.160000000000000000e+02
5.090000000000000000e+02 9.290000000000000000e+02
4.720000000000000000e+02 9.320000000000000000e+02
4.440000000000000000e+02 9.330000000000000000e+02
4.160000000000000000e+02 9.320000000000000000e+02
3.740000000000000000e+02 9.280000000000000000e+02
3.440000000000000000e+02 9.090000000000000000e+02
4.180000000000000000e+02 8.880000000000000000e+02
4.450000000000000000e+02 8.900000000000000000e+02
4.710000000000000000e+02 8.880000000000000000e+02
5.360000000000000000e+02 9.100000000000000000e+02
4.710000000000000000e+02 9.000000000000000000e+02
4.440000000000000000e+02 9.020000000000000000e+02
4.170000000000000000e+02 9.010000000000000000e+02
