1.560000000000000000e+02 6.040000000000000000e+02
1.660000000000000000e+02 6.870000000000000000e+02
1.840000000000000000e+02 7.710000000000000000e+02
2.010000000000000000e+02 8.500000000000000000e+02
2.230000000000000000e+02 9.260000000000000000e+02
2.640000000000000000e+02 9.960000000000000000e+02
3.120000000000000000e+02 1.058000000000000000e+03
3.690000000000000000e+02 1.106000000000000000e+03
4.390000000000000000e+02 1.121000000000000000e+03
5.090000000000000000e+02 1.110000000000000000e+03
5.670000000000000000e+02 1.064000000000000000e+03
6.120000000000000000e+02 9.980000000000000000e+02
6.530000000000000000e+02 9.240000000000000000e+02
6.750000000000000000e+02 8.450000000000000000e+02
6.900000000000000000e+02 7.610000000000000000e+02
7.050000000000000000e+02 6.770000000000000000e+02
7.100000000000000000e+02 5.930000000000000000e+02
1.970000000000000000e+02 5.770000000000000000e+02
2.300000000000000000e+02 5.350000000000000000e+02
2.850000000000000000e+02 5.170000000000000000e+02
3.420000000000000000e+02 5.210000000000000000e+02
3.970000000000000000e+02 5.400000000000000000e+02
4.800000000000000000e+02 5.400000000000000000e+02
5.340000000000000000e+02 5.200000000000000000e+02
5.920000000000000000e+02 5.130000000000000000e+02
6.470000000000000000e+02 5.290000000000000000e+02
6.780000000000000000e+02 5.730000000000000000e+02
4.400000000000000000e+02 6.070000000000000000e+02
4.410000000000000000e+02 6.720000000000000000e+02
4.420000000000000000e+02 7.370000000000000000e+02
4.430000000000000000e+02 8.020000000000000000e+02
3.890000000000000000e+02 8.320000000000000000e+02
4.160000000000000000e+02 8.410000000000000000e+02
4.440000000000000000e+02 8.500000000000000000e+02
4.730000000000000000e+02 8.420000000000000000e+02
5.010000000000000000e+02 8.320000000000000000e+02
2.660000000000000000e+02 6.230000000000000000e+02
2.980000000000000000e+02 6.090000000000000000e+02
3.360000000000000000e+02 6.080000000000000000e+02
3.710000000000000000e+02 6.280000000000000000e+02
3.350000000000000000e+02 6.390000000000000000e+02
2.960000000000000000e+02 6.410000000000000000e+02
5.080000000000000000e+02 6.260000000000000000e+02
5.400000000000000000e+02 6.060000000000000000e+02
5.780000000000000000e+02 6.040000000000000000e+02
6.090000000000000000e+02 6.170000000000000000e+02
5.820000000000000000e+02 6.370000000000000000e+02
5.440000000000000000e+02 6.370000000000000000e+02
3.410000000000000000e+02 9.280000000000000000e+02
3.740000000000000000e+02 9.180000000000000000e+02
4.100000000000000000e+02 9.120000000000000000e+02
4.450000000000000000e+02 9.250000000000000000e+02
4.790000000000000000e+02 9.130000000000000000e+02
5.130000000000000000e+02 9.190000000000000000e+02
5.460000000000000000e+02 9.300000000000000000e+02
5.130000000000000000e+02 9.630000000000000000e+02
4.790000000000000000e+02 9.820000000000000000e+02
4.440000000000000000e+02 9.870000000000000000e+02
4.070000000000000000e+02 9.810000000000000000e+02
3.730000000000000000e+02 9.580000000000000000e+02
3.580000000000000000e+02 9.320000000000000000e+02
4.090000000000000000e+02 9.350000000000000000e+02
4.440000000000000000e+02 9.420000000000000000e+02
4.790000000000000000e+02 9.370000000000000000e+02
5.290000000000000000e+02 9.340000000000000000e+02
4.780000000000000000e+02 9.390000000000000000e+02
4.430000000000000000e+02 9.460000000000000000e+02
4.080000000000000000e+02 9.370000000000000000e+02
