1.490000000000000000e+02 5.910000000000000000e+02
1.590000000000000000e+02 6.770000000000000000e+02
1.770000000000000000e+02 7.610000000000000000e+02
1.900000000000000000e+02 8.440000000000000000e+02
2.070000000000000000e+02 9.220000000000000000e+02
2.450000000000000000e+02 9.940000000000000000e+02
2.990000000000000000e+02 1.050000000000000000e+03
3.660000000000000000e+02 1.095000000000000000e+03
4.420000000000000000e+02 1.109000000000000000e+03
5.150000000000000000e+02 1.095000000000000000e+03
5.780000000000000000e+02 1.051000000000000000e+03
6.290000000000000000e+02 9.970000000000000000e+02
6.650000000000000000e+02 9.270000000000000000e+02
6.820000000000000000e+02 8.480000000000000000e+02
6.950000000000000000e+02 7.660000000000000000e+02
7.130000000000000000e+02 6.800000000000000000e+02
7.220000000000000000e+02 5.930000000000000000e+02
1.710000000000000000e+02 5.720000000000000000e+02
2.150000000000000000e+02 5.360000000000000000e+02
2.780000000000000000e+02 5.380000000000000000e+02
3.350000000000000000e+02 5.550000000000000000e+02
3.900000000000000000e+02 5.790000000000000000e+02
4.920000000000000000e+02 5.790000000000000000e+02
5.470000000000000000e+02 5.560000000000000000e+02
6.030000000000000000e+02 5.420000000000000000e+02
6.630000000000000000e+02 5.420000000000000000e+02
7.050000000000000000e+02 5.790000000000000000e+02
4.420000000000000000e+02 6.210000000000000000e+02
4.430000000000000000e+02 6.860000000000000000e+02
4.460000000000000000e+02 7.490000000000000000e+02
4.470000000000000000e+02 8.140000000000000000e+02
3.860000000000000000e+02 8.380000000000000000e+02
4.160000000000000000e+02 8.480000000000000000e+02
4.450000000000000000e+02 8.570000000000000000e+02
4.750000000000000000e+02 8.490000000000000000e+02
5.020000000000000000e+02 8.400000000000000000e+02
2.470000000000000000e+02 6.180000000000000000e+02
2.810000000000000000e+02 5.970000000000000000e+02
3.250000000000000000e+02 5.990000000000000000e+02
3.590000000000000000e+02 6.330000000000000000e+02
3.200000000000000000e+02 6.410000000000000000e+02
2.770000000000000000e+02 6.400000000000000000e+02
5.220000000000000000e+02 6.310000000000000000e+02
5.560000000000000000e+02 5.980000000000000000e+02
5.990000000000000000e+02 5.960000000000000000e+02
6.340000000000000000e+02 6.190000000000000000e+02
6.030000000000000000e+02 6.400000000000000000e+02
5.600000000000000000e+02 6.400000000000000000e+02
3.420000000000000000e+02 9.250000000000000000e+02
3.780000000000000000e+02 9.160000000000000000e+02
4.140000000000000000e+02 9.090000000000000000e+02
4.440000000000000000e+02 9.180000000000000000e+02
4.720000000000000000e+02 9.110000000000000000e+02
5.060000000000000000e+02 9.200000000000000000e+02
5.430000000000000000e+02 9.290000000000000000e+02
5.080000000000000000e+02 9.570000000000000000e+02
4.720000000000000000e+02 9.680000000000000000e+02
4.420000000000000000e+02 9.700000000000000000e+02
4.110000000000000000e+02 9.660000000000000000e+02
3.760000000000000000e+02 9.540000000000000000e+02
3.580000000000000000e+02 9.270000000000000000e+02
4.130000000000000000e+02 9.300000000000000000e+02
4.440000000000000000e+02 9.340000000000000000e+02
4.720000000000000000e+02 9.310000000000000000e+02
5.280000000000000000e+02 9.320000000000000000e+02
4.720000000000000000e+02 9.330000000000000000e+02
4.430000000000000000e+02 9.350000000000000000e+02
4.130000000000000000e+02 9.300000000000000000e+02
