1.350000000000000000e+02 6.540000000000000000e+02
1.430000000000000000e+02 7.330000000000000000e+02
1.560000000000000000e+02 8.090000000000000000e+02
1.730000000000000000e+02 8.850000000000000000e+02
1.990000000000000000e+02 9.530000000000000000e+02
2.430000000000000000e+02 1.008000000000000000e+03
3.040000000000000000e+02 1.048000000000000000e+03
3.670000000000000000e+02 1.082000000000000000e+03
4.370000000000000000e+02 1.092000000000000000e+03
5.100000000000000000e+02 1.081000000000000000e+03
5.760000000000000000e+02 1.051000000000000000e+03
6.390000000000000000e+02 1.009000000000000000e+03
6.790000000000000000e+02 9.510000000000000000e+02
7.000000000000000000e+02 8.820000000000000000e+02
7.160000000000000000e+02 8.090000000000000000e+02
7.320000000000000000e+02 7.350000000000000000e+02
7.430000000000000000e+02 6.580000000000000000e+02
1.740000000000000000e+02 5.790000000000000000e+02
2.150000000000000000e+02 5.350000000000000000e+02
2.770000000000000000e+02 5.180000000000000000e+02
3.400000000000000000e+02 5.260000000000000000e+02
3.990000000000000000e+02 5.510000000000000000e+02
4.820000000000000000e+02 5.490000000000000000e+02
5.430000000000000000e+02 5.260000000000000000e+02
6.060000000000000000e+02 5.160000000000000000e+02
6.670000000000000000e+02 5.350000000000000000e+02
7.060000000000000000e+02 5.790000000000000000e+02
4.430000000000000000e+02 6.150000000000000000e+02
4.420000000000000000e+02 6.660000000000000000e+02
4.400000000000000000e+02 7.150000000000000000e+02
4.380000000000000000e+02 7.670000000000000000e+02
3.830000000000000000e+02 8.160000000000000000e+02
4.110000000000000000e+02 8.250000000000000000e+02
4.400000000000000000e+02 8.330000000000000000e+02
4.690000000000000000e+02 8.260000000000000000e+02
4.970000000000000000e+02 8.180000000000000000e+02
2.360000000000000000e+02 6.370000000000000000e+02
2.730000000000000000e+02 6.110000000000000000e+02
3.210000000000000000e+02 6.110000000000000000e+02
3.620000000000000000e+02 6.440000000000000000e+02
3.200000000000000000e+02 6.560000000000000000e+02
2.710000000000000000e+02 6.580000000000000000e+02
5.200000000000000000e+02 6.440000000000000000e+02
5.620000000000000000e+02 6.110000000000000000e+02
6.080000000000000000e+02 6.110000000000000000e+02
6.440000000000000000e+02 6.380000000000000000e+02
6.110000000000000000e+02 6.590000000000000000e+02
5.630000000000000000e+02 6.570000000000000000e+02
3.270000000000000000e+02 9.210000000000000000e+02
3.750000000000000000e+02 9.040000000000000000e+02
4.150000000000000000e+02 8.910000000000000000e+02
4.420000000000000000e+02 9.010000000000000000e+02
4.700000000000000000e+02 8.930000000000000000e+02
5.100000000000000000e+02 9.070000000000000000e+02
5.560000000000000000e+02 9.250000000000000000e+02
5.090000000000000000e+02 9.500000000000000000e+02
4.700000000000000000e+02 9.620000000000000000e+02
4.400000000000000000e+02 9.640000000000000000e+02
4.100000000000000000e+02 9.620000000000000000e+02
3.720000000000000000e+02 9.490000000000000000e+02
3.470000000000000000e+02 9.230000000000000000e+02
4.140000000000000000e+02 9.190000000000000000e+02
4.420000000000000000e+02 9.220000000000000000e+02
4.700000000000000000e+02 9.200000000000000000e+02
5.340000000000000000e+02 9.260000000000000000e+02
4.680000000000000000e+02 9.230000000000000000e+02
4.400000000000000000e+02 9.260000000000000000e+02
4.120000000000000000e+02 9.220000000000000000e+02
