1.180000000000000000e+02 6.270000000000000000e+02
1.230000000000000000e+02 7.100000000000000000e+02
1.320000000000000000e+02 7.950000000000000000e+02
1.470000000000000000e+02 8.790000000000000000e+02
1.740000000000000000e+02 9.560000000000000000e+02
2.240000000000000000e+02 1.022000000000000000e+03
2.890000000000000000e+02 1.076000000000000000e+03
3.610000000000000000e+02 1.115000000000000000e+03
4.420000000000000000e+02 1.125000000000000000e+03
5.220000000000000000e+02 1.110000000000000000e+03
5.910000000000000000e+02 1.066000000000000000e+03
6.520000000000000000e+02 1.010000000000000000e+03
6.970000000000000000e+02 9.440000000000000000e+02
7.230000000000000000e+02 8.690000000000000000e+02
7.390000000000000000e+02 7.890000000000000000e+02
7.480000000000000000e+02 7.060000000000000000e+02
7.520000000000000000e+02 6.230000000000000000e+02
1.990000000000000000e+02 5.800000000000000000e+02
2.380000000000000000e+02 5.520000000000000000e+02
2.890000000000000000e+02 5.450000000000000000e+02
3.410000000000000000e+02 5.540000000000000000e+02
3.930000000000000000e+02 5.700000000000000000e+02
4.960000000000000000e+02 5.730000000000000000e+02
5.460000000000000000e+02 5.550000000000000000e+02
6.000000000000000000e+02 5.410000000000000000e+02
6.530000000000000000e+02 5.500000000000000000e+02
6.900000000000000000e+02 5.850000000000000000e+02
4.440000000000000000e+02 6.140000000000000000e+02
4.440000000000000000e+02 6.630000000000000000e+02
4.440000000000000000e+02 7.100000000000000000e+02
4.450000000000000000e+02 7.620000000000000000e+02
3.820000000000000000e+02 8.010000000000000000e+02
4.100000000000000000e+02 8.100000000000000000e+02
4.410000000000000000e+02 8.180000000000000000e+02
4.740000000000000000e+02 8.100000000000000000e+02
5.030000000000000000e+02 8.000000000000000000e+02
2.600000000000000000e+02 6.300000000000000000e+02
2.930000000000000000e+02 6.090000000000000000e+02
3.330000000000000000e+02 6.100000000000000000e+02
3.640000000000000000e+02 6.360000000000000000e+02
3.280000000000000000e+02 6.440000000000000000e+02
2.890000000000000000e+02 6.440000000000000000e+02
5.170000000000000000e+02 6.350000000000000000e+02
5.490000000000000000e+02 6.070000000000000000e+02
5.900000000000000000e+02 6.070000000000000000e+02
6.250000000000000000e+02 6.270000000000000000e+02
5.930000000000000000e+02 6.410000000000000000e+02
5.520000000000000000e+02 6.410000000000000000e+02
3.280000000000000000e+02 9.160000000000000000e+02
3.670000000000000000e+02 8.970000000000000000e+02
4.080000000000000000e+02 8.840000000000000000e+02
4.390000000000000000e+02 8.920000000000000000e+02
4.680000000000000000e+02 8.820000000000000000e+02
5.070000000000000000e+02 8.950000000000000000e+02
5.470000000000000000e+02 9.140000000000000000e+02
5.080000000000000000e+02 9.460000000000000000e+02
4.720000000000000000e+02 9.620000000000000000e+02
4.400000000000000000e+02 9.660000000000000000e+02
4.060000000000000000e+02 9.620000000000000000e+02
3.670000000000000000e+02 9.440000000000000000e+02
3.420000000000000000e+02 9.180000000000000000e+02
4.070000000000000000e+02 9.170000000000000000e+02
4.380000000000000000e+02 9.190000000000000000e+02
4.690000000000000000e+02 9.160000000000000000e+02
5.320000000000000000e+02 9.160000000000000000e+02
4.700000000000000000e+02 9.210000000000000000e+02
4.400000000000000000e+02 9.250000000000000000e+02
4.080000000000000000e+02 9.220000000000000000e+02
