1.400000000000000000e+02 7.000000000000000000e+02
1.460000000000000000e+02 7.710000000000000000e+02
1.540000000000000000e+02 8.420000000000000000e+02
1.670000000000000000e+02 9.150000000000000000e+02
1.900000000000000000e+02 9.850000000000000000e+02
2.320000000000000000e+02 1.045000000000000000e+03
2.930000000000000000e+02 1.089000000000000000e+03
3.620000000000000000e+02 1.116000000000000000e+03
4.400000000000000000e+02 1.126000000000000000e+03
5.160000000000000000e+02 1.115000000000000000e+03
5.860000000000000000e+02 1.084000000000000000e+03
6.440000000000000000e+02 1.035000000000000000e+03
6.800000000000000000e+02 9.710000000000000000e+02
6.990000000000000000e+02 8.980000000000000000e+02
7.130000000000000000e+02 8.260000000000000000e+02
7.230000000000000000e+02 7.530000000000000000e+02
7.290000000000000000e+02 6.780000000000000000e+02
1.930000000000000000e+02 5.950000000000000000e+02
2.240000000000000000e+02 5.460000000000000000e+02
2.770000000000000000e+02 5.220000000000000000e+02
3.370000000000000000e+02 5.210000000000000000e+02
3.940000000000000000e+02 5.390000000000000000e+02
4.840000000000000000e+02 5.370000000000000000e+02
5.400000000000000000e+02 5.190000000000000000e+02
6.000000000000000000e+02 5.180000000000000000e+02
6.540000000000000000e+02 5.420000000000000000e+02
6.820000000000000000e+02 5.920000000000000000e+02
4.440000000000000000e+02 5.950000000000000000e+02
4.450000000000000000e+02 6.420000000000000000e+02
4.460000000000000000e+02 6.860000000000000000e+02
4.460000000000000000e+02 7.350000000000000000e+02
3.870000000000000000e+02 7.970000000000000000e+02
4.150000000000000000e+02 8.030000000000000000e+02
4.440000000000000000e+02 8.090000000000000000e+02
4.730000000000000000e+02 8.030000000000000000e+02
5.010000000000000000e+02 7.960000000000000000e+02
2.560000000000000000e+02 6.290000000000000000e+02
2.890000000000000000e+02 6.020000000000000000e+02
3.310000000000000000e+02 6.000000000000000000e+02
3.700000000000000000e+02 6.310000000000000000e+02
3.310000000000000000e+02 6.410000000000000000e+02
2.880000000000000000e+02 6.420000000000000000e+02
5.110000000000000000e+02 6.280000000000000000e+02
5.470000000000000000e+02 5.980000000000000000e+02
5.890000000000000000e+02 6.000000000000000000e+02
6.230000000000000000e+02 6.250000000000000000e+02
5.910000000000000000e+02 6.380000000000000000e+02
5.490000000000000000e+02 6.370000000000000000e+02
3.320000000000000000e+02 9.260000000000000000e+02
3.730000000000000000e+02 8.950000000000000000e+02
4.170000000000000000e+02 8.750000000000000000e+02
4.440000000000000000e+02 8.830000000000000000e+02
4.700000000000000000e+02 8.740000000000000000e+02
5.120000000000000000e+02 8.930000000000000000e+02
5.520000000000000000e+02 9.260000000000000000e+02
5.110000000000000000e+02 9.430000000000000000e+02
4.730000000000000000e+02 9.490000000000000000e+02
4.440000000000000000e+02 9.500000000000000000e+02
4.160000000000000000e+02 9.470000000000000000e+02
3.750000000000000000e+02 9.380000000000000000e+02
3.500000000000000000e+02 9.220000000000000000e+02
4.170000000000000000e+02 9.100000000000000000e+02
4.440000000000000000e+02 9.120000000000000000e+02
4.700000000000000000e+02 9.100000000000000000e+02
5.360000000000000000e+02 9.220000000000000000e+02
4.700000000000000000e+02 9.150000000000000000e+02
4.440000000000000000e+02 9.170000000000000000e+02
4.170000000000000000e+02 9.150000000000000000e+02
