1.250000000000000000e+02 6.340000000000000000e+02
1.320000000000000000e+02 7.190000000000000000e+02
1.460000000000000000e+02 8.040000000000000000e+02
1.660000000000000000e+02 8.830000000000000000e+02
1.950000000000000000e+02 9.590000000000000000e+02
2.430000000000000000e+02 1.024000000000000000e+03
3.040000000000000000e+02 1.078000000000000000e+03
3.730000000000000000e+02 1.115000000000000000e+03
4.480000000000000000e+02 1.124000000000000000e+03
5.220000000000000000e+02 1.111000000000000000e+03
5.840000000000000000e+02 1.065000000000000000e+03
6.370000000000000000e+02 1.007000000000000000e+03
6.790000000000000000e+02 9.390000000000000000e+02
7.020000000000000000e+02 8.630000000000000000e+02
7.180000000000000000e+02 7.840000000000000000e+02
7.260000000000000000e+02 7.040000000000000000e+02
7.290000000000000000e+02 6.250000000000000000e+02
1.960000000000000000e+02 5.750000000000000000e+02
2.340000000000000000e+02 5.430000000000000000e+02
2.860000000000000000e+02 5.330000000000000000e+02
3.400000000000000000e+02 5.390000000000000000e+02
3.950000000000000000e+02 5.540000000000000000e+02
5.030000000000000000e+02 5.570000000000000000e+02
5.520000000000000000e+02 5.400000000000000000e+02
6.030000000000000000e+02 5.300000000000000000e+02
6.530000000000000000e+02 5.410000000000000000e+02
6.820000000000000000e+02 5.810000000000000000e+02
4.460000000000000000e+02 6.070000000000000000e+02
4.470000000000000000e+02 6.550000000000000000e+02
4.480000000000000000e+02 7.020000000000000000e+02
4.500000000000000000e+02 7.520000000000000000e+02
3.830000000000000000e+02 7.980000000000000000e+02
4.120000000000000000e+02 8.070000000000000000e+02
4.450000000000000000e+02 8.160000000000000000e+02
4.760000000000000000e+02 8.090000000000000000e+02
5.050000000000000000e+02 7.990000000000000000e+02
2.570000000000000000e+02 6.280000000000000000e+02
2.900000000000000000e+02 6.060000000000000000e+02
3.310000000000000000e+02 6.040000000000000000e+02
3.660000000000000000e+02 6.320000000000000000e+02
3.290000000000000000e+02 6.430000000000000000e+02
2.880000000000000000e+02 6.440000000000000000e+02
5.160000000000000000e+02 6.320000000000000000e+02
5.490000000000000000e+02 6.040000000000000000e+02
5.910000000000000000e+02 6.040000000000000000e+02
6.250000000000000000e+02 6.270000000000000000e+02
5.950000000000000000e+02 6.440000000000000000e+02
5.520000000000000000e+02 6.430000000000000000e+02
3.310000000000000000e+02 9.190000000000000000e+02
3.700000000000000000e+02 8.980000000000000000e+02
4.120000000000000000e+02 8.840000000000000000e+02
4.420000000000000000e+02 8.950000000000000000e+02
4.700000000000000000e+02 8.860000000000000000e+02
5.080000000000000000e+02 9.030000000000000000e+02
5.450000000000000000e+02 9.220000000000000000e+02
5.060000000000000000e+02 9.540000000000000000e+02
4.710000000000000000e+02 9.700000000000000000e+02
4.410000000000000000e+02 9.730000000000000000e+02
4.090000000000000000e+02 9.680000000000000000e+02
3.690000000000000000e+02 9.490000000000000000e+02
3.470000000000000000e+02 9.200000000000000000e+02
4.110000000000000000e+02 9.190000000000000000e+02
4.410000000000000000e+02 9.230000000000000000e+02
4.710000000000000000e+02 9.200000000000000000e+02
5.270000000000000000e+02 9.230000000000000000e+02
4.700000000000000000e+02 9.230000000000000000e+02
4.410000000000000000e+02 9.270000000000000000e+02
4.110000000000000000e+02 9.220000000000000000e+02
