1.530000000000000000e+02 6.690000000000000000e+02
1.610000000000000000e+02 7.480000000000000000e+02
1.710000000000000000e+02 8.230000000000000000e+02
1.840000000000000000e+02 8.990000000000000000e+02
2.110000000000000000e+02 9.710000000000000000e+02
2.570000000000000000e+02 1.031000000000000000e+03
3.110000000000000000e+02 1.083000000000000000e+03
3.750000000000000000e+02 1.122000000000000000e+03
4.460000000000000000e+02 1.128000000000000000e+03
5.180000000000000000e+02 1.114000000000000000e+03
5.820000000000000000e+02 1.076000000000000000e+03
6.360000000000000000e+02 1.027000000000000000e+03
6.810000000000000000e+02 9.680000000000000000e+02
7.060000000000000000e+02 9.000000000000000000e+02
7.180000000000000000e+02 8.240000000000000000e+02
7.250000000000000000e+02 7.450000000000000000e+02
7.280000000000000000e+02 6.640000000000000000e+02
2.030000000000000000e+02 6.060000000000000000e+02
2.300000000000000000e+02 5.530000000000000000e+02
2.840000000000000000e+02 5.250000000000000000e+02
3.440000000000000000e+02 5.210000000000000000e+02
4.000000000000000000e+02 5.390000000000000000e+02
4.740000000000000000e+02 5.300000000000000000e+02
5.310000000000000000e+02 5.090000000000000000e+02
5.920000000000000000e+02 5.080000000000000000e+02
6.470000000000000000e+02 5.330000000000000000e+02
6.740000000000000000e+02 5.860000000000000000e+02
4.380000000000000000e+02 5.900000000000000000e+02
4.380000000000000000e+02 6.440000000000000000e+02
4.360000000000000000e+02 6.950000000000000000e+02
4.350000000000000000e+02 7.490000000000000000e+02
3.790000000000000000e+02 8.000000000000000000e+02
4.080000000000000000e+02 8.090000000000000000e+02
4.390000000000000000e+02 8.180000000000000000e+02
4.690000000000000000e+02 8.070000000000000000e+02
4.980000000000000000e+02 7.960000000000000000e+02
2.690000000000000000e+02 6.330000000000000000e+02
2.970000000000000000e+02 6.080000000000000000e+02
3.360000000000000000e+02 6.030000000000000000e+02
3.730000000000000000e+02 6.240000000000000000e+02
3.390000000000000000e+02 6.340000000000000000e+02
3.010000000000000000e+02 6.390000000000000000e+02
5.060000000000000000e+02 6.170000000000000000e+02
5.430000000000000000e+02 5.950000000000000000e+02
5.820000000000000000e+02 5.970000000000000000e+02
6.120000000000000000e+02 6.210000000000000000e+02
5.810000000000000000e+02 6.290000000000000000e+02
5.440000000000000000e+02 6.260000000000000000e+02
3.270000000000000000e+02 9.240000000000000000e+02
3.650000000000000000e+02 9.000000000000000000e+02
4.040000000000000000e+02 8.850000000000000000e+02
4.380000000000000000e+02 8.940000000000000000e+02
4.710000000000000000e+02 8.830000000000000000e+02
5.140000000000000000e+02 8.940000000000000000e+02
5.560000000000000000e+02 9.190000000000000000e+02
5.180000000000000000e+02 9.490000000000000000e+02
4.780000000000000000e+02 9.620000000000000000e+02
4.430000000000000000e+02 9.650000000000000000e+02
4.070000000000000000e+02 9.630000000000000000e+02
3.660000000000000000e+02 9.510000000000000000e+02
3.460000000000000000e+02 9.230000000000000000e+02
4.040000000000000000e+02 9.140000000000000000e+02
4.390000000000000000e+02 9.160000000000000000e+02
4.730000000000000000e+02 9.120000000000000000e+02
5.380000000000000000e+02 9.200000000000000000e+02
4.760000000000000000e+02 9.170000000000000000e+02
4.410000000000000000e+02 9.210000000000000000e+02
4.070000000000000000e+02 9.190000000000000000e+02
