1.520000000000000000e+02 6.370000000000000000e+02
1.600000000000000000e+02 7.160000000000000000e+02
1.750000000000000000e+02 7.940000000000000000e+02
1.920000000000000000e+02 8.710000000000000000e+02
2.130000000000000000e+02 9.470000000000000000e+02
2.500000000000000000e+02 1.013000000000000000e+03
3.030000000000000000e+02 1.064000000000000000e+03
3.670000000000000000e+02 1.101000000000000000e+03
4.420000000000000000e+02 1.112000000000000000e+03
5.190000000000000000e+02 1.099000000000000000e+03
5.930000000000000000e+02 1.069000000000000000e+03
6.560000000000000000e+02 1.024000000000000000e+03
7.020000000000000000e+02 9.630000000000000000e+02
7.290000000000000000e+02 8.900000000000000000e+02
7.450000000000000000e+02 8.130000000000000000e+02
7.560000000000000000e+02 7.330000000000000000e+02
7.630000000000000000e+02 6.500000000000000000e+02
1.940000000000000000e+02 5.670000000000000000e+02
2.270000000000000000e+02 5.310000000000000000e+02
2.780000000000000000e+02 5.240000000000000000e+02
3.290000000000000000e+02 5.400000000000000000e+02
3.740000000000000000e+02 5.650000000000000000e+02
4.940000000000000000e+02 5.670000000000000000e+02
5.410000000000000000e+02 5.420000000000000000e+02
5.930000000000000000e+02 5.260000000000000000e+02
6.480000000000000000e+02 5.350000000000000000e+02
6.860000000000000000e+02 5.710000000000000000e+02
4.330000000000000000e+02 6.100000000000000000e+02
4.320000000000000000e+02 6.600000000000000000e+02
4.290000000000000000e+02 7.110000000000000000e+02
4.280000000000000000e+02 7.630000000000000000e+02
3.780000000000000000e+02 8.160000000000000000e+02
4.030000000000000000e+02 8.220000000000000000e+02
4.310000000000000000e+02 8.260000000000000000e+02
4.610000000000000000e+02 8.190000000000000000e+02
4.890000000000000000e+02 8.130000000000000000e+02
2.430000000000000000e+02 6.280000000000000000e+02
2.740000000000000000e+02 6.020000000000000000e+02
3.170000000000000000e+02 6.030000000000000000e+02
3.560000000000000000e+02 6.350000000000000000e+02
3.160000000000000000e+02 6.430000000000000000e+02
2.720000000000000000e+02 6.450000000000000000e+02
5.180000000000000000e+02 6.320000000000000000e+02
5.570000000000000000e+02 6.010000000000000000e+02
6.000000000000000000e+02 6.010000000000000000e+02
6.330000000000000000e+02 6.240000000000000000e+02
6.010000000000000000e+02 6.400000000000000000e+02
5.580000000000000000e+02 6.390000000000000000e+02
3.310000000000000000e+02 9.270000000000000000e+02
3.710000000000000000e+02 9.060000000000000000e+02
4.070000000000000000e+02 8.900000000000000000e+02
4.350000000000000000e+02 8.980000000000000000e+02
4.630000000000000000e+02 8.880000000000000000e+02
5.030000000000000000e+02 9.020000000000000000e+02
5.480000000000000000e+02 9.210000000000000000e+02
5.050000000000000000e+02 9.460000000000000000e+02
4.670000000000000000e+02 9.600000000000000000e+02
4.370000000000000000e+02 9.640000000000000000e+02
4.080000000000000000e+02 9.610000000000000000e+02
3.730000000000000000e+02 9.480000000000000000e+02
3.470000000000000000e+02 9.260000000000000000e+02
4.070000000000000000e+02 9.170000000000000000e+02
4.340000000000000000e+02 9.200000000000000000e+02
4.630000000000000000e+02 9.150000000000000000e+02
5.310000000000000000e+02 9.210000000000000000e+02
4.660000000000000000e+02 9.180000000000000000e+02
4.370000000000000000e+02 9.220000000000000000e+02
4.100000000000000000e+02 9.190000000000000000e+02
