1.370000000000000000e+02 6.420000000000000000e+02
1.380000000000000000e+02 7.190000000000000000e+02
1.460000000000000000e+02 7.970000000000000000e+02
1.600000000000000000e+02 8.730000000000000000e+02
1.830000000000000000e+02 9.420000000000000000e+02
2.260000000000000000e+02 1.004000000000000000e+03
2.840000000000000000e+02 1.051000000000000000e+03
3.500000000000000000e+02 1.089000000000000000e+03
4.290000000000000000e+02 1.100000000000000000e+03
5.080000000000000000e+02 1.090000000000000000e+03
5.780000000000000000e+02 1.051000000000000000e+03
6.370000000000000000e+02 1.001000000000000000e+03
6.800000000000000000e+02 9.360000000000000000e+02
7.040000000000000000e+02 8.630000000000000000e+02
7.190000000000000000e+02 7.870000000000000000e+02
7.340000000000000000e+02 7.110000000000000000e+02
7.400000000000000000e+02 6.340000000000000000e+02
2.000000000000000000e+02 5.610000000000000000e+02
2.380000000000000000e+02 5.280000000000000000e+02
2.890000000000000000e+02 5.230000000000000000e+02
3.400000000000000000e+02 5.360000000000000000e+02
3.880000000000000000e+02 5.590000000000000000e+02
4.910000000000000000e+02 5.590000000000000000e+02
5.380000000000000000e+02 5.360000000000000000e+02
5.900000000000000000e+02 5.230000000000000000e+02
6.420000000000000000e+02 5.260000000000000000e+02
6.810000000000000000e+02 5.570000000000000000e+02
4.420000000000000000e+02 6.150000000000000000e+02
4.420000000000000000e+02 6.700000000000000000e+02
4.420000000000000000e+02 7.240000000000000000e+02
4.430000000000000000e+02 7.800000000000000000e+02
3.810000000000000000e+02 8.250000000000000000e+02
4.110000000000000000e+02 8.350000000000000000e+02
4.420000000000000000e+02 8.440000000000000000e+02
4.740000000000000000e+02 8.350000000000000000e+02
5.030000000000000000e+02 8.240000000000000000e+02
2.500000000000000000e+02 6.280000000000000000e+02
2.830000000000000000e+02 6.000000000000000000e+02
3.260000000000000000e+02 6.000000000000000000e+02
3.620000000000000000e+02 6.350000000000000000e+02
3.240000000000000000e+02 6.430000000000000000e+02
2.810000000000000000e+02 6.440000000000000000e+02
5.230000000000000000e+02 6.340000000000000000e+02
5.590000000000000000e+02 6.000000000000000000e+02
6.010000000000000000e+02 5.990000000000000000e+02
6.330000000000000000e+02 6.240000000000000000e+02
6.030000000000000000e+02 6.410000000000000000e+02
5.610000000000000000e+02 6.410000000000000000e+02
3.240000000000000000e+02 9.300000000000000000e+02
3.710000000000000000e+02 9.100000000000000000e+02
4.130000000000000000e+02 8.950000000000000000e+02
4.420000000000000000e+02 9.030000000000000000e+02
4.700000000000000000e+02 8.960000000000000000e+02
5.100000000000000000e+02 9.090000000000000000e+02
5.540000000000000000e+02 9.280000000000000000e+02
5.090000000000000000e+02 9.530000000000000000e+02
4.710000000000000000e+02 9.650000000000000000e+02
4.400000000000000000e+02 9.680000000000000000e+02
4.090000000000000000e+02 9.650000000000000000e+02
3.690000000000000000e+02 9.530000000000000000e+02
3.450000000000000000e+02 9.310000000000000000e+02
4.120000000000000000e+02 9.230000000000000000e+02
4.410000000000000000e+02 9.260000000000000000e+02
4.700000000000000000e+02 9.230000000000000000e+02
5.340000000000000000e+02 9.300000000000000000e+02
4.700000000000000000e+02 9.280000000000000000e+02
4.400000000000000000e+02 9.310000000000000000e+02
4.110000000000000000e+02 9.280000000000000000e+02
