1.420000000000000000e+02 6.700000000000000000e+02
1.430000000000000000e+02 7.390000000000000000e+02
1.510000000000000000e+02 8.090000000000000000e+02
1.660000000000000000e+02 8.790000000000000000e+02
1.920000000000000000e+02 9.470000000000000000e+02
2.360000000000000000e+02 1.006000000000000000e+03
2.990000000000000000e+02 1.052000000000000000e+03
3.660000000000000000e+02 1.090000000000000000e+03
4.410000000000000000e+02 1.104000000000000000e+03
5.140000000000000000e+02 1.092000000000000000e+03
5.800000000000000000e+02 1.053000000000000000e+03
6.410000000000000000e+02 1.009000000000000000e+03
6.820000000000000000e+02 9.490000000000000000e+02
7.070000000000000000e+02 8.810000000000000000e+02
7.190000000000000000e+02 8.090000000000000000e+02
7.300000000000000000e+02 7.360000000000000000e+02
7.350000000000000000e+02 6.640000000000000000e+02
1.880000000000000000e+02 5.820000000000000000e+02
2.230000000000000000e+02 5.420000000000000000e+02
2.800000000000000000e+02 5.210000000000000000e+02
3.380000000000000000e+02 5.220000000000000000e+02
3.930000000000000000e+02 5.370000000000000000e+02
4.850000000000000000e+02 5.300000000000000000e+02
5.430000000000000000e+02 5.160000000000000000e+02
6.010000000000000000e+02 5.160000000000000000e+02
6.550000000000000000e+02 5.400000000000000000e+02
6.890000000000000000e+02 5.840000000000000000e+02
4.420000000000000000e+02 6.080000000000000000e+02
4.420000000000000000e+02 6.540000000000000000e+02
4.430000000000000000e+02 6.980000000000000000e+02
4.440000000000000000e+02 7.440000000000000000e+02
3.860000000000000000e+02 8.060000000000000000e+02
4.150000000000000000e+02 8.130000000000000000e+02
4.430000000000000000e+02 8.190000000000000000e+02
4.720000000000000000e+02 8.130000000000000000e+02
5.000000000000000000e+02 8.060000000000000000e+02
2.520000000000000000e+02 6.370000000000000000e+02
2.860000000000000000e+02 6.140000000000000000e+02
3.280000000000000000e+02 6.130000000000000000e+02
3.640000000000000000e+02 6.420000000000000000e+02
3.270000000000000000e+02 6.520000000000000000e+02
2.850000000000000000e+02 6.530000000000000000e+02
5.150000000000000000e+02 6.410000000000000000e+02
5.520000000000000000e+02 6.120000000000000000e+02
5.930000000000000000e+02 6.110000000000000000e+02
6.270000000000000000e+02 6.350000000000000000e+02
5.960000000000000000e+02 6.510000000000000000e+02
5.530000000000000000e+02 6.510000000000000000e+02
3.200000000000000000e+02 9.120000000000000000e+02
3.700000000000000000e+02 9.040000000000000000e+02
4.150000000000000000e+02 8.940000000000000000e+02
4.440000000000000000e+02 9.020000000000000000e+02
4.720000000000000000e+02 8.940000000000000000e+02
5.160000000000000000e+02 9.060000000000000000e+02
5.680000000000000000e+02 9.130000000000000000e+02
5.160000000000000000e+02 9.510000000000000000e+02
4.730000000000000000e+02 9.660000000000000000e+02
4.430000000000000000e+02 9.690000000000000000e+02
4.130000000000000000e+02 9.660000000000000000e+02
3.680000000000000000e+02 9.490000000000000000e+02
3.400000000000000000e+02 9.180000000000000000e+02
4.150000000000000000e+02 9.230000000000000000e+02
4.440000000000000000e+02 9.270000000000000000e+02
4.730000000000000000e+02 9.230000000000000000e+02
5.470000000000000000e+02 9.180000000000000000e+02
4.720000000000000000e+02 9.280000000000000000e+02
4.430000000000000000e+02 9.320000000000000000e+02
4.140000000000000000e+02 9.280000000000000000e+02
