1.630000000000000000e+02 6.550000000000000000e+02
1.630000000000000000e+02 7.300000000000000000e+02
1.670000000000000000e+02 8.040000000000000000e+02
1.730000000000000000e+02 8.790000000000000000e+02
1.910000000000000000e+02 9.530000000000000000e+02
2.310000000000000000e+02 1.014000000000000000e+03
2.870000000000000000e+02 1.061000000000000000e+03
3.580000000000000000e+02 1.095000000000000000e+03
4.410000000000000000e+02 1.105000000000000000e+03
5.240000000000000000e+02 1.098000000000000000e+03
6.010000000000000000e+02 1.067000000000000000e+03
6.670000000000000000e+02 1.025000000000000000e+03
7.110000000000000000e+02 9.660000000000000000e+02
7.330000000000000000e+02 8.950000000000000000e+02
7.410000000000000000e+02 8.190000000000000000e+02
7.440000000000000000e+02 7.420000000000000000e+02
7.430000000000000000e+02 6.650000000000000000e+02
2.000000000000000000e+02 5.880000000000000000e+02
2.330000000000000000e+02 5.470000000000000000e+02
2.860000000000000000e+02 5.320000000000000000e+02
3.400000000000000000e+02 5.350000000000000000e+02
3.930000000000000000e+02 5.510000000000000000e+02
4.750000000000000000e+02 5.410000000000000000e+02
5.320000000000000000e+02 5.200000000000000000e+02
5.920000000000000000e+02 5.150000000000000000e+02
6.480000000000000000e+02 5.340000000000000000e+02
6.830000000000000000e+02 5.790000000000000000e+02
4.370000000000000000e+02 6.030000000000000000e+02
4.380000000000000000e+02 6.590000000000000000e+02
4.380000000000000000e+02 7.130000000000000000e+02
4.380000000000000000e+02 7.700000000000000000e+02
3.710000000000000000e+02 8.120000000000000000e+02
4.030000000000000000e+02 8.240000000000000000e+02
4.390000000000000000e+02 8.350000000000000000e+02
4.740000000000000000e+02 8.260000000000000000e+02
5.060000000000000000e+02 8.160000000000000000e+02
2.580000000000000000e+02 6.300000000000000000e+02
2.900000000000000000e+02 6.090000000000000000e+02
3.290000000000000000e+02 6.080000000000000000e+02
3.650000000000000000e+02 6.300000000000000000e+02
3.290000000000000000e+02 6.370000000000000000e+02
2.900000000000000000e+02 6.390000000000000000e+02
5.120000000000000000e+02 6.280000000000000000e+02
5.490000000000000000e+02 6.010000000000000000e+02
5.890000000000000000e+02 6.020000000000000000e+02
6.230000000000000000e+02 6.230000000000000000e+02
5.920000000000000000e+02 6.340000000000000000e+02
5.510000000000000000e+02 6.340000000000000000e+02
3.210000000000000000e+02 9.110000000000000000e+02
3.650000000000000000e+02 9.010000000000000000e+02
4.070000000000000000e+02 8.940000000000000000e+02
4.390000000000000000e+02 9.030000000000000000e+02
4.710000000000000000e+02 8.960000000000000000e+02
5.160000000000000000e+02 9.050000000000000000e+02
5.660000000000000000e+02 9.160000000000000000e+02
5.160000000000000000e+02 9.410000000000000000e+02
4.710000000000000000e+02 9.490000000000000000e+02
4.380000000000000000e+02 9.500000000000000000e+02
4.050000000000000000e+02 9.470000000000000000e+02
3.640000000000000000e+02 9.370000000000000000e+02
3.380000000000000000e+02 9.140000000000000000e+02
4.060000000000000000e+02 9.180000000000000000e+02
4.390000000000000000e+02 9.230000000000000000e+02
4.720000000000000000e+02 9.200000000000000000e+02
5.500000000000000000e+02 9.180000000000000000e+02
4.710000000000000000e+02 9.190000000000000000e+02
4.390000000000000000e+02 9.210000000000000000e+02
4.060000000000000000e+02 9.170000000000000000e+02
