1.380000000000000000e+02 6.020000000000000000e+02
1.410000000000000000e+02 6.830000000000000000e+02
1.540000000000000000e+02 7.650000000000000000e+02
1.780000000000000000e+02 8.450000000000000000e+02
2.100000000000000000e+02 9.180000000000000000e+02
2.570000000000000000e+02 9.850000000000000000e+02
3.130000000000000000e+02 1.041000000000000000e+03
3.770000000000000000e+02 1.087000000000000000e+03
4.440000000000000000e+02 1.098000000000000000e+03
5.110000000000000000e+02 1.083000000000000000e+03
5.690000000000000000e+02 1.038000000000000000e+03
6.200000000000000000e+02 9.830000000000000000e+02
6.600000000000000000e+02 9.160000000000000000e+02
6.890000000000000000e+02 8.430000000000000000e+02
7.120000000000000000e+02 7.660000000000000000e+02
7.250000000000000000e+02 6.840000000000000000e+02
7.280000000000000000e+02 6.030000000000000000e+02
1.850000000000000000e+02 5.550000000000000000e+02
2.270000000000000000e+02 5.290000000000000000e+02
2.790000000000000000e+02 5.280000000000000000e+02
3.300000000000000000e+02 5.360000000000000000e+02
3.790000000000000000e+02 5.610000000000000000e+02
5.050000000000000000e+02 5.580000000000000000e+02
5.530000000000000000e+02 5.360000000000000000e+02
6.050000000000000000e+02 5.290000000000000000e+02
6.590000000000000000e+02 5.330000000000000000e+02
6.940000000000000000e+02 5.630000000000000000e+02
4.410000000000000000e+02 6.270000000000000000e+02
4.410000000000000000e+02 6.950000000000000000e+02
4.410000000000000000e+02 7.620000000000000000e+02
4.420000000000000000e+02 8.300000000000000000e+02
3.760000000000000000e+02 8.420000000000000000e+02
4.080000000000000000e+02 8.570000000000000000e+02
4.430000000000000000e+02 8.700000000000000000e+02
4.800000000000000000e+02 8.550000000000000000e+02
5.120000000000000000e+02 8.380000000000000000e+02
2.430000000000000000e+02 6.330000000000000000e+02
2.770000000000000000e+02 6.120000000000000000e+02
3.190000000000000000e+02 6.140000000000000000e+02
3.570000000000000000e+02 6.440000000000000000e+02
3.170000000000000000e+02 6.520000000000000000e+02
2.750000000000000000e+02 6.520000000000000000e+02
5.240000000000000000e+02 6.410000000000000000e+02
5.630000000000000000e+02 6.090000000000000000e+02
6.070000000000000000e+02 6.060000000000000000e+02
6.420000000000000000e+02 6.290000000000000000e+02
6.100000000000000000e+02 6.470000000000000000e+02
5.670000000000000000e+02 6.480000000000000000e+02
3.240000000000000000e+02 9.100000000000000000e+02
3.690000000000000000e+02 9.090000000000000000e+02
4.110000000000000000e+02 9.030000000000000000e+02
4.440000000000000000e+02 9.110000000000000000e+02
4.770000000000000000e+02 9.020000000000000000e+02
5.180000000000000000e+02 9.040000000000000000e+02
5.640000000000000000e+02 9.030000000000000000e+02
5.220000000000000000e+02 9.450000000000000000e+02
4.830000000000000000e+02 9.700000000000000000e+02
4.470000000000000000e+02 9.760000000000000000e+02
4.110000000000000000e+02 9.730000000000000000e+02
3.690000000000000000e+02 9.510000000000000000e+02
3.440000000000000000e+02 9.170000000000000000e+02
4.110000000000000000e+02 9.260000000000000000e+02
4.450000000000000000e+02 9.310000000000000000e+02
4.790000000000000000e+02 9.250000000000000000e+02
5.460000000000000000e+02 9.110000000000000000e+02
4.800000000000000000e+02 9.250000000000000000e+02
4.460000000000000000e+02 9.320000000000000000e+02
4.110000000000000000e+02 9.280000000000000000e+02
