1.350000000000000000e+02 6.540000000000000000e+02
1.450000000000000000e+02 7.360000000000000000e+02
1.580000000000000000e+02 8.140000000000000000e+02
1.730000000000000000e+02 8.920000000000000000e+02
1.950000000000000000e+02 9.670000000000000000e+02
2.370000000000000000e+02 1.029000000000000000e+03
2.950000000000000000e+02 1.075000000000000000e+03
3.620000000000000000e+02 1.106000000000000000e+03
4.390000000000000000e+02 1.114000000000000000e+03
5.160000000000000000e+02 1.104000000000000000e+03
5.870000000000000000e+02 1.071000000000000000e+03
6.500000000000000000e+02 1.027000000000000000e+03
6.970000000000000000e+02 9.670000000000000000e+02
7.220000000000000000e+02 8.960000000000000000e+02
7.380000000000000000e+02 8.180000000000000000e+02
7.490000000000000000e+02 7.380000000000000000e+02
7.560000000000000000e+02 6.530000000000000000e+02
1.890000000000000000e+02 5.860000000000000000e+02
2.200000000000000000e+02 5.430000000000000000e+02
2.740000000000000000e+02 5.250000000000000000e+02
3.320000000000000000e+02 5.290000000000000000e+02
3.870000000000000000e+02 5.480000000000000000e+02
4.920000000000000000e+02 5.540000000000000000e+02
5.460000000000000000e+02 5.350000000000000000e+02
6.050000000000000000e+02 5.320000000000000000e+02
6.610000000000000000e+02 5.540000000000000000e+02
6.920000000000000000e+02 6.020000000000000000e+02
4.410000000000000000e+02 6.040000000000000000e+02
4.420000000000000000e+02 6.610000000000000000e+02
4.420000000000000000e+02 7.170000000000000000e+02
4.430000000000000000e+02 7.750000000000000000e+02
3.830000000000000000e+02 8.100000000000000000e+02
4.110000000000000000e+02 8.220000000000000000e+02
4.410000000000000000e+02 8.320000000000000000e+02
4.730000000000000000e+02 8.230000000000000000e+02
5.020000000000000000e+02 8.120000000000000000e+02
2.530000000000000000e+02 6.250000000000000000e+02
2.830000000000000000e+02 5.970000000000000000e+02
3.250000000000000000e+02 5.970000000000000000e+02
3.600000000000000000e+02 6.290000000000000000e+02
3.230000000000000000e+02 6.400000000000000000e+02
2.810000000000000000e+02 6.410000000000000000e+02
5.180000000000000000e+02 6.330000000000000000e+02
5.530000000000000000e+02 6.030000000000000000e+02
5.960000000000000000e+02 6.050000000000000000e+02
6.280000000000000000e+02 6.330000000000000000e+02
5.970000000000000000e+02 6.480000000000000000e+02
5.540000000000000000e+02 6.460000000000000000e+02
3.270000000000000000e+02 9.170000000000000000e+02
3.760000000000000000e+02 9.020000000000000000e+02
4.130000000000000000e+02 8.940000000000000000e+02
4.430000000000000000e+02 9.040000000000000000e+02
4.720000000000000000e+02 8.970000000000000000e+02
5.090000000000000000e+02 9.070000000000000000e+02
5.550000000000000000e+02 9.210000000000000000e+02
5.060000000000000000e+02 9.360000000000000000e+02
4.700000000000000000e+02 9.370000000000000000e+02
4.410000000000000000e+02 9.370000000000000000e+02
4.100000000000000000e+02 9.330000000000000000e+02
3.750000000000000000e+02 9.290000000000000000e+02
3.430000000000000000e+02 9.160000000000000000e+02
4.120000000000000000e+02 9.070000000000000000e+02
4.420000000000000000e+02 9.130000000000000000e+02
4.720000000000000000e+02 9.110000000000000000e+02
5.390000000000000000e+02 9.190000000000000000e+02
4.710000000000000000e+02 9.140000000000000000e+02
4.410000000000000000e+02 9.160000000000000000e+02
4.120000000000000000e+02 9.110000000000000000e+02
