1.450000000000000000e+02 6.670000000000000000e+02
1.500000000000000000e+02 7.420000000000000000e+02
1.600000000000000000e+02 8.170000000000000000e+02
1.740000000000000000e+02 8.910000000000000000e+02
2.000000000000000000e+02 9.610000000000000000e+02
2.400000000000000000e+02 1.020000000000000000e+03
2.940000000000000000e+02 1.066000000000000000e+03
3.610000000000000000e+02 1.100000000000000000e+03
4.380000000000000000e+02 1.111000000000000000e+03
5.170000000000000000e+02 1.104000000000000000e+03
5.860000000000000000e+02 1.069000000000000000e+03
6.430000000000000000e+02 1.023000000000000000e+03
6.850000000000000000e+02 9.620000000000000000e+02
7.100000000000000000e+02 8.870000000000000000e+02
7.230000000000000000e+02 8.110000000000000000e+02
7.320000000000000000e+02 7.350000000000000000e+02
7.360000000000000000e+02 6.570000000000000000e+02
1.860000000000000000e+02 5.670000000000000000e+02
2.200000000000000000e+02 5.290000000000000000e+02
2.740000000000000000e+02 5.190000000000000000e+02
3.270000000000000000e+02 5.300000000000000000e+02
3.820000000000000000e+02 5.510000000000000000e+02
4.880000000000000000e+02 5.490000000000000000e+02
5.450000000000000000e+02 5.330000000000000000e+02
6.000000000000000000e+02 5.260000000000000000e+02
6.540000000000000000e+02 5.340000000000000000e+02
6.930000000000000000e+02 5.700000000000000000e+02
4.350000000000000000e+02 6.090000000000000000e+02
4.360000000000000000e+02 6.550000000000000000e+02
4.370000000000000000e+02 7.020000000000000000e+02
4.380000000000000000e+02 7.510000000000000000e+02
3.790000000000000000e+02 7.970000000000000000e+02
4.080000000000000000e+02 8.060000000000000000e+02
4.400000000000000000e+02 8.120000000000000000e+02
4.720000000000000000e+02 8.040000000000000000e+02
5.020000000000000000e+02 7.940000000000000000e+02
2.510000000000000000e+02 6.400000000000000000e+02
2.790000000000000000e+02 6.190000000000000000e+02
3.170000000000000000e+02 6.150000000000000000e+02
3.540000000000000000e+02 6.340000000000000000e+02
3.180000000000000000e+02 6.480000000000000000e+02
2.790000000000000000e+02 6.510000000000000000e+02
5.260000000000000000e+02 6.290000000000000000e+02
5.630000000000000000e+02 6.100000000000000000e+02
6.010000000000000000e+02 6.130000000000000000e+02
6.290000000000000000e+02 6.350000000000000000e+02
6.000000000000000000e+02 6.460000000000000000e+02
5.620000000000000000e+02 6.420000000000000000e+02
3.350000000000000000e+02 9.240000000000000000e+02
3.740000000000000000e+02 9.040000000000000000e+02
4.110000000000000000e+02 8.910000000000000000e+02
4.420000000000000000e+02 8.970000000000000000e+02
4.720000000000000000e+02 8.900000000000000000e+02
5.100000000000000000e+02 9.010000000000000000e+02
5.530000000000000000e+02 9.220000000000000000e+02
5.140000000000000000e+02 9.440000000000000000e+02
4.730000000000000000e+02 9.500000000000000000e+02
4.420000000000000000e+02 9.510000000000000000e+02
4.110000000000000000e+02 9.500000000000000000e+02
3.710000000000000000e+02 9.440000000000000000e+02
3.520000000000000000e+02 9.240000000000000000e+02
4.110000000000000000e+02 9.160000000000000000e+02
4.420000000000000000e+02 9.190000000000000000e+02
4.720000000000000000e+02 9.160000000000000000e+02
5.370000000000000000e+02 9.210000000000000000e+02
4.720000000000000000e+02 9.130000000000000000e+02
4.420000000000000000e+02 9.150000000000000000e+02
4.110000000000000000e+02 9.140000000000000000e+02
