1.360000000000000000e+02 6.210000000000000000e+02
1.380000000000000000e+02 7.030000000000000000e+02
1.480000000000000000e+02 7.870000000000000000e+02
1.670000000000000000e+02 8.710000000000000000e+02
1.920000000000000000e+02 9.540000000000000000e+02
2.370000000000000000e+02 1.028000000000000000e+03
2.980000000000000000e+02 1.089000000000000000e+03
3.700000000000000000e+02 1.132000000000000000e+03
4.540000000000000000e+02 1.143000000000000000e+03
5.380000000000000000e+02 1.132000000000000000e+03
6.080000000000000000e+02 1.090000000000000000e+03
6.660000000000000000e+02 1.028000000000000000e+03
7.060000000000000000e+02 9.560000000000000000e+02
7.290000000000000000e+02 8.750000000000000000e+02
7.480000000000000000e+02 7.940000000000000000e+02
7.580000000000000000e+02 7.120000000000000000e+02
7.620000000000000000e+02 6.290000000000000000e+02
1.890000000000000000e+02 5.860000000000000000e+02
2.210000000000000000e+02 5.440000000000000000e+02
2.760000000000000000e+02 5.320000000000000000e+02
3.330000000000000000e+02 5.400000000000000000e+02
3.890000000000000000e+02 5.590000000000000000e+02
4.810000000000000000e+02 5.630000000000000000e+02
5.390000000000000000e+02 5.460000000000000000e+02
6.010000000000000000e+02 5.410000000000000000e+02
6.600000000000000000e+02 5.560000000000000000e+02
6.990000000000000000e+02 5.980000000000000000e+02
4.350000000000000000e+02 6.160000000000000000e+02
4.360000000000000000e+02 6.590000000000000000e+02
4.350000000000000000e+02 7.020000000000000000e+02
4.350000000000000000e+02 7.480000000000000000e+02
3.830000000000000000e+02 8.070000000000000000e+02
4.080000000000000000e+02 8.140000000000000000e+02
4.350000000000000000e+02 8.180000000000000000e+02
4.640000000000000000e+02 8.150000000000000000e+02
4.900000000000000000e+02 8.090000000000000000e+02
2.480000000000000000e+02 6.270000000000000000e+02
2.800000000000000000e+02 6.010000000000000000e+02
3.240000000000000000e+02 6.020000000000000000e+02
3.640000000000000000e+02 6.340000000000000000e+02
3.220000000000000000e+02 6.420000000000000000e+02
2.780000000000000000e+02 6.430000000000000000e+02
5.110000000000000000e+02 6.380000000000000000e+02
5.520000000000000000e+02 6.080000000000000000e+02
5.960000000000000000e+02 6.090000000000000000e+02
6.310000000000000000e+02 6.370000000000000000e+02
5.970000000000000000e+02 6.500000000000000000e+02
5.520000000000000000e+02 6.470000000000000000e+02
3.430000000000000000e+02 9.160000000000000000e+02
3.800000000000000000e+02 8.970000000000000000e+02
4.120000000000000000e+02 8.850000000000000000e+02
4.370000000000000000e+02 8.910000000000000000e+02
4.600000000000000000e+02 8.860000000000000000e+02
4.950000000000000000e+02 8.990000000000000000e+02
5.370000000000000000e+02 9.210000000000000000e+02
4.970000000000000000e+02 9.480000000000000000e+02
4.620000000000000000e+02 9.560000000000000000e+02
4.370000000000000000e+02 9.570000000000000000e+02
4.110000000000000000e+02 9.540000000000000000e+02
3.790000000000000000e+02 9.440000000000000000e+02
3.600000000000000000e+02 9.170000000000000000e+02
4.120000000000000000e+02 9.130000000000000000e+02
4.370000000000000000e+02 9.170000000000000000e+02
4.610000000000000000e+02 9.140000000000000000e+02
5.190000000000000000e+02 9.210000000000000000e+02
4.600000000000000000e+02 9.150000000000000000e+02
4.370000000000000000e+02 9.180000000000000000e+02
4.120000000000000000e+02 9.140000000000000000e+02
