1.530000000000000000e+02 6.510000000000000000e+02
1.600000000000000000e+02 7.310000000000000000e+02
1.700000000000000000e+02 8.100000000000000000e+02
1.860000000000000000e+02 8.880000000000000000e+02
2.120000000000000000e+02 9.590000000000000000e+02
2.600000000000000000e+02 1.019000000000000000e+03
3.150000000000000000e+02 1.069000000000000000e+03
3.760000000000000000e+02 1.110000000000000000e+03
4.460000000000000000e+02 1.119000000000000000e+03
5.180000000000000000e+02 1.106000000000000000e+03
5.820000000000000000e+02 1.066000000000000000e+03
6.390000000000000000e+02 1.016000000000000000e+03
6.870000000000000000e+02 9.560000000000000000e+02
7.140000000000000000e+02 8.850000000000000000e+02
7.270000000000000000e+02 8.070000000000000000e+02
7.380000000000000000e+02 7.250000000000000000e+02
7.460000000000000000e+02 6.390000000000000000e+02
2.050000000000000000e+02 6.000000000000000000e+02
2.340000000000000000e+02 5.550000000000000000e+02
2.850000000000000000e+02 5.340000000000000000e+02
3.410000000000000000e+02 5.330000000000000000e+02
3.970000000000000000e+02 5.490000000000000000e+02
4.780000000000000000e+02 5.390000000000000000e+02
5.360000000000000000e+02 5.200000000000000000e+02
5.960000000000000000e+02 5.170000000000000000e+02
6.510000000000000000e+02 5.410000000000000000e+02
6.800000000000000000e+02 5.910000000000000000e+02
4.380000000000000000e+02 6.010000000000000000e+02
4.380000000000000000e+02 6.580000000000000000e+02
4.370000000000000000e+02 7.140000000000000000e+02
4.360000000000000000e+02 7.710000000000000000e+02
3.820000000000000000e+02 8.110000000000000000e+02
4.100000000000000000e+02 8.200000000000000000e+02
4.410000000000000000e+02 8.280000000000000000e+02
4.710000000000000000e+02 8.190000000000000000e+02
4.990000000000000000e+02 8.080000000000000000e+02
2.670000000000000000e+02 6.290000000000000000e+02
2.980000000000000000e+02 6.030000000000000000e+02
3.400000000000000000e+02 5.990000000000000000e+02
3.730000000000000000e+02 6.280000000000000000e+02
3.390000000000000000e+02 6.380000000000000000e+02
2.980000000000000000e+02 6.420000000000000000e+02
5.090000000000000000e+02 6.220000000000000000e+02
5.440000000000000000e+02 5.920000000000000000e+02
5.860000000000000000e+02 5.930000000000000000e+02
6.160000000000000000e+02 6.190000000000000000e+02
5.870000000000000000e+02 6.320000000000000000e+02
5.470000000000000000e+02 6.310000000000000000e+02
3.300000000000000000e+02 9.280000000000000000e+02
3.670000000000000000e+02 9.060000000000000000e+02
4.040000000000000000e+02 8.930000000000000000e+02
4.380000000000000000e+02 9.020000000000000000e+02
4.700000000000000000e+02 8.920000000000000000e+02
5.120000000000000000e+02 9.030000000000000000e+02
5.550000000000000000e+02 9.230000000000000000e+02
5.160000000000000000e+02 9.540000000000000000e+02
4.760000000000000000e+02 9.660000000000000000e+02
4.420000000000000000e+02 9.670000000000000000e+02
4.070000000000000000e+02 9.650000000000000000e+02
3.680000000000000000e+02 9.520000000000000000e+02
3.480000000000000000e+02 9.260000000000000000e+02
4.050000000000000000e+02 9.200000000000000000e+02
4.380000000000000000e+02 9.230000000000000000e+02
4.720000000000000000e+02 9.190000000000000000e+02
5.380000000000000000e+02 9.240000000000000000e+02
4.740000000000000000e+02 9.240000000000000000e+02
4.400000000000000000e+02 9.260000000000000000e+02
4.060000000000000000e+02 9.220000000000000000e+02
