1.630000000000000000e+02 6.530000000000000000e+02
1.740000000000000000e+02 7.270000000000000000e+02
1.890000000000000000e+02 7.960000000000000000e+02
2.050000000000000000e+02 8.650000000000000000e+02
2.250000000000000000e+02 9.340000000000000000e+02
2.620000000000000000e+02 9.960000000000000000e+02
3.140000000000000000e+02 1.046000000000000000e+03
3.740000000000000000e+02 1.085000000000000000e+03
4.400000000000000000e+02 1.098000000000000000e+03
5.110000000000000000e+02 1.087000000000000000e+03
5.820000000000000000e+02 1.054000000000000000e+03
6.460000000000000000e+02 1.009000000000000000e+03
6.950000000000000000e+02 9.490000000000000000e+02
7.200000000000000000e+02 8.790000000000000000e+02
7.320000000000000000e+02 8.010000000000000000e+02
7.400000000000000000e+02 7.250000000000000000e+02
7.460000000000000000e+02 6.450000000000000000e+02
1.870000000000000000e+02 5.740000000000000000e+02
2.180000000000000000e+02 5.340000000000000000e+02
2.680000000000000000e+02 5.180000000000000000e+02
3.220000000000000000e+02 5.250000000000000000e+02
3.740000000000000000e+02 5.450000000000000000e+02
4.840000000000000000e+02 5.400000000000000000e+02
5.400000000000000000e+02 5.190000000000000000e+02
5.990000000000000000e+02 5.120000000000000000e+02
6.560000000000000000e+02 5.300000000000000000e+02
6.920000000000000000e+02 5.720000000000000000e+02
4.340000000000000000e+02 6.040000000000000000e+02
4.340000000000000000e+02 6.590000000000000000e+02
4.330000000000000000e+02 7.120000000000000000e+02
4.330000000000000000e+02 7.680000000000000000e+02
3.850000000000000000e+02 8.200000000000000000e+02
4.100000000000000000e+02 8.290000000000000000e+02
4.370000000000000000e+02 8.360000000000000000e+02
4.650000000000000000e+02 8.280000000000000000e+02
4.920000000000000000e+02 8.180000000000000000e+02
2.420000000000000000e+02 6.310000000000000000e+02
2.730000000000000000e+02 6.090000000000000000e+02
3.120000000000000000e+02 6.080000000000000000e+02
3.520000000000000000e+02 6.340000000000000000e+02
3.130000000000000000e+02 6.420000000000000000e+02
2.730000000000000000e+02 6.440000000000000000e+02
5.220000000000000000e+02 6.310000000000000000e+02
5.610000000000000000e+02 6.050000000000000000e+02
6.020000000000000000e+02 6.040000000000000000e+02
6.360000000000000000e+02 6.250000000000000000e+02
6.040000000000000000e+02 6.380000000000000000e+02
5.620000000000000000e+02 6.380000000000000000e+02
3.280000000000000000e+02 9.230000000000000000e+02
3.680000000000000000e+02 9.080000000000000000e+02
4.050000000000000000e+02 8.980000000000000000e+02
4.350000000000000000e+02 9.070000000000000000e+02
4.640000000000000000e+02 8.990000000000000000e+02
5.070000000000000000e+02 9.090000000000000000e+02
5.550000000000000000e+02 9.210000000000000000e+02
5.080000000000000000e+02 9.500000000000000000e+02
4.660000000000000000e+02 9.650000000000000000e+02
4.350000000000000000e+02 9.680000000000000000e+02
4.030000000000000000e+02 9.640000000000000000e+02
3.670000000000000000e+02 9.480000000000000000e+02
3.450000000000000000e+02 9.250000000000000000e+02
4.050000000000000000e+02 9.230000000000000000e+02
4.350000000000000000e+02 9.280000000000000000e+02
4.650000000000000000e+02 9.240000000000000000e+02
5.380000000000000000e+02 9.230000000000000000e+02
4.640000000000000000e+02 9.270000000000000000e+02
4.350000000000000000e+02 9.310000000000000000e+02
4.040000000000000000e+02 9.250000000000000000e+02
