1.560000000000000000e+02 5.910000000000000000e+02
1.580000000000000000e+02 6.750000000000000000e+02
1.690000000000000000e+02 7.560000000000000000e+02
1.880000000000000000e+02 8.370000000000000000e+02
2.150000000000000000e+02 9.130000000000000000e+02
2.570000000000000000e+02 9.790000000000000000e+02
3.090000000000000000e+02 1.031000000000000000e+03
3.670000000000000000e+02 1.075000000000000000e+03
4.360000000000000000e+02 1.083000000000000000e+03
5.030000000000000000e+02 1.074000000000000000e+03
5.600000000000000000e+02 1.032000000000000000e+03
6.100000000000000000e+02 9.790000000000000000e+02
6.530000000000000000e+02 9.130000000000000000e+02
6.830000000000000000e+02 8.400000000000000000e+02
7.050000000000000000e+02 7.650000000000000000e+02
7.180000000000000000e+02 6.870000000000000000e+02
7.190000000000000000e+02 6.040000000000000000e+02
1.810000000000000000e+02 5.550000000000000000e+02
2.170000000000000000e+02 5.170000000000000000e+02
2.710000000000000000e+02 5.090000000000000000e+02
3.270000000000000000e+02 5.180000000000000000e+02
3.810000000000000000e+02 5.400000000000000000e+02
5.010000000000000000e+02 5.450000000000000000e+02
5.530000000000000000e+02 5.250000000000000000e+02
6.070000000000000000e+02 5.180000000000000000e+02
6.590000000000000000e+02 5.190000000000000000e+02
6.990000000000000000e+02 5.510000000000000000e+02
4.410000000000000000e+02 6.340000000000000000e+02
4.390000000000000000e+02 6.860000000000000000e+02
4.370000000000000000e+02 7.370000000000000000e+02
4.350000000000000000e+02 7.910000000000000000e+02
3.710000000000000000e+02 8.270000000000000000e+02
4.040000000000000000e+02 8.370000000000000000e+02
4.380000000000000000e+02 8.480000000000000000e+02
4.740000000000000000e+02 8.380000000000000000e+02
5.090000000000000000e+02 8.270000000000000000e+02
2.290000000000000000e+02 6.400000000000000000e+02
2.660000000000000000e+02 6.280000000000000000e+02
3.100000000000000000e+02 6.300000000000000000e+02
3.510000000000000000e+02 6.550000000000000000e+02
3.060000000000000000e+02 6.680000000000000000e+02
2.620000000000000000e+02 6.660000000000000000e+02
5.300000000000000000e+02 6.570000000000000000e+02
5.670000000000000000e+02 6.340000000000000000e+02
6.090000000000000000e+02 6.330000000000000000e+02
6.460000000000000000e+02 6.450000000000000000e+02
6.130000000000000000e+02 6.700000000000000000e+02
5.700000000000000000e+02 6.710000000000000000e+02
3.220000000000000000e+02 9.320000000000000000e+02
3.640000000000000000e+02 9.090000000000000000e+02
4.100000000000000000e+02 8.930000000000000000e+02
4.440000000000000000e+02 9.040000000000000000e+02
4.770000000000000000e+02 8.930000000000000000e+02
5.210000000000000000e+02 9.070000000000000000e+02
5.600000000000000000e+02 9.320000000000000000e+02
5.220000000000000000e+02 9.740000000000000000e+02
4.780000000000000000e+02 9.950000000000000000e+02
4.410000000000000000e+02 9.990000000000000000e+02
4.050000000000000000e+02 9.960000000000000000e+02
3.610000000000000000e+02 9.770000000000000000e+02
3.440000000000000000e+02 9.350000000000000000e+02
4.090000000000000000e+02 9.380000000000000000e+02
4.440000000000000000e+02 9.420000000000000000e+02
4.780000000000000000e+02 9.370000000000000000e+02
5.400000000000000000e+02 9.350000000000000000e+02
4.760000000000000000e+02 9.390000000000000000e+02
4.410000000000000000e+02 9.450000000000000000e+02
4.070000000000000000e+02 9.400000000000000000e+02
