1.480000000000000000e+02 6.600000000000000000e+02
1.550000000000000000e+02 7.380000000000000000e+02
1.650000000000000000e+02 8.140000000000000000e+02
1.820000000000000000e+02 8.900000000000000000e+02
2.100000000000000000e+02 9.550000000000000000e+02
2.550000000000000000e+02 1.012000000000000000e+03
3.090000000000000000e+02 1.055000000000000000e+03
3.710000000000000000e+02 1.084000000000000000e+03
4.370000000000000000e+02 1.093000000000000000e+03
5.050000000000000000e+02 1.085000000000000000e+03
5.630000000000000000e+02 1.051000000000000000e+03
6.160000000000000000e+02 1.001000000000000000e+03
6.610000000000000000e+02 9.410000000000000000e+02
6.950000000000000000e+02 8.730000000000000000e+02
7.160000000000000000e+02 7.960000000000000000e+02
7.280000000000000000e+02 7.190000000000000000e+02
7.330000000000000000e+02 6.400000000000000000e+02
1.930000000000000000e+02 5.600000000000000000e+02
2.330000000000000000e+02 5.230000000000000000e+02
2.880000000000000000e+02 5.110000000000000000e+02
3.450000000000000000e+02 5.190000000000000000e+02
3.980000000000000000e+02 5.420000000000000000e+02
4.890000000000000000e+02 5.400000000000000000e+02
5.380000000000000000e+02 5.140000000000000000e+02
5.960000000000000000e+02 5.070000000000000000e+02
6.510000000000000000e+02 5.220000000000000000e+02
6.930000000000000000e+02 5.590000000000000000e+02
4.460000000000000000e+02 6.170000000000000000e+02
4.470000000000000000e+02 6.720000000000000000e+02
4.490000000000000000e+02 7.250000000000000000e+02
4.510000000000000000e+02 7.810000000000000000e+02
3.920000000000000000e+02 8.310000000000000000e+02
4.190000000000000000e+02 8.380000000000000000e+02
4.450000000000000000e+02 8.420000000000000000e+02
4.690000000000000000e+02 8.390000000000000000e+02
4.950000000000000000e+02 8.340000000000000000e+02
2.530000000000000000e+02 6.240000000000000000e+02
2.850000000000000000e+02 5.990000000000000000e+02
3.280000000000000000e+02 6.000000000000000000e+02
3.620000000000000000e+02 6.350000000000000000e+02
3.240000000000000000e+02 6.480000000000000000e+02
2.810000000000000000e+02 6.460000000000000000e+02
5.210000000000000000e+02 6.390000000000000000e+02
5.570000000000000000e+02 6.050000000000000000e+02
6.000000000000000000e+02 6.040000000000000000e+02
6.320000000000000000e+02 6.270000000000000000e+02
6.030000000000000000e+02 6.500000000000000000e+02
5.590000000000000000e+02 6.500000000000000000e+02
3.390000000000000000e+02 9.230000000000000000e+02
3.810000000000000000e+02 9.130000000000000000e+02
4.180000000000000000e+02 9.010000000000000000e+02
4.430000000000000000e+02 9.090000000000000000e+02
4.660000000000000000e+02 9.010000000000000000e+02
4.990000000000000000e+02 9.120000000000000000e+02
5.330000000000000000e+02 9.210000000000000000e+02
4.990000000000000000e+02 9.430000000000000000e+02
4.680000000000000000e+02 9.530000000000000000e+02
4.420000000000000000e+02 9.560000000000000000e+02
4.170000000000000000e+02 9.530000000000000000e+02
3.810000000000000000e+02 9.450000000000000000e+02
3.550000000000000000e+02 9.230000000000000000e+02
4.170000000000000000e+02 9.220000000000000000e+02
4.420000000000000000e+02 9.270000000000000000e+02
4.670000000000000000e+02 9.220000000000000000e+02
5.210000000000000000e+02 9.200000000000000000e+02
4.670000000000000000e+02 9.250000000000000000e+02
4.420000000000000000e+02 9.290000000000000000e+02
4.160000000000000000e+02 9.260000000000000000e+02
