1.510000000000000000e+02 6.110000000000000000e+02
1.540000000000000000e+02 6.930000000000000000e+02
1.650000000000000000e+02 7.760000000000000000e+02
1.790000000000000000e+02 8.580000000000000000e+02
2.040000000000000000e+02 9.380000000000000000e+02
2.450000000000000000e+02 1.008000000000000000e+03
3.010000000000000000e+02 1.065000000000000000e+03
3.650000000000000000e+02 1.110000000000000000e+03
4.380000000000000000e+02 1.122000000000000000e+03
5.120000000000000000e+02 1.109000000000000000e+03
5.770000000000000000e+02 1.065000000000000000e+03
6.360000000000000000e+02 1.010000000000000000e+03
6.780000000000000000e+02 9.400000000000000000e+02
6.990000000000000000e+02 8.590000000000000000e+02
7.110000000000000000e+02 7.760000000000000000e+02
7.230000000000000000e+02 6.950000000000000000e+02
7.240000000000000000e+02 6.140000000000000000e+02
1.870000000000000000e+02 5.930000000000000000e+02
2.240000000000000000e+02 5.540000000000000000e+02
2.810000000000000000e+02 5.450000000000000000e+02
3.380000000000000000e+02 5.540000000000000000e+02
3.940000000000000000e+02 5.750000000000000000e+02
4.850000000000000000e+02 5.710000000000000000e+02
5.360000000000000000e+02 5.480000000000000000e+02
5.930000000000000000e+02 5.380000000000000000e+02
6.500000000000000000e+02 5.470000000000000000e+02
6.870000000000000000e+02 5.840000000000000000e+02
4.400000000000000000e+02 6.200000000000000000e+02
4.410000000000000000e+02 6.690000000000000000e+02
4.420000000000000000e+02 7.160000000000000000e+02
4.440000000000000000e+02 7.680000000000000000e+02
3.860000000000000000e+02 8.120000000000000000e+02
4.130000000000000000e+02 8.210000000000000000e+02
4.430000000000000000e+02 8.270000000000000000e+02
4.720000000000000000e+02 8.210000000000000000e+02
4.990000000000000000e+02 8.110000000000000000e+02
2.540000000000000000e+02 6.280000000000000000e+02
2.860000000000000000e+02 6.090000000000000000e+02
3.250000000000000000e+02 6.080000000000000000e+02
3.590000000000000000e+02 6.350000000000000000e+02
3.230000000000000000e+02 6.440000000000000000e+02
2.840000000000000000e+02 6.440000000000000000e+02
5.200000000000000000e+02 6.330000000000000000e+02
5.540000000000000000e+02 6.070000000000000000e+02
5.920000000000000000e+02 6.070000000000000000e+02
6.240000000000000000e+02 6.260000000000000000e+02
5.950000000000000000e+02 6.420000000000000000e+02
5.560000000000000000e+02 6.410000000000000000e+02
3.500000000000000000e+02 9.370000000000000000e+02
3.820000000000000000e+02 9.110000000000000000e+02
4.160000000000000000e+02 8.950000000000000000e+02
4.410000000000000000e+02 9.030000000000000000e+02
4.660000000000000000e+02 8.950000000000000000e+02
5.010000000000000000e+02 9.100000000000000000e+02
5.330000000000000000e+02 9.340000000000000000e+02
5.020000000000000000e+02 9.660000000000000000e+02
4.680000000000000000e+02 9.830000000000000000e+02
4.410000000000000000e+02 9.870000000000000000e+02
4.130000000000000000e+02 9.840000000000000000e+02
3.810000000000000000e+02 9.690000000000000000e+02
3.680000000000000000e+02 9.370000000000000000e+02
4.150000000000000000e+02 9.240000000000000000e+02
4.410000000000000000e+02 9.270000000000000000e+02
4.660000000000000000e+02 9.240000000000000000e+02
5.170000000000000000e+02 9.340000000000000000e+02
4.670000000000000000e+02 9.410000000000000000e+02
4.410000000000000000e+02 9.450000000000000000e+02
4.150000000000000000e+02 9.410000000000000000e+02
