1.440000000000000000e+02 6.380000000000000000e+02
1.590000000000000000e+02 7.140000000000000000e+02
1.770000000000000000e+02 7.910000000000000000e+02
1.900000000000000000e+02 8.670000000000000000e+02
2.090000000000000000e+02 9.430000000000000000e+02
2.520000000000000000e+02 1.011000000000000000e+03
3.070000000000000000e+02 1.069000000000000000e+03
3.690000000000000000e+02 1.113000000000000000e+03
4.430000000000000000e+02 1.125000000000000000e+03
5.170000000000000000e+02 1.108000000000000000e+03
5.790000000000000000e+02 1.065000000000000000e+03
6.300000000000000000e+02 1.009000000000000000e+03
6.710000000000000000e+02 9.460000000000000000e+02
6.920000000000000000e+02 8.780000000000000000e+02
7.050000000000000000e+02 8.040000000000000000e+02
7.200000000000000000e+02 7.320000000000000000e+02
7.330000000000000000e+02 6.550000000000000000e+02
1.730000000000000000e+02 5.850000000000000000e+02
2.080000000000000000e+02 5.400000000000000000e+02
2.670000000000000000e+02 5.250000000000000000e+02
3.290000000000000000e+02 5.270000000000000000e+02
3.900000000000000000e+02 5.440000000000000000e+02
4.910000000000000000e+02 5.470000000000000000e+02
5.490000000000000000e+02 5.330000000000000000e+02
6.070000000000000000e+02 5.330000000000000000e+02
6.620000000000000000e+02 5.490000000000000000e+02
6.950000000000000000e+02 5.940000000000000000e+02
4.420000000000000000e+02 6.020000000000000000e+02
4.420000000000000000e+02 6.530000000000000000e+02
4.410000000000000000e+02 7.020000000000000000e+02
4.410000000000000000e+02 7.540000000000000000e+02
3.840000000000000000e+02 8.120000000000000000e+02
4.120000000000000000e+02 8.140000000000000000e+02
4.410000000000000000e+02 8.190000000000000000e+02
4.680000000000000000e+02 8.120000000000000000e+02
4.960000000000000000e+02 8.080000000000000000e+02
2.440000000000000000e+02 6.340000000000000000e+02
2.760000000000000000e+02 6.140000000000000000e+02
3.190000000000000000e+02 6.110000000000000000e+02
3.580000000000000000e+02 6.330000000000000000e+02
3.170000000000000000e+02 6.470000000000000000e+02
2.750000000000000000e+02 6.490000000000000000e+02
5.160000000000000000e+02 6.360000000000000000e+02
5.520000000000000000e+02 6.140000000000000000e+02
5.950000000000000000e+02 6.170000000000000000e+02
6.300000000000000000e+02 6.370000000000000000e+02
5.960000000000000000e+02 6.510000000000000000e+02
5.540000000000000000e+02 6.490000000000000000e+02
3.220000000000000000e+02 9.180000000000000000e+02
3.660000000000000000e+02 9.060000000000000000e+02
4.130000000000000000e+02 8.890000000000000000e+02
4.450000000000000000e+02 8.980000000000000000e+02
4.750000000000000000e+02 8.870000000000000000e+02
5.190000000000000000e+02 8.990000000000000000e+02
5.660000000000000000e+02 9.090000000000000000e+02
5.230000000000000000e+02 9.520000000000000000e+02
4.820000000000000000e+02 9.730000000000000000e+02
4.490000000000000000e+02 9.780000000000000000e+02
4.130000000000000000e+02 9.750000000000000000e+02
3.670000000000000000e+02 9.550000000000000000e+02
3.410000000000000000e+02 9.210000000000000000e+02
4.120000000000000000e+02 9.250000000000000000e+02
4.450000000000000000e+02 9.270000000000000000e+02
4.760000000000000000e+02 9.220000000000000000e+02
5.470000000000000000e+02 9.150000000000000000e+02
4.790000000000000000e+02 9.210000000000000000e+02
4.480000000000000000e+02 9.270000000000000000e+02
4.150000000000000000e+02 9.240000000000000000e+02
