1.440000000000000000e+02 6.380000000000000000e+02
1.530000000000000000e+02 7.160000000000000000e+02
1.660000000000000000e+02 7.930000000000000000e+02
1.790000000000000000e+02 8.680000000000000000e+02
2.010000000000000000e+02 9.420000000000000000e+02
2.420000000000000000e+02 1.006000000000000000e+03
3.010000000000000000e+02 1.058000000000000000e+03
3.680000000000000000e+02 1.098000000000000000e+03
4.390000000000000000e+02 1.111000000000000000e+03
5.110000000000000000e+02 1.101000000000000000e+03
5.790000000000000000e+02 1.061000000000000000e+03
6.360000000000000000e+02 1.007000000000000000e+03
6.740000000000000000e+02 9.410000000000000000e+02
6.950000000000000000e+02 8.670000000000000000e+02
7.070000000000000000e+02 7.900000000000000000e+02
7.200000000000000000e+02 7.100000000000000000e+02
7.260000000000000000e+02 6.290000000000000000e+02
1.880000000000000000e+02 5.630000000000000000e+02
2.220000000000000000e+02 5.270000000000000000e+02
2.760000000000000000e+02 5.220000000000000000e+02
3.290000000000000000e+02 5.330000000000000000e+02
3.790000000000000000e+02 5.570000000000000000e+02
5.020000000000000000e+02 5.520000000000000000e+02
5.520000000000000000e+02 5.270000000000000000e+02
6.060000000000000000e+02 5.170000000000000000e+02
6.600000000000000000e+02 5.280000000000000000e+02
6.900000000000000000e+02 5.720000000000000000e+02
4.420000000000000000e+02 6.190000000000000000e+02
4.410000000000000000e+02 6.730000000000000000e+02
4.410000000000000000e+02 7.270000000000000000e+02
4.400000000000000000e+02 7.830000000000000000e+02
3.850000000000000000e+02 8.240000000000000000e+02
4.120000000000000000e+02 8.320000000000000000e+02
4.400000000000000000e+02 8.390000000000000000e+02
4.700000000000000000e+02 8.320000000000000000e+02
4.990000000000000000e+02 8.260000000000000000e+02
2.480000000000000000e+02 6.280000000000000000e+02
2.790000000000000000e+02 6.010000000000000000e+02
3.230000000000000000e+02 6.030000000000000000e+02
3.580000000000000000e+02 6.420000000000000000e+02
3.190000000000000000e+02 6.520000000000000000e+02
2.750000000000000000e+02 6.510000000000000000e+02
5.240000000000000000e+02 6.420000000000000000e+02
5.590000000000000000e+02 6.040000000000000000e+02
6.040000000000000000e+02 6.020000000000000000e+02
6.370000000000000000e+02 6.300000000000000000e+02
6.090000000000000000e+02 6.520000000000000000e+02
5.630000000000000000e+02 6.530000000000000000e+02
3.210000000000000000e+02 9.140000000000000000e+02
3.660000000000000000e+02 9.060000000000000000e+02
4.100000000000000000e+02 8.990000000000000000e+02
4.400000000000000000e+02 9.090000000000000000e+02
4.710000000000000000e+02 9.010000000000000000e+02
5.160000000000000000e+02 9.100000000000000000e+02
5.670000000000000000e+02 9.180000000000000000e+02
5.180000000000000000e+02 9.490000000000000000e+02
4.750000000000000000e+02 9.640000000000000000e+02
4.410000000000000000e+02 9.660000000000000000e+02
4.070000000000000000e+02 9.600000000000000000e+02
3.650000000000000000e+02 9.430000000000000000e+02
3.390000000000000000e+02 9.180000000000000000e+02
4.090000000000000000e+02 9.220000000000000000e+02
4.400000000000000000e+02 9.270000000000000000e+02
4.720000000000000000e+02 9.240000000000000000e+02
5.510000000000000000e+02 9.210000000000000000e+02
4.730000000000000000e+02 9.250000000000000000e+02
4.410000000000000000e+02 9.290000000000000000e+02
4.090000000000000000e+02 9.230000000000000000e+02
