1.270000000000000000e+02 6.770000000000000000e+02
1.410000000000000000e+02 7.570000000000000000e+02
1.580000000000000000e+02 8.340000000000000000e+02
1.730000000000000000e+02 9.100000000000000000e+02
1.990000000000000000e+02 9.800000000000000000e+02
2.460000000000000000e+02 1.036000000000000000e+03
3.070000000000000000e+02 1.075000000000000000e+03
3.720000000000000000e+02 1.103000000000000000e+03
4.440000000000000000e+02 1.114000000000000000e+03
5.170000000000000000e+02 1.106000000000000000e+03
5.830000000000000000e+02 1.078000000000000000e+03
6.400000000000000000e+02 1.036000000000000000e+03
6.800000000000000000e+02 9.780000000000000000e+02
7.040000000000000000e+02 9.080000000000000000e+02
7.200000000000000000e+02 8.360000000000000000e+02
7.390000000000000000e+02 7.630000000000000000e+02
7.550000000000000000e+02 6.860000000000000000e+02
1.800000000000000000e+02 5.820000000000000000e+02
2.170000000000000000e+02 5.350000000000000000e+02
2.750000000000000000e+02 5.170000000000000000e+02
3.370000000000000000e+02 5.220000000000000000e+02
3.980000000000000000e+02 5.420000000000000000e+02
4.800000000000000000e+02 5.380000000000000000e+02
5.470000000000000000e+02 5.250000000000000000e+02
6.130000000000000000e+02 5.230000000000000000e+02
6.740000000000000000e+02 5.380000000000000000e+02
7.110000000000000000e+02 5.870000000000000000e+02
4.430000000000000000e+02 5.980000000000000000e+02
4.390000000000000000e+02 6.360000000000000000e+02
4.360000000000000000e+02 6.750000000000000000e+02
4.330000000000000000e+02 7.180000000000000000e+02
3.830000000000000000e+02 7.880000000000000000e+02
4.100000000000000000e+02 7.950000000000000000e+02
4.390000000000000000e+02 8.010000000000000000e+02
4.700000000000000000e+02 7.950000000000000000e+02
4.990000000000000000e+02 7.890000000000000000e+02
2.450000000000000000e+02 6.370000000000000000e+02
2.790000000000000000e+02 6.160000000000000000e+02
3.220000000000000000e+02 6.130000000000000000e+02
3.620000000000000000e+02 6.360000000000000000e+02
3.200000000000000000e+02 6.520000000000000000e+02
2.780000000000000000e+02 6.530000000000000000e+02
5.280000000000000000e+02 6.370000000000000000e+02
5.650000000000000000e+02 6.150000000000000000e+02
6.080000000000000000e+02 6.190000000000000000e+02
6.400000000000000000e+02 6.400000000000000000e+02
6.090000000000000000e+02 6.570000000000000000e+02
5.660000000000000000e+02 6.540000000000000000e+02
3.380000000000000000e+02 9.200000000000000000e+02
3.720000000000000000e+02 8.920000000000000000e+02
4.070000000000000000e+02 8.790000000000000000e+02
4.390000000000000000e+02 8.890000000000000000e+02
4.700000000000000000e+02 8.810000000000000000e+02
5.110000000000000000e+02 8.950000000000000000e+02
5.510000000000000000e+02 9.190000000000000000e+02
5.130000000000000000e+02 9.360000000000000000e+02
4.740000000000000000e+02 9.410000000000000000e+02
4.430000000000000000e+02 9.420000000000000000e+02
4.110000000000000000e+02 9.400000000000000000e+02
3.750000000000000000e+02 9.350000000000000000e+02
3.540000000000000000e+02 9.170000000000000000e+02
4.080000000000000000e+02 9.070000000000000000e+02
4.410000000000000000e+02 9.110000000000000000e+02
4.720000000000000000e+02 9.070000000000000000e+02
5.330000000000000000e+02 9.170000000000000000e+02
4.720000000000000000e+02 9.090000000000000000e+02
4.410000000000000000e+02 9.140000000000000000e+02
4.100000000000000000e+02 9.090000000000000000e+02
