1.560000000000000000e+02 6.340000000000000000e+02
1.630000000000000000e+02 7.120000000000000000e+02
1.720000000000000000e+02 7.850000000000000000e+02
1.870000000000000000e+02 8.580000000000000000e+02
2.120000000000000000e+02 9.270000000000000000e+02
2.540000000000000000e+02 9.940000000000000000e+02
3.070000000000000000e+02 1.050000000000000000e+03
3.720000000000000000e+02 1.099000000000000000e+03
4.440000000000000000e+02 1.113000000000000000e+03
5.170000000000000000e+02 1.099000000000000000e+03
5.810000000000000000e+02 1.048000000000000000e+03
6.330000000000000000e+02 9.910000000000000000e+02
6.730000000000000000e+02 9.260000000000000000e+02
6.970000000000000000e+02 8.580000000000000000e+02
7.090000000000000000e+02 7.890000000000000000e+02
7.190000000000000000e+02 7.180000000000000000e+02
7.240000000000000000e+02 6.440000000000000000e+02
1.910000000000000000e+02 5.720000000000000000e+02
2.170000000000000000e+02 5.230000000000000000e+02
2.720000000000000000e+02 4.990000000000000000e+02
3.300000000000000000e+02 5.040000000000000000e+02
3.840000000000000000e+02 5.330000000000000000e+02
4.880000000000000000e+02 5.400000000000000000e+02
5.430000000000000000e+02 5.150000000000000000e+02
6.050000000000000000e+02 5.120000000000000000e+02
6.610000000000000000e+02 5.360000000000000000e+02
6.900000000000000000e+02 5.840000000000000000e+02
4.380000000000000000e+02 6.150000000000000000e+02
4.380000000000000000e+02 6.750000000000000000e+02
4.370000000000000000e+02 7.340000000000000000e+02
4.360000000000000000e+02 7.940000000000000000e+02
3.850000000000000000e+02 8.280000000000000000e+02
4.100000000000000000e+02 8.390000000000000000e+02
4.390000000000000000e+02 8.480000000000000000e+02
4.680000000000000000e+02 8.380000000000000000e+02
4.950000000000000000e+02 8.250000000000000000e+02
2.540000000000000000e+02 6.270000000000000000e+02
2.850000000000000000e+02 6.020000000000000000e+02
3.260000000000000000e+02 6.030000000000000000e+02
3.650000000000000000e+02 6.330000000000000000e+02
3.260000000000000000e+02 6.420000000000000000e+02
2.830000000000000000e+02 6.430000000000000000e+02
5.130000000000000000e+02 6.350000000000000000e+02
5.500000000000000000e+02 6.060000000000000000e+02
5.910000000000000000e+02 6.060000000000000000e+02
6.230000000000000000e+02 6.310000000000000000e+02
5.920000000000000000e+02 6.460000000000000000e+02
5.490000000000000000e+02 6.440000000000000000e+02
3.400000000000000000e+02 9.390000000000000000e+02
3.810000000000000000e+02 9.230000000000000000e+02
4.170000000000000000e+02 9.070000000000000000e+02
4.430000000000000000e+02 9.140000000000000000e+02
4.660000000000000000e+02 9.050000000000000000e+02
5.020000000000000000e+02 9.170000000000000000e+02
5.450000000000000000e+02 9.300000000000000000e+02
5.050000000000000000e+02 9.530000000000000000e+02
4.710000000000000000e+02 9.660000000000000000e+02
4.450000000000000000e+02 9.700000000000000000e+02
4.180000000000000000e+02 9.680000000000000000e+02
3.820000000000000000e+02 9.590000000000000000e+02
3.590000000000000000e+02 9.390000000000000000e+02
4.170000000000000000e+02 9.290000000000000000e+02
4.430000000000000000e+02 9.320000000000000000e+02
4.670000000000000000e+02 9.270000000000000000e+02
5.250000000000000000e+02 9.310000000000000000e+02
4.680000000000000000e+02 9.270000000000000000e+02
4.440000000000000000e+02 9.320000000000000000e+02
4.180000000000000000e+02 9.290000000000000000e+02
