1.320000000000000000e+02 6.080000000000000000e+02
1.360000000000000000e+02 6.950000000000000000e+02
1.450000000000000000e+02 7.790000000000000000e+02
1.600000000000000000e+02 8.590000000000000000e+02
1.890000000000000000e+02 9.330000000000000000e+02
2.340000000000000000e+02 9.970000000000000000e+02
2.910000000000000000e+02 1.051000000000000000e+03
3.610000000000000000e+02 1.092000000000000000e+03
4.360000000000000000e+02 1.105000000000000000e+03
5.110000000000000000e+02 1.095000000000000000e+03
5.740000000000000000e+02 1.051000000000000000e+03
6.260000000000000000e+02 9.960000000000000000e+02
6.690000000000000000e+02 9.320000000000000000e+02
6.940000000000000000e+02 8.610000000000000000e+02
7.100000000000000000e+02 7.830000000000000000e+02
7.210000000000000000e+02 7.040000000000000000e+02
7.270000000000000000e+02 6.220000000000000000e+02
1.700000000000000000e+02 5.860000000000000000e+02
2.080000000000000000e+02 5.420000000000000000e+02
2.680000000000000000e+02 5.250000000000000000e+02
3.300000000000000000e+02 5.270000000000000000e+02
3.910000000000000000e+02 5.440000000000000000e+02
4.970000000000000000e+02 5.500000000000000000e+02
5.560000000000000000e+02 5.370000000000000000e+02
6.160000000000000000e+02 5.420000000000000000e+02
6.690000000000000000e+02 5.630000000000000000e+02
6.970000000000000000e+02 6.070000000000000000e+02
4.450000000000000000e+02 6.200000000000000000e+02
4.470000000000000000e+02 6.800000000000000000e+02
4.500000000000000000e+02 7.390000000000000000e+02
4.520000000000000000e+02 8.000000000000000000e+02
3.820000000000000000e+02 8.290000000000000000e+02
4.140000000000000000e+02 8.370000000000000000e+02
4.490000000000000000e+02 8.460000000000000000e+02
4.800000000000000000e+02 8.370000000000000000e+02
5.080000000000000000e+02 8.270000000000000000e+02
2.420000000000000000e+02 6.290000000000000000e+02
2.760000000000000000e+02 6.080000000000000000e+02
3.200000000000000000e+02 6.080000000000000000e+02
3.590000000000000000e+02 6.370000000000000000e+02
3.180000000000000000e+02 6.470000000000000000e+02
2.740000000000000000e+02 6.470000000000000000e+02
5.200000000000000000e+02 6.400000000000000000e+02
5.580000000000000000e+02 6.150000000000000000e+02
6.000000000000000000e+02 6.170000000000000000e+02
6.300000000000000000e+02 6.380000000000000000e+02
6.000000000000000000e+02 6.540000000000000000e+02
5.580000000000000000e+02 6.510000000000000000e+02
3.270000000000000000e+02 9.170000000000000000e+02
3.750000000000000000e+02 9.140000000000000000e+02
4.190000000000000000e+02 9.080000000000000000e+02
4.460000000000000000e+02 9.150000000000000000e+02
4.710000000000000000e+02 9.080000000000000000e+02
5.080000000000000000e+02 9.100000000000000000e+02
5.480000000000000000e+02 9.130000000000000000e+02
5.100000000000000000e+02 9.420000000000000000e+02
4.740000000000000000e+02 9.560000000000000000e+02
4.470000000000000000e+02 9.600000000000000000e+02
4.180000000000000000e+02 9.590000000000000000e+02
3.750000000000000000e+02 9.490000000000000000e+02
3.450000000000000000e+02 9.200000000000000000e+02
4.180000000000000000e+02 9.270000000000000000e+02
4.460000000000000000e+02 9.310000000000000000e+02
4.720000000000000000e+02 9.260000000000000000e+02
5.320000000000000000e+02 9.150000000000000000e+02
4.730000000000000000e+02 9.220000000000000000e+02
4.470000000000000000e+02 9.270000000000000000e+02
4.180000000000000000e+02 9.240000000000000000e+02
