1.550000000000000000e+02 6.820000000000000000e+02
1.640000000000000000e+02 7.560000000000000000e+02
1.760000000000000000e+02 8.320000000000000000e+02
1.850000000000000000e+02 9.070000000000000000e+02
2.050000000000000000e+02 9.790000000000000000e+02
2.480000000000000000e+02 1.039000000000000000e+03
3.060000000000000000e+02 1.088000000000000000e+03
3.720000000000000000e+02 1.125000000000000000e+03
4.480000000000000000e+02 1.132000000000000000e+03
5.230000000000000000e+02 1.119000000000000000e+03
5.860000000000000000e+02 1.081000000000000000e+03
6.360000000000000000e+02 1.029000000000000000e+03
6.720000000000000000e+02 9.680000000000000000e+02
6.890000000000000000e+02 8.940000000000000000e+02
6.980000000000000000e+02 8.190000000000000000e+02
7.090000000000000000e+02 7.430000000000000000e+02
7.140000000000000000e+02 6.660000000000000000e+02
1.880000000000000000e+02 5.920000000000000000e+02
2.190000000000000000e+02 5.390000000000000000e+02
2.760000000000000000e+02 5.150000000000000000e+02
3.400000000000000000e+02 5.140000000000000000e+02
3.990000000000000000e+02 5.340000000000000000e+02
4.790000000000000000e+02 5.290000000000000000e+02
5.400000000000000000e+02 5.110000000000000000e+02
6.050000000000000000e+02 5.120000000000000000e+02
6.600000000000000000e+02 5.410000000000000000e+02
6.880000000000000000e+02 5.970000000000000000e+02
4.400000000000000000e+02 5.980000000000000000e+02
4.410000000000000000e+02 6.490000000000000000e+02
4.420000000000000000e+02 6.980000000000000000e+02
4.420000000000000000e+02 7.500000000000000000e+02
3.840000000000000000e+02 8.090000000000000000e+02
4.140000000000000000e+02 8.130000000000000000e+02
4.430000000000000000e+02 8.180000000000000000e+02
4.720000000000000000e+02 8.130000000000000000e+02
5.000000000000000000e+02 8.090000000000000000e+02
2.610000000000000000e+02 6.280000000000000000e+02
2.910000000000000000e+02 6.090000000000000000e+02
3.290000000000000000e+02 6.060000000000000000e+02
3.640000000000000000e+02 6.260000000000000000e+02
3.290000000000000000e+02 6.370000000000000000e+02
2.910000000000000000e+02 6.400000000000000000e+02
5.160000000000000000e+02 6.270000000000000000e+02
5.530000000000000000e+02 6.050000000000000000e+02
5.920000000000000000e+02 6.060000000000000000e+02
6.240000000000000000e+02 6.270000000000000000e+02
5.940000000000000000e+02 6.390000000000000000e+02
5.540000000000000000e+02 6.370000000000000000e+02
3.290000000000000000e+02 9.180000000000000000e+02
3.710000000000000000e+02 8.980000000000000000e+02
4.120000000000000000e+02 8.870000000000000000e+02
4.450000000000000000e+02 8.970000000000000000e+02
4.770000000000000000e+02 8.880000000000000000e+02
5.180000000000000000e+02 9.020000000000000000e+02
5.610000000000000000e+02 9.230000000000000000e+02
5.180000000000000000e+02 9.420000000000000000e+02
4.790000000000000000e+02 9.510000000000000000e+02
4.450000000000000000e+02 9.530000000000000000e+02
4.110000000000000000e+02 9.480000000000000000e+02
3.700000000000000000e+02 9.350000000000000000e+02
3.410000000000000000e+02 9.160000000000000000e+02
4.110000000000000000e+02 9.140000000000000000e+02
4.440000000000000000e+02 9.200000000000000000e+02
4.770000000000000000e+02 9.160000000000000000e+02
5.470000000000000000e+02 9.220000000000000000e+02
4.770000000000000000e+02 9.160000000000000000e+02
4.440000000000000000e+02 9.200000000000000000e+02
4.110000000000000000e+02 9.140000000000000000e+02
