1.340000000000000000e+02 6.370000000000000000e+02
1.430000000000000000e+02 7.180000000000000000e+02
1.570000000000000000e+02 8.010000000000000000e+02
1.730000000000000000e+02 8.800000000000000000e+02
1.970000000000000000e+02 9.560000000000000000e+02
2.400000000000000000e+02 1.019000000000000000e+03
2.980000000000000000e+02 1.067000000000000000e+03
3.650000000000000000e+02 1.102000000000000000e+03
4.390000000000000000e+02 1.112000000000000000e+03
5.160000000000000000e+02 1.100000000000000000e+03
5.900000000000000000e+02 1.068000000000000000e+03
6.550000000000000000e+02 1.022000000000000000e+03
7.000000000000000000e+02 9.620000000000000000e+02
7.230000000000000000e+02 8.890000000000000000e+02
7.360000000000000000e+02 8.130000000000000000e+02
7.470000000000000000e+02 7.320000000000000000e+02
7.540000000000000000e+02 6.490000000000000000e+02
1.930000000000000000e+02 5.710000000000000000e+02
2.300000000000000000e+02 5.370000000000000000e+02
2.820000000000000000e+02 5.290000000000000000e+02
3.350000000000000000e+02 5.440000000000000000e+02
3.820000000000000000e+02 5.700000000000000000e+02
4.960000000000000000e+02 5.720000000000000000e+02
5.430000000000000000e+02 5.470000000000000000e+02
5.970000000000000000e+02 5.320000000000000000e+02
6.500000000000000000e+02 5.430000000000000000e+02
6.880000000000000000e+02 5.790000000000000000e+02
4.360000000000000000e+02 6.140000000000000000e+02
4.360000000000000000e+02 6.650000000000000000e+02
4.350000000000000000e+02 7.150000000000000000e+02
4.340000000000000000e+02 7.670000000000000000e+02
3.810000000000000000e+02 8.180000000000000000e+02
4.070000000000000000e+02 8.250000000000000000e+02
4.350000000000000000e+02 8.290000000000000000e+02
4.640000000000000000e+02 8.230000000000000000e+02
4.920000000000000000e+02 8.150000000000000000e+02
2.420000000000000000e+02 6.260000000000000000e+02
2.750000000000000000e+02 6.030000000000000000e+02
3.170000000000000000e+02 6.050000000000000000e+02
3.550000000000000000e+02 6.360000000000000000e+02
3.150000000000000000e+02 6.410000000000000000e+02
2.730000000000000000e+02 6.410000000000000000e+02
5.190000000000000000e+02 6.340000000000000000e+02
5.580000000000000000e+02 6.040000000000000000e+02
6.000000000000000000e+02 6.040000000000000000e+02
6.330000000000000000e+02 6.270000000000000000e+02
6.010000000000000000e+02 6.400000000000000000e+02
5.590000000000000000e+02 6.390000000000000000e+02
3.290000000000000000e+02 9.250000000000000000e+02
3.720000000000000000e+02 9.020000000000000000e+02
4.100000000000000000e+02 8.870000000000000000e+02
4.380000000000000000e+02 8.950000000000000000e+02
4.660000000000000000e+02 8.850000000000000000e+02
5.060000000000000000e+02 8.990000000000000000e+02
5.510000000000000000e+02 9.190000000000000000e+02
5.070000000000000000e+02 9.430000000000000000e+02
4.690000000000000000e+02 9.550000000000000000e+02
4.400000000000000000e+02 9.580000000000000000e+02
4.100000000000000000e+02 9.550000000000000000e+02
3.730000000000000000e+02 9.430000000000000000e+02
3.470000000000000000e+02 9.230000000000000000e+02
4.090000000000000000e+02 9.130000000000000000e+02
4.380000000000000000e+02 9.160000000000000000e+02
4.660000000000000000e+02 9.120000000000000000e+02
5.340000000000000000e+02 9.180000000000000000e+02
4.690000000000000000e+02 9.150000000000000000e+02
4.400000000000000000e+02 9.190000000000000000e+02
4.110000000000000000e+02 9.160000000000000000e+02
