1.490000000000000000e+02 6.500000000000000000e+02
1.580000000000000000e+02 7.250000000000000000e+02
1.700000000000000000e+02 8.000000000000000000e+02
1.870000000000000000e+02 8.730000000000000000e+02
2.120000000000000000e+02 9.450000000000000000e+02
2.570000000000000000e+02 1.007000000000000000e+03
3.120000000000000000e+02 1.065000000000000000e+03
3.750000000000000000e+02 1.110000000000000000e+03
4.490000000000000000e+02 1.120000000000000000e+03
5.220000000000000000e+02 1.106000000000000000e+03
5.810000000000000000e+02 1.063000000000000000e+03
6.320000000000000000e+02 1.006000000000000000e+03
6.740000000000000000e+02 9.430000000000000000e+02
6.950000000000000000e+02 8.730000000000000000e+02
7.100000000000000000e+02 7.980000000000000000e+02
7.220000000000000000e+02 7.230000000000000000e+02
7.270000000000000000e+02 6.460000000000000000e+02
1.820000000000000000e+02 5.750000000000000000e+02
2.200000000000000000e+02 5.300000000000000000e+02
2.810000000000000000e+02 5.200000000000000000e+02
3.410000000000000000e+02 5.310000000000000000e+02
4.000000000000000000e+02 5.520000000000000000e+02
4.820000000000000000e+02 5.490000000000000000e+02
5.430000000000000000e+02 5.310000000000000000e+02
6.030000000000000000e+02 5.230000000000000000e+02
6.640000000000000000e+02 5.370000000000000000e+02
6.980000000000000000e+02 5.860000000000000000e+02
4.440000000000000000e+02 6.050000000000000000e+02
4.450000000000000000e+02 6.590000000000000000e+02
4.470000000000000000e+02 7.130000000000000000e+02
4.490000000000000000e+02 7.690000000000000000e+02
3.850000000000000000e+02 8.170000000000000000e+02
4.140000000000000000e+02 8.240000000000000000e+02
4.430000000000000000e+02 8.320000000000000000e+02
4.730000000000000000e+02 8.230000000000000000e+02
5.010000000000000000e+02 8.140000000000000000e+02
2.440000000000000000e+02 6.290000000000000000e+02
2.750000000000000000e+02 6.050000000000000000e+02
3.190000000000000000e+02 6.020000000000000000e+02
3.580000000000000000e+02 6.270000000000000000e+02
3.190000000000000000e+02 6.370000000000000000e+02
2.760000000000000000e+02 6.420000000000000000e+02
5.180000000000000000e+02 6.290000000000000000e+02
5.580000000000000000e+02 6.040000000000000000e+02
6.020000000000000000e+02 6.070000000000000000e+02
6.340000000000000000e+02 6.310000000000000000e+02
6.030000000000000000e+02 6.430000000000000000e+02
5.590000000000000000e+02 6.390000000000000000e+02
3.360000000000000000e+02 9.260000000000000000e+02
3.720000000000000000e+02 9.070000000000000000e+02
4.110000000000000000e+02 8.950000000000000000e+02
4.410000000000000000e+02 9.050000000000000000e+02
4.720000000000000000e+02 8.950000000000000000e+02
5.090000000000000000e+02 9.060000000000000000e+02
5.480000000000000000e+02 9.230000000000000000e+02
5.090000000000000000e+02 9.480000000000000000e+02
4.750000000000000000e+02 9.620000000000000000e+02
4.420000000000000000e+02 9.660000000000000000e+02
4.100000000000000000e+02 9.620000000000000000e+02
3.720000000000000000e+02 9.490000000000000000e+02
3.510000000000000000e+02 9.260000000000000000e+02
4.100000000000000000e+02 9.210000000000000000e+02
4.400000000000000000e+02 9.250000000000000000e+02
4.720000000000000000e+02 9.220000000000000000e+02
5.330000000000000000e+02 9.230000000000000000e+02
4.740000000000000000e+02 9.230000000000000000e+02
4.420000000000000000e+02 9.280000000000000000e+02
4.120000000000000000e+02 9.240000000000000000e+02
