1.240000000000000000e+02 6.680000000000000000e+02
1.330000000000000000e+02 7.490000000000000000e+02
1.430000000000000000e+02 8.270000000000000000e+02
1.560000000000000000e+02 9.040000000000000000e+02
1.840000000000000000e+02 9.790000000000000000e+02
2.300000000000000000e+02 1.040000000000000000e+03
2.950000000000000000e+02 1.085000000000000000e+03
3.680000000000000000e+02 1.116000000000000000e+03
4.460000000000000000e+02 1.121000000000000000e+03
5.210000000000000000e+02 1.109000000000000000e+03
5.840000000000000000e+02 1.077000000000000000e+03
6.340000000000000000e+02 1.029000000000000000e+03
6.640000000000000000e+02 9.650000000000000000e+02
6.840000000000000000e+02 8.960000000000000000e+02
6.990000000000000000e+02 8.260000000000000000e+02
7.120000000000000000e+02 7.510000000000000000e+02
7.200000000000000000e+02 6.720000000000000000e+02
1.990000000000000000e+02 5.840000000000000000e+02
2.340000000000000000e+02 5.390000000000000000e+02
2.900000000000000000e+02 5.220000000000000000e+02
3.500000000000000000e+02 5.240000000000000000e+02
4.080000000000000000e+02 5.420000000000000000e+02
4.880000000000000000e+02 5.370000000000000000e+02
5.430000000000000000e+02 5.180000000000000000e+02
6.030000000000000000e+02 5.170000000000000000e+02
6.580000000000000000e+02 5.390000000000000000e+02
6.850000000000000000e+02 5.910000000000000000e+02
4.500000000000000000e+02 5.890000000000000000e+02
4.510000000000000000e+02 6.400000000000000000e+02
4.510000000000000000e+02 6.890000000000000000e+02
4.510000000000000000e+02 7.410000000000000000e+02
3.860000000000000000e+02 7.970000000000000000e+02
4.150000000000000000e+02 8.040000000000000000e+02
4.450000000000000000e+02 8.110000000000000000e+02
4.750000000000000000e+02 8.060000000000000000e+02
5.020000000000000000e+02 7.960000000000000000e+02
2.630000000000000000e+02 6.290000000000000000e+02
2.930000000000000000e+02 6.110000000000000000e+02
3.310000000000000000e+02 6.080000000000000000e+02
3.690000000000000000e+02 6.250000000000000000e+02
3.330000000000000000e+02 6.360000000000000000e+02
2.940000000000000000e+02 6.410000000000000000e+02
5.140000000000000000e+02 6.250000000000000000e+02
5.510000000000000000e+02 6.090000000000000000e+02
5.880000000000000000e+02 6.140000000000000000e+02
6.190000000000000000e+02 6.290000000000000000e+02
5.870000000000000000e+02 6.420000000000000000e+02
5.500000000000000000e+02 6.380000000000000000e+02
3.220000000000000000e+02 9.260000000000000000e+02
3.660000000000000000e+02 9.040000000000000000e+02
4.070000000000000000e+02 8.910000000000000000e+02
4.400000000000000000e+02 8.980000000000000000e+02
4.730000000000000000e+02 8.900000000000000000e+02
5.110000000000000000e+02 9.020000000000000000e+02
5.570000000000000000e+02 9.220000000000000000e+02
5.140000000000000000e+02 9.370000000000000000e+02
4.770000000000000000e+02 9.430000000000000000e+02
4.440000000000000000e+02 9.470000000000000000e+02
4.090000000000000000e+02 9.440000000000000000e+02
3.670000000000000000e+02 9.360000000000000000e+02
3.400000000000000000e+02 9.230000000000000000e+02
4.070000000000000000e+02 9.100000000000000000e+02
4.400000000000000000e+02 9.130000000000000000e+02
4.730000000000000000e+02 9.090000000000000000e+02
5.400000000000000000e+02 9.200000000000000000e+02
4.760000000000000000e+02 9.140000000000000000e+02
4.430000000000000000e+02 9.170000000000000000e+02
4.100000000000000000e+02 9.150000000000000000e+02
