1.740000000000000000e+02 6.440000000000000000e+02
1.800000000000000000e+02 7.180000000000000000e+02
1.930000000000000000e+02 7.930000000000000000e+02
2.040000000000000000e+02 8.660000000000000000e+02
2.220000000000000000e+02 9.420000000000000000e+02
2.610000000000000000e+02 1.009000000000000000e+03
3.110000000000000000e+02 1.072000000000000000e+03
3.730000000000000000e+02 1.125000000000000000e+03
4.440000000000000000e+02 1.139000000000000000e+03
5.180000000000000000e+02 1.124000000000000000e+03
5.790000000000000000e+02 1.073000000000000000e+03
6.300000000000000000e+02 1.012000000000000000e+03
6.720000000000000000e+02 9.440000000000000000e+02
6.940000000000000000e+02 8.690000000000000000e+02
7.080000000000000000e+02 7.890000000000000000e+02
7.230000000000000000e+02 7.080000000000000000e+02
7.260000000000000000e+02 6.290000000000000000e+02
1.980000000000000000e+02 5.810000000000000000e+02
2.280000000000000000e+02 5.420000000000000000e+02
2.780000000000000000e+02 5.300000000000000000e+02
3.330000000000000000e+02 5.320000000000000000e+02
3.900000000000000000e+02 5.500000000000000000e+02
4.830000000000000000e+02 5.480000000000000000e+02
5.370000000000000000e+02 5.260000000000000000e+02
5.940000000000000000e+02 5.200000000000000000e+02
6.480000000000000000e+02 5.340000000000000000e+02
6.840000000000000000e+02 5.750000000000000000e+02
4.370000000000000000e+02 6.080000000000000000e+02
4.370000000000000000e+02 6.690000000000000000e+02
4.360000000000000000e+02 7.290000000000000000e+02
4.350000000000000000e+02 7.910000000000000000e+02
3.820000000000000000e+02 8.200000000000000000e+02
4.080000000000000000e+02 8.300000000000000000e+02
4.360000000000000000e+02 8.400000000000000000e+02
4.640000000000000000e+02 8.290000000000000000e+02
4.930000000000000000e+02 8.190000000000000000e+02
2.600000000000000000e+02 6.200000000000000000e+02
2.870000000000000000e+02 5.960000000000000000e+02
3.280000000000000000e+02 5.930000000000000000e+02
3.620000000000000000e+02 6.220000000000000000e+02
3.270000000000000000e+02 6.310000000000000000e+02
2.860000000000000000e+02 6.340000000000000000e+02
5.150000000000000000e+02 6.210000000000000000e+02
5.500000000000000000e+02 5.920000000000000000e+02
5.920000000000000000e+02 5.900000000000000000e+02
6.230000000000000000e+02 6.130000000000000000e+02
5.950000000000000000e+02 6.300000000000000000e+02
5.530000000000000000e+02 6.290000000000000000e+02
3.250000000000000000e+02 9.130000000000000000e+02
3.630000000000000000e+02 9.080000000000000000e+02
4.030000000000000000e+02 9.030000000000000000e+02
4.360000000000000000e+02 9.140000000000000000e+02
4.670000000000000000e+02 9.030000000000000000e+02
5.100000000000000000e+02 9.090000000000000000e+02
5.550000000000000000e+02 9.150000000000000000e+02
5.120000000000000000e+02 9.480000000000000000e+02
4.700000000000000000e+02 9.650000000000000000e+02
4.370000000000000000e+02 9.680000000000000000e+02
4.030000000000000000e+02 9.620000000000000000e+02
3.630000000000000000e+02 9.450000000000000000e+02
3.390000000000000000e+02 9.180000000000000000e+02
4.030000000000000000e+02 9.250000000000000000e+02
4.350000000000000000e+02 9.310000000000000000e+02
4.680000000000000000e+02 9.260000000000000000e+02
5.410000000000000000e+02 9.200000000000000000e+02
4.690000000000000000e+02 9.260000000000000000e+02
4.370000000000000000e+02 9.300000000000000000e+02
4.040000000000000000e+02 9.240000000000000000e+02
