1.330000000000000000e+02 6.180000000000000000e+02
1.440000000000000000e+02 7.040000000000000000e+02
1.630000000000000000e+02 7.860000000000000000e+02
1.760000000000000000e+02 8.660000000000000000e+02
1.950000000000000000e+02 9.400000000000000000e+02
2.340000000000000000e+02 1.007000000000000000e+03
2.950000000000000000e+02 1.057000000000000000e+03
3.670000000000000000e+02 1.093000000000000000e+03
4.490000000000000000e+02 1.102000000000000000e+03
5.260000000000000000e+02 1.090000000000000000e+03
5.930000000000000000e+02 1.051000000000000000e+03
6.440000000000000000e+02 9.960000000000000000e+02
6.760000000000000000e+02 9.280000000000000000e+02
6.930000000000000000e+02 8.560000000000000000e+02
7.070000000000000000e+02 7.810000000000000000e+02
7.250000000000000000e+02 7.020000000000000000e+02
7.350000000000000000e+02 6.170000000000000000e+02
1.750000000000000000e+02 5.610000000000000000e+02
2.150000000000000000e+02 5.250000000000000000e+02
2.750000000000000000e+02 5.180000000000000000e+02
3.300000000000000000e+02 5.310000000000000000e+02
3.840000000000000000e+02 5.540000000000000000e+02
5.020000000000000000e+02 5.510000000000000000e+02
5.550000000000000000e+02 5.300000000000000000e+02
6.080000000000000000e+02 5.170000000000000000e+02
6.620000000000000000e+02 5.190000000000000000e+02
7.020000000000000000e+02 5.550000000000000000e+02
4.410000000000000000e+02 6.200000000000000000e+02
4.390000000000000000e+02 6.770000000000000000e+02
4.360000000000000000e+02 7.340000000000000000e+02
4.330000000000000000e+02 7.900000000000000000e+02
3.810000000000000000e+02 8.230000000000000000e+02
4.090000000000000000e+02 8.350000000000000000e+02
4.400000000000000000e+02 8.450000000000000000e+02
4.700000000000000000e+02 8.360000000000000000e+02
4.980000000000000000e+02 8.250000000000000000e+02
2.430000000000000000e+02 6.350000000000000000e+02
2.800000000000000000e+02 6.130000000000000000e+02
3.210000000000000000e+02 6.160000000000000000e+02
3.590000000000000000e+02 6.440000000000000000e+02
3.180000000000000000e+02 6.530000000000000000e+02
2.750000000000000000e+02 6.520000000000000000e+02
5.190000000000000000e+02 6.450000000000000000e+02
5.550000000000000000e+02 6.150000000000000000e+02
5.970000000000000000e+02 6.160000000000000000e+02
6.300000000000000000e+02 6.380000000000000000e+02
6.000000000000000000e+02 6.540000000000000000e+02
5.580000000000000000e+02 6.530000000000000000e+02
3.290000000000000000e+02 9.180000000000000000e+02
3.730000000000000000e+02 9.030000000000000000e+02
4.150000000000000000e+02 8.940000000000000000e+02
4.470000000000000000e+02 9.030000000000000000e+02
4.790000000000000000e+02 8.960000000000000000e+02
5.180000000000000000e+02 9.050000000000000000e+02
5.580000000000000000e+02 9.190000000000000000e+02
5.170000000000000000e+02 9.490000000000000000e+02
4.790000000000000000e+02 9.610000000000000000e+02
4.440000000000000000e+02 9.630000000000000000e+02
4.100000000000000000e+02 9.590000000000000000e+02
3.700000000000000000e+02 9.440000000000000000e+02
3.470000000000000000e+02 9.210000000000000000e+02
4.140000000000000000e+02 9.220000000000000000e+02
4.470000000000000000e+02 9.250000000000000000e+02
4.790000000000000000e+02 9.230000000000000000e+02
5.400000000000000000e+02 9.210000000000000000e+02
4.770000000000000000e+02 9.230000000000000000e+02
4.450000000000000000e+02 9.250000000000000000e+02
4.120000000000000000e+02 9.210000000000000000e+02
