1.450000000000000000e+02 6.530000000000000000e+02
1.490000000000000000e+02 7.350000000000000000e+02
1.590000000000000000e+02 8.160000000000000000e+02
1.730000000000000000e+02 8.940000000000000000e+02
1.960000000000000000e+02 9.690000000000000000e+02
2.390000000000000000e+02 1.030000000000000000e+03
3.020000000000000000e+02 1.073000000000000000e+03
3.730000000000000000e+02 1.099000000000000000e+03
4.450000000000000000e+02 1.107000000000000000e+03
5.150000000000000000e+02 1.096000000000000000e+03
5.810000000000000000e+02 1.063000000000000000e+03
6.430000000000000000e+02 1.022000000000000000e+03
6.840000000000000000e+02 9.660000000000000000e+02
7.050000000000000000e+02 8.960000000000000000e+02
7.180000000000000000e+02 8.240000000000000000e+02
7.290000000000000000e+02 7.500000000000000000e+02
7.380000000000000000e+02 6.760000000000000000e+02
1.940000000000000000e+02 5.820000000000000000e+02
2.300000000000000000e+02 5.360000000000000000e+02
2.860000000000000000e+02 5.170000000000000000e+02
3.460000000000000000e+02 5.220000000000000000e+02
4.030000000000000000e+02 5.390000000000000000e+02
4.770000000000000000e+02 5.310000000000000000e+02
5.360000000000000000e+02 5.140000000000000000e+02
5.980000000000000000e+02 5.190000000000000000e+02
6.520000000000000000e+02 5.430000000000000000e+02
6.850000000000000000e+02 5.860000000000000000e+02
4.420000000000000000e+02 5.990000000000000000e+02
4.380000000000000000e+02 6.540000000000000000e+02
4.350000000000000000e+02 7.090000000000000000e+02
4.320000000000000000e+02 7.650000000000000000e+02
3.750000000000000000e+02 8.170000000000000000e+02
4.030000000000000000e+02 8.230000000000000000e+02
4.320000000000000000e+02 8.280000000000000000e+02
4.620000000000000000e+02 8.230000000000000000e+02
4.920000000000000000e+02 8.170000000000000000e+02
2.530000000000000000e+02 6.240000000000000000e+02
2.870000000000000000e+02 6.060000000000000000e+02
3.270000000000000000e+02 6.050000000000000000e+02
3.630000000000000000e+02 6.280000000000000000e+02
3.250000000000000000e+02 6.390000000000000000e+02
2.850000000000000000e+02 6.390000000000000000e+02
5.200000000000000000e+02 6.310000000000000000e+02
5.560000000000000000e+02 6.080000000000000000e+02
5.950000000000000000e+02 6.110000000000000000e+02
6.260000000000000000e+02 6.300000000000000000e+02
5.960000000000000000e+02 6.440000000000000000e+02
5.560000000000000000e+02 6.420000000000000000e+02
3.280000000000000000e+02 9.270000000000000000e+02
3.680000000000000000e+02 9.080000000000000000e+02
4.050000000000000000e+02 8.960000000000000000e+02
4.350000000000000000e+02 9.050000000000000000e+02
4.670000000000000000e+02 8.970000000000000000e+02
5.070000000000000000e+02 9.070000000000000000e+02
5.490000000000000000e+02 9.190000000000000000e+02
5.070000000000000000e+02 9.330000000000000000e+02
4.710000000000000000e+02 9.390000000000000000e+02
4.380000000000000000e+02 9.440000000000000000e+02
4.060000000000000000e+02 9.420000000000000000e+02
3.700000000000000000e+02 9.380000000000000000e+02
3.420000000000000000e+02 9.270000000000000000e+02
4.060000000000000000e+02 9.190000000000000000e+02
4.370000000000000000e+02 9.210000000000000000e+02
4.690000000000000000e+02 9.160000000000000000e+02
5.320000000000000000e+02 9.190000000000000000e+02
4.690000000000000000e+02 9.140000000000000000e+02
4.370000000000000000e+02 9.190000000000000000e+02
4.060000000000000000e+02 9.170000000000000000e+02
