1.360000000000000000e+02 6.150000000000000000e+02
1.420000000000000000e+02 6.990000000000000000e+02
1.580000000000000000e+02 7.810000000000000000e+02
1.720000000000000000e+02 8.630000000000000000e+02
1.970000000000000000e+02 9.410000000000000000e+02
2.430000000000000000e+02 1.007000000000000000e+03
3.040000000000000000e+02 1.057000000000000000e+03
3.700000000000000000e+02 1.099000000000000000e+03
4.380000000000000000e+02 1.112000000000000000e+03
5.080000000000000000e+02 1.098000000000000000e+03
5.790000000000000000e+02 1.055000000000000000e+03
6.440000000000000000e+02 1.003000000000000000e+03
6.910000000000000000e+02 9.360000000000000000e+02
7.150000000000000000e+02 8.560000000000000000e+02
7.290000000000000000e+02 7.720000000000000000e+02
7.450000000000000000e+02 6.890000000000000000e+02
7.490000000000000000e+02 6.050000000000000000e+02
1.870000000000000000e+02 5.710000000000000000e+02
2.250000000000000000e+02 5.360000000000000000e+02
2.780000000000000000e+02 5.270000000000000000e+02
3.330000000000000000e+02 5.380000000000000000e+02
3.850000000000000000e+02 5.580000000000000000e+02
4.890000000000000000e+02 5.590000000000000000e+02
5.430000000000000000e+02 5.380000000000000000e+02
5.980000000000000000e+02 5.250000000000000000e+02
6.540000000000000000e+02 5.320000000000000000e+02
6.920000000000000000e+02 5.660000000000000000e+02
4.380000000000000000e+02 6.210000000000000000e+02
4.390000000000000000e+02 6.770000000000000000e+02
4.400000000000000000e+02 7.310000000000000000e+02
4.420000000000000000e+02 7.870000000000000000e+02
3.860000000000000000e+02 8.270000000000000000e+02
4.130000000000000000e+02 8.370000000000000000e+02
4.410000000000000000e+02 8.440000000000000000e+02
4.690000000000000000e+02 8.360000000000000000e+02
4.940000000000000000e+02 8.250000000000000000e+02
2.570000000000000000e+02 6.320000000000000000e+02
2.900000000000000000e+02 6.120000000000000000e+02
3.310000000000000000e+02 6.110000000000000000e+02
3.650000000000000000e+02 6.400000000000000000e+02
3.290000000000000000e+02 6.490000000000000000e+02
2.880000000000000000e+02 6.490000000000000000e+02
5.160000000000000000e+02 6.360000000000000000e+02
5.520000000000000000e+02 6.080000000000000000e+02
5.920000000000000000e+02 6.060000000000000000e+02
6.240000000000000000e+02 6.260000000000000000e+02
5.940000000000000000e+02 6.440000000000000000e+02
5.540000000000000000e+02 6.450000000000000000e+02
3.250000000000000000e+02 9.310000000000000000e+02
3.740000000000000000e+02 9.130000000000000000e+02
4.140000000000000000e+02 9.000000000000000000e+02
4.400000000000000000e+02 9.070000000000000000e+02
4.650000000000000000e+02 8.990000000000000000e+02
5.000000000000000000e+02 9.080000000000000000e+02
5.440000000000000000e+02 9.280000000000000000e+02
5.010000000000000000e+02 9.470000000000000000e+02
4.650000000000000000e+02 9.590000000000000000e+02
4.380000000000000000e+02 9.610000000000000000e+02
4.100000000000000000e+02 9.600000000000000000e+02
3.720000000000000000e+02 9.520000000000000000e+02
3.440000000000000000e+02 9.300000000000000000e+02
4.130000000000000000e+02 9.250000000000000000e+02
4.400000000000000000e+02 9.270000000000000000e+02
4.650000000000000000e+02 9.240000000000000000e+02
5.260000000000000000e+02 9.270000000000000000e+02
4.640000000000000000e+02 9.240000000000000000e+02
4.380000000000000000e+02 9.280000000000000000e+02
4.110000000000000000e+02 9.260000000000000000e+02
