1.500000000000000000e+02 6.190000000000000000e+02
1.570000000000000000e+02 7.000000000000000000e+02
1.700000000000000000e+02 7.760000000000000000e+02
1.850000000000000000e+02 8.520000000000000000e+02
2.090000000000000000e+02 9.250000000000000000e+02
2.540000000000000000e+02 9.900000000000000000e+02
3.100000000000000000e+02 1.045000000000000000e+03
3.730000000000000000e+02 1.087000000000000000e+03
4.440000000000000000e+02 1.101000000000000000e+03
5.150000000000000000e+02 1.084000000000000000e+03
5.780000000000000000e+02 1.040000000000000000e+03
6.340000000000000000e+02 9.860000000000000000e+02
6.780000000000000000e+02 9.210000000000000000e+02
7.010000000000000000e+02 8.460000000000000000e+02
7.140000000000000000e+02 7.680000000000000000e+02
7.240000000000000000e+02 6.910000000000000000e+02
7.270000000000000000e+02 6.130000000000000000e+02
1.950000000000000000e+02 5.720000000000000000e+02
2.380000000000000000e+02 5.480000000000000000e+02
2.910000000000000000e+02 5.420000000000000000e+02
3.440000000000000000e+02 5.470000000000000000e+02
3.960000000000000000e+02 5.640000000000000000e+02
4.830000000000000000e+02 5.630000000000000000e+02
5.350000000000000000e+02 5.450000000000000000e+02
5.890000000000000000e+02 5.410000000000000000e+02
6.420000000000000000e+02 5.490000000000000000e+02
6.870000000000000000e+02 5.730000000000000000e+02
4.400000000000000000e+02 6.180000000000000000e+02
4.400000000000000000e+02 6.680000000000000000e+02
4.400000000000000000e+02 7.190000000000000000e+02
4.400000000000000000e+02 7.710000000000000000e+02
3.890000000000000000e+02 8.160000000000000000e+02
4.150000000000000000e+02 8.260000000000000000e+02
4.420000000000000000e+02 8.330000000000000000e+02
4.690000000000000000e+02 8.260000000000000000e+02
4.940000000000000000e+02 8.180000000000000000e+02
2.530000000000000000e+02 6.180000000000000000e+02
2.860000000000000000e+02 5.920000000000000000e+02
3.310000000000000000e+02 5.920000000000000000e+02
3.690000000000000000e+02 6.280000000000000000e+02
3.300000000000000000e+02 6.390000000000000000e+02
2.840000000000000000e+02 6.400000000000000000e+02
5.110000000000000000e+02 6.280000000000000000e+02
5.470000000000000000e+02 5.900000000000000000e+02
5.910000000000000000e+02 5.900000000000000000e+02
6.250000000000000000e+02 6.170000000000000000e+02
5.950000000000000000e+02 6.390000000000000000e+02
5.500000000000000000e+02 6.380000000000000000e+02
3.360000000000000000e+02 9.310000000000000000e+02
3.740000000000000000e+02 9.120000000000000000e+02
4.170000000000000000e+02 8.980000000000000000e+02
4.420000000000000000e+02 9.070000000000000000e+02
4.680000000000000000e+02 8.980000000000000000e+02
5.140000000000000000e+02 9.140000000000000000e+02
5.560000000000000000e+02 9.330000000000000000e+02
5.160000000000000000e+02 9.740000000000000000e+02
4.720000000000000000e+02 9.890000000000000000e+02
4.430000000000000000e+02 9.920000000000000000e+02
4.140000000000000000e+02 9.890000000000000000e+02
3.730000000000000000e+02 9.720000000000000000e+02
3.550000000000000000e+02 9.330000000000000000e+02
4.170000000000000000e+02 9.370000000000000000e+02
4.430000000000000000e+02 9.380000000000000000e+02
4.690000000000000000e+02 9.370000000000000000e+02
5.370000000000000000e+02 9.350000000000000000e+02
4.690000000000000000e+02 9.440000000000000000e+02
4.420000000000000000e+02 9.460000000000000000e+02
4.170000000000000000e+02 9.440000000000000000e+02
