1.480000000000000000e+02 6.300000000000000000e+02
1.560000000000000000e+02 7.060000000000000000e+02
1.680000000000000000e+02 7.760000000000000000e+02
1.820000000000000000e+02 8.490000000000000000e+02
2.070000000000000000e+02 9.150000000000000000e+02
2.450000000000000000e+02 9.760000000000000000e+02
3.000000000000000000e+02 1.028000000000000000e+03
3.670000000000000000e+02 1.072000000000000000e+03
4.390000000000000000e+02 1.087000000000000000e+03
5.080000000000000000e+02 1.075000000000000000e+03
5.770000000000000000e+02 1.031000000000000000e+03
6.380000000000000000e+02 9.780000000000000000e+02
6.870000000000000000e+02 9.180000000000000000e+02
7.160000000000000000e+02 8.510000000000000000e+02
7.300000000000000000e+02 7.740000000000000000e+02
7.390000000000000000e+02 7.000000000000000000e+02
7.410000000000000000e+02 6.240000000000000000e+02
1.780000000000000000e+02 5.770000000000000000e+02
2.120000000000000000e+02 5.340000000000000000e+02
2.690000000000000000e+02 5.150000000000000000e+02
3.260000000000000000e+02 5.210000000000000000e+02
3.790000000000000000e+02 5.460000000000000000e+02
4.940000000000000000e+02 5.410000000000000000e+02
5.480000000000000000e+02 5.110000000000000000e+02
6.080000000000000000e+02 5.020000000000000000e+02
6.680000000000000000e+02 5.220000000000000000e+02
7.030000000000000000e+02 5.680000000000000000e+02
4.390000000000000000e+02 6.280000000000000000e+02
4.400000000000000000e+02 6.890000000000000000e+02
4.400000000000000000e+02 7.510000000000000000e+02
4.400000000000000000e+02 8.120000000000000000e+02
3.840000000000000000e+02 8.330000000000000000e+02
4.110000000000000000e+02 8.460000000000000000e+02
4.410000000000000000e+02 8.580000000000000000e+02
4.710000000000000000e+02 8.470000000000000000e+02
4.990000000000000000e+02 8.340000000000000000e+02
2.410000000000000000e+02 6.350000000000000000e+02
2.760000000000000000e+02 6.160000000000000000e+02
3.200000000000000000e+02 6.170000000000000000e+02
3.590000000000000000e+02 6.470000000000000000e+02
3.190000000000000000e+02 6.570000000000000000e+02
2.740000000000000000e+02 6.560000000000000000e+02
5.200000000000000000e+02 6.440000000000000000e+02
5.580000000000000000e+02 6.130000000000000000e+02
6.020000000000000000e+02 6.100000000000000000e+02
6.400000000000000000e+02 6.300000000000000000e+02
6.070000000000000000e+02 6.520000000000000000e+02
5.610000000000000000e+02 6.540000000000000000e+02
3.360000000000000000e+02 9.190000000000000000e+02
3.780000000000000000e+02 9.100000000000000000e+02
4.140000000000000000e+02 9.010000000000000000e+02
4.400000000000000000e+02 9.080000000000000000e+02
4.680000000000000000e+02 9.030000000000000000e+02
5.040000000000000000e+02 9.140000000000000000e+02
5.460000000000000000e+02 9.250000000000000000e+02
5.050000000000000000e+02 9.620000000000000000e+02
4.670000000000000000e+02 9.770000000000000000e+02
4.370000000000000000e+02 9.780000000000000000e+02
4.080000000000000000e+02 9.740000000000000000e+02
3.720000000000000000e+02 9.560000000000000000e+02
3.560000000000000000e+02 9.230000000000000000e+02
4.130000000000000000e+02 9.290000000000000000e+02
4.400000000000000000e+02 9.330000000000000000e+02
4.690000000000000000e+02 9.320000000000000000e+02
5.270000000000000000e+02 9.280000000000000000e+02
4.660000000000000000e+02 9.330000000000000000e+02
4.370000000000000000e+02 9.350000000000000000e+02
4.100000000000000000e+02 9.300000000000000000e+02
