1.330000000000000000e+02 6.190000000000000000e+02
1.440000000000000000e+02 6.980000000000000000e+02
1.660000000000000000e+02 7.760000000000000000e+02
1.850000000000000000e+02 8.510000000000000000e+02
2.050000000000000000e+02 9.280000000000000000e+02
2.470000000000000000e+02 9.970000000000000000e+02
3.030000000000000000e+02 1.053000000000000000e+03
3.660000000000000000e+02 1.100000000000000000e+03
4.430000000000000000e+02 1.112000000000000000e+03
5.190000000000000000e+02 1.099000000000000000e+03
5.830000000000000000e+02 1.052000000000000000e+03
6.390000000000000000e+02 9.970000000000000000e+02
6.790000000000000000e+02 9.280000000000000000e+02
6.960000000000000000e+02 8.530000000000000000e+02
7.100000000000000000e+02 7.780000000000000000e+02
7.260000000000000000e+02 7.000000000000000000e+02
7.350000000000000000e+02 6.230000000000000000e+02
1.740000000000000000e+02 5.880000000000000000e+02
2.160000000000000000e+02 5.480000000000000000e+02
2.760000000000000000e+02 5.320000000000000000e+02
3.390000000000000000e+02 5.350000000000000000e+02
3.980000000000000000e+02 5.520000000000000000e+02
4.850000000000000000e+02 5.520000000000000000e+02
5.460000000000000000e+02 5.340000000000000000e+02
6.080000000000000000e+02 5.350000000000000000e+02
6.650000000000000000e+02 5.540000000000000000e+02
6.990000000000000000e+02 6.000000000000000000e+02
4.450000000000000000e+02 6.100000000000000000e+02
4.480000000000000000e+02 6.710000000000000000e+02
4.500000000000000000e+02 7.310000000000000000e+02
4.520000000000000000e+02 7.930000000000000000e+02
3.900000000000000000e+02 8.210000000000000000e+02
4.170000000000000000e+02 8.350000000000000000e+02
4.480000000000000000e+02 8.460000000000000000e+02
4.760000000000000000e+02 8.360000000000000000e+02
5.000000000000000000e+02 8.250000000000000000e+02
2.460000000000000000e+02 6.210000000000000000e+02
2.810000000000000000e+02 5.980000000000000000e+02
3.250000000000000000e+02 5.990000000000000000e+02
3.620000000000000000e+02 6.280000000000000000e+02
3.240000000000000000e+02 6.380000000000000000e+02
2.790000000000000000e+02 6.390000000000000000e+02
5.160000000000000000e+02 6.310000000000000000e+02
5.530000000000000000e+02 6.030000000000000000e+02
5.960000000000000000e+02 6.030000000000000000e+02
6.290000000000000000e+02 6.280000000000000000e+02
5.990000000000000000e+02 6.450000000000000000e+02
5.550000000000000000e+02 6.430000000000000000e+02
3.380000000000000000e+02 9.320000000000000000e+02
3.780000000000000000e+02 9.100000000000000000e+02
4.170000000000000000e+02 8.970000000000000000e+02
4.460000000000000000e+02 9.070000000000000000e+02
4.760000000000000000e+02 8.990000000000000000e+02
5.090000000000000000e+02 9.140000000000000000e+02
5.420000000000000000e+02 9.340000000000000000e+02
5.080000000000000000e+02 9.580000000000000000e+02
4.750000000000000000e+02 9.710000000000000000e+02
4.430000000000000000e+02 9.740000000000000000e+02
4.120000000000000000e+02 9.710000000000000000e+02
3.750000000000000000e+02 9.570000000000000000e+02
3.550000000000000000e+02 9.320000000000000000e+02
4.150000000000000000e+02 9.230000000000000000e+02
4.450000000000000000e+02 9.270000000000000000e+02
4.760000000000000000e+02 9.240000000000000000e+02
5.250000000000000000e+02 9.340000000000000000e+02
4.740000000000000000e+02 9.240000000000000000e+02
4.430000000000000000e+02 9.280000000000000000e+02
4.130000000000000000e+02 9.240000000000000000e+02
