1.210000000000000000e+02 6.740000000000000000e+02
1.250000000000000000e+02 7.590000000000000000e+02
1.320000000000000000e+02 8.430000000000000000e+02
1.420000000000000000e+02 9.320000000000000000e+02
1.640000000000000000e+02 1.011000000000000000e+03
2.040000000000000000e+02 1.076000000000000000e+03
2.680000000000000000e+02 1.123000000000000000e+03
3.460000000000000000e+02 1.152000000000000000e+03
4.320000000000000000e+02 1.165000000000000000e+03
5.190000000000000000e+02 1.155000000000000000e+03
6.020000000000000000e+02 1.125000000000000000e+03
6.720000000000000000e+02 1.076000000000000000e+03
7.180000000000000000e+02 1.008000000000000000e+03
7.430000000000000000e+02 9.240000000000000000e+02
7.530000000000000000e+02 8.340000000000000000e+02
7.610000000000000000e+02 7.450000000000000000e+02
7.640000000000000000e+02 6.570000000000000000e+02
1.790000000000000000e+02 6.120000000000000000e+02
2.090000000000000000e+02 5.630000000000000000e+02
2.660000000000000000e+02 5.420000000000000000e+02
3.310000000000000000e+02 5.380000000000000000e+02
3.960000000000000000e+02 5.490000000000000000e+02
4.790000000000000000e+02 5.480000000000000000e+02
5.430000000000000000e+02 5.290000000000000000e+02
6.090000000000000000e+02 5.230000000000000000e+02
6.710000000000000000e+02 5.440000000000000000e+02
7.040000000000000000e+02 5.980000000000000000e+02
4.360000000000000000e+02 5.970000000000000000e+02
4.350000000000000000e+02 6.370000000000000000e+02
4.330000000000000000e+02 6.770000000000000000e+02
4.310000000000000000e+02 7.210000000000000000e+02
3.740000000000000000e+02 7.950000000000000000e+02
4.040000000000000000e+02 8.030000000000000000e+02
4.360000000000000000e+02 8.090000000000000000e+02
4.680000000000000000e+02 8.020000000000000000e+02
4.990000000000000000e+02 7.930000000000000000e+02
2.410000000000000000e+02 6.420000000000000000e+02
2.750000000000000000e+02 6.200000000000000000e+02
3.170000000000000000e+02 6.140000000000000000e+02
3.590000000000000000e+02 6.360000000000000000e+02
3.180000000000000000e+02 6.480000000000000000e+02
2.760000000000000000e+02 6.520000000000000000e+02
5.230000000000000000e+02 6.310000000000000000e+02
5.610000000000000000e+02 6.060000000000000000e+02
6.040000000000000000e+02 6.090000000000000000e+02
6.390000000000000000e+02 6.290000000000000000e+02
6.040000000000000000e+02 6.430000000000000000e+02
5.620000000000000000e+02 6.410000000000000000e+02
3.300000000000000000e+02 9.470000000000000000e+02
3.710000000000000000e+02 9.160000000000000000e+02
4.080000000000000000e+02 8.990000000000000000e+02
4.370000000000000000e+02 9.050000000000000000e+02
4.670000000000000000e+02 8.980000000000000000e+02
5.070000000000000000e+02 9.120000000000000000e+02
5.510000000000000000e+02 9.430000000000000000e+02
5.090000000000000000e+02 9.590000000000000000e+02
4.690000000000000000e+02 9.590000000000000000e+02
4.380000000000000000e+02 9.620000000000000000e+02
4.090000000000000000e+02 9.610000000000000000e+02
3.710000000000000000e+02 9.620000000000000000e+02
3.490000000000000000e+02 9.420000000000000000e+02
4.090000000000000000e+02 9.270000000000000000e+02
4.380000000000000000e+02 9.270000000000000000e+02
4.670000000000000000e+02 9.250000000000000000e+02
5.310000000000000000e+02 9.400000000000000000e+02
4.680000000000000000e+02 9.280000000000000000e+02
4.380000000000000000e+02 9.300000000000000000e+02
4.090000000000000000e+02 9.290000000000000000e+02
