1.180000000000000000e+02 6.360000000000000000e+02
1.260000000000000000e+02 7.140000000000000000e+02
1.390000000000000000e+02 7.900000000000000000e+02
1.570000000000000000e+02 8.680000000000000000e+02
1.820000000000000000e+02 9.400000000000000000e+02
2.300000000000000000e+02 1.002000000000000000e+03
2.950000000000000000e+02 1.050000000000000000e+03
3.650000000000000000e+02 1.090000000000000000e+03
4.410000000000000000e+02 1.099000000000000000e+03
5.170000000000000000e+02 1.085000000000000000e+03
5.830000000000000000e+02 1.043000000000000000e+03
6.450000000000000000e+02 9.940000000000000000e+02
6.900000000000000000e+02 9.320000000000000000e+02
7.140000000000000000e+02 8.620000000000000000e+02
7.280000000000000000e+02 7.860000000000000000e+02
7.410000000000000000e+02 7.090000000000000000e+02
7.500000000000000000e+02 6.310000000000000000e+02
1.930000000000000000e+02 5.600000000000000000e+02
2.360000000000000000e+02 5.340000000000000000e+02
2.890000000000000000e+02 5.310000000000000000e+02
3.420000000000000000e+02 5.430000000000000000e+02
3.930000000000000000e+02 5.630000000000000000e+02
4.910000000000000000e+02 5.670000000000000000e+02
5.410000000000000000e+02 5.460000000000000000e+02
5.940000000000000000e+02 5.340000000000000000e+02
6.470000000000000000e+02 5.410000000000000000e+02
6.880000000000000000e+02 5.710000000000000000e+02
4.460000000000000000e+02 6.160000000000000000e+02
4.470000000000000000e+02 6.710000000000000000e+02
4.480000000000000000e+02 7.250000000000000000e+02
4.490000000000000000e+02 7.800000000000000000e+02
3.870000000000000000e+02 8.220000000000000000e+02
4.160000000000000000e+02 8.330000000000000000e+02
4.460000000000000000e+02 8.420000000000000000e+02
4.760000000000000000e+02 8.340000000000000000e+02
5.020000000000000000e+02 8.240000000000000000e+02
2.460000000000000000e+02 6.260000000000000000e+02
2.820000000000000000e+02 6.010000000000000000e+02
3.240000000000000000e+02 6.020000000000000000e+02
3.580000000000000000e+02 6.350000000000000000e+02
3.200000000000000000e+02 6.410000000000000000e+02
2.780000000000000000e+02 6.410000000000000000e+02
5.240000000000000000e+02 6.350000000000000000e+02
5.590000000000000000e+02 6.040000000000000000e+02
6.010000000000000000e+02 6.030000000000000000e+02
6.340000000000000000e+02 6.270000000000000000e+02
6.040000000000000000e+02 6.420000000000000000e+02
5.630000000000000000e+02 6.420000000000000000e+02
3.230000000000000000e+02 9.240000000000000000e+02
3.720000000000000000e+02 9.030000000000000000e+02
4.130000000000000000e+02 8.890000000000000000e+02
4.410000000000000000e+02 8.990000000000000000e+02
4.680000000000000000e+02 8.930000000000000000e+02
5.080000000000000000e+02 9.070000000000000000e+02
5.550000000000000000e+02 9.260000000000000000e+02
5.070000000000000000e+02 9.510000000000000000e+02
4.680000000000000000e+02 9.610000000000000000e+02
4.390000000000000000e+02 9.630000000000000000e+02
4.090000000000000000e+02 9.590000000000000000e+02
3.690000000000000000e+02 9.460000000000000000e+02
3.420000000000000000e+02 9.250000000000000000e+02
4.120000000000000000e+02 9.160000000000000000e+02
4.410000000000000000e+02 9.190000000000000000e+02
4.680000000000000000e+02 9.190000000000000000e+02
5.360000000000000000e+02 9.290000000000000000e+02
4.670000000000000000e+02 9.220000000000000000e+02
4.400000000000000000e+02 9.230000000000000000e+02
4.110000000000000000e+02 9.200000000000000000e+02
