1.350000000000000000e+02 6.530000000000000000e+02
1.470000000000000000e+02 7.290000000000000000e+02
1.630000000000000000e+02 8.020000000000000000e+02
1.770000000000000000e+02 8.750000000000000000e+02
2.010000000000000000e+02 9.450000000000000000e+02
2.430000000000000000e+02 1.006000000000000000e+03
3.030000000000000000e+02 1.049000000000000000e+03
3.700000000000000000e+02 1.083000000000000000e+03
4.420000000000000000e+02 1.097000000000000000e+03
5.150000000000000000e+02 1.087000000000000000e+03
5.840000000000000000e+02 1.051000000000000000e+03
6.470000000000000000e+02 1.010000000000000000e+03
6.910000000000000000e+02 9.510000000000000000e+02
7.120000000000000000e+02 8.810000000000000000e+02
7.240000000000000000e+02 8.080000000000000000e+02
7.330000000000000000e+02 7.340000000000000000e+02
7.360000000000000000e+02 6.630000000000000000e+02
1.890000000000000000e+02 5.610000000000000000e+02
2.270000000000000000e+02 5.260000000000000000e+02
2.800000000000000000e+02 5.140000000000000000e+02
3.360000000000000000e+02 5.190000000000000000e+02
3.870000000000000000e+02 5.430000000000000000e+02
4.940000000000000000e+02 5.430000000000000000e+02
5.450000000000000000e+02 5.230000000000000000e+02
6.000000000000000000e+02 5.170000000000000000e+02
6.550000000000000000e+02 5.310000000000000000e+02
6.930000000000000000e+02 5.680000000000000000e+02
4.440000000000000000e+02 6.150000000000000000e+02
4.450000000000000000e+02 6.630000000000000000e+02
4.450000000000000000e+02 7.100000000000000000e+02
4.460000000000000000e+02 7.580000000000000000e+02
3.840000000000000000e+02 8.110000000000000000e+02
4.120000000000000000e+02 8.190000000000000000e+02
4.420000000000000000e+02 8.250000000000000000e+02
4.720000000000000000e+02 8.200000000000000000e+02
5.010000000000000000e+02 8.130000000000000000e+02
2.500000000000000000e+02 6.330000000000000000e+02
2.860000000000000000e+02 6.120000000000000000e+02
3.270000000000000000e+02 6.140000000000000000e+02
3.640000000000000000e+02 6.440000000000000000e+02
3.250000000000000000e+02 6.510000000000000000e+02
2.820000000000000000e+02 6.500000000000000000e+02
5.190000000000000000e+02 6.460000000000000000e+02
5.560000000000000000e+02 6.160000000000000000e+02
5.980000000000000000e+02 6.150000000000000000e+02
6.340000000000000000e+02 6.390000000000000000e+02
6.010000000000000000e+02 6.550000000000000000e+02
5.580000000000000000e+02 6.550000000000000000e+02
3.280000000000000000e+02 9.190000000000000000e+02
3.760000000000000000e+02 9.090000000000000000e+02
4.140000000000000000e+02 9.000000000000000000e+02
4.400000000000000000e+02 9.080000000000000000e+02
4.660000000000000000e+02 9.020000000000000000e+02
5.060000000000000000e+02 9.140000000000000000e+02
5.550000000000000000e+02 9.240000000000000000e+02
5.070000000000000000e+02 9.520000000000000000e+02
4.650000000000000000e+02 9.620000000000000000e+02
4.380000000000000000e+02 9.640000000000000000e+02
4.110000000000000000e+02 9.610000000000000000e+02
3.720000000000000000e+02 9.480000000000000000e+02
3.480000000000000000e+02 9.240000000000000000e+02
4.130000000000000000e+02 9.250000000000000000e+02
4.400000000000000000e+02 9.290000000000000000e+02
4.650000000000000000e+02 9.280000000000000000e+02
5.350000000000000000e+02 9.280000000000000000e+02
4.650000000000000000e+02 9.300000000000000000e+02
4.390000000000000000e+02 9.320000000000000000e+02
4.120000000000000000e+02 9.290000000000000000e+02
