1.430000000000000000e+02 6.210000000000000000e+02
1.460000000000000000e+02 7.010000000000000000e+02
1.600000000000000000e+02 7.850000000000000000e+02
1.810000000000000000e+02 8.640000000000000000e+02
2.110000000000000000e+02 9.410000000000000000e+02
2.550000000000000000e+02 1.007000000000000000e+03
3.100000000000000000e+02 1.064000000000000000e+03
3.710000000000000000e+02 1.107000000000000000e+03
4.470000000000000000e+02 1.119000000000000000e+03
5.230000000000000000e+02 1.103000000000000000e+03
5.820000000000000000e+02 1.055000000000000000e+03
6.320000000000000000e+02 9.960000000000000000e+02
6.670000000000000000e+02 9.270000000000000000e+02
6.900000000000000000e+02 8.540000000000000000e+02
7.030000000000000000e+02 7.780000000000000000e+02
7.140000000000000000e+02 7.030000000000000000e+02
7.180000000000000000e+02 6.270000000000000000e+02
1.860000000000000000e+02 5.670000000000000000e+02
2.270000000000000000e+02 5.370000000000000000e+02
2.820000000000000000e+02 5.350000000000000000e+02
3.380000000000000000e+02 5.450000000000000000e+02
3.920000000000000000e+02 5.630000000000000000e+02
4.860000000000000000e+02 5.660000000000000000e+02
5.420000000000000000e+02 5.500000000000000000e+02
5.970000000000000000e+02 5.420000000000000000e+02
6.510000000000000000e+02 5.490000000000000000e+02
6.900000000000000000e+02 5.830000000000000000e+02
4.370000000000000000e+02 6.140000000000000000e+02
4.380000000000000000e+02 6.710000000000000000e+02
4.390000000000000000e+02 7.270000000000000000e+02
4.400000000000000000e+02 7.860000000000000000e+02
3.740000000000000000e+02 8.210000000000000000e+02
4.080000000000000000e+02 8.310000000000000000e+02
4.430000000000000000e+02 8.390000000000000000e+02
4.770000000000000000e+02 8.300000000000000000e+02
5.090000000000000000e+02 8.190000000000000000e+02
2.390000000000000000e+02 6.190000000000000000e+02
2.740000000000000000e+02 6.010000000000000000e+02
3.170000000000000000e+02 6.010000000000000000e+02
3.550000000000000000e+02 6.280000000000000000e+02
3.150000000000000000e+02 6.370000000000000000e+02
2.720000000000000000e+02 6.380000000000000000e+02
5.180000000000000000e+02 6.290000000000000000e+02
5.580000000000000000e+02 6.030000000000000000e+02
6.000000000000000000e+02 6.040000000000000000e+02
6.340000000000000000e+02 6.220000000000000000e+02
6.020000000000000000e+02 6.410000000000000000e+02
5.580000000000000000e+02 6.400000000000000000e+02
3.260000000000000000e+02 9.200000000000000000e+02
3.680000000000000000e+02 9.060000000000000000e+02
4.110000000000000000e+02 8.960000000000000000e+02
4.430000000000000000e+02 9.060000000000000000e+02
4.760000000000000000e+02 8.970000000000000000e+02
5.180000000000000000e+02 9.050000000000000000e+02
5.590000000000000000e+02 9.130000000000000000e+02
5.200000000000000000e+02 9.530000000000000000e+02
4.770000000000000000e+02 9.720000000000000000e+02
4.430000000000000000e+02 9.770000000000000000e+02
4.080000000000000000e+02 9.740000000000000000e+02
3.660000000000000000e+02 9.550000000000000000e+02
3.450000000000000000e+02 9.230000000000000000e+02
4.110000000000000000e+02 9.250000000000000000e+02
4.430000000000000000e+02 9.280000000000000000e+02
4.770000000000000000e+02 9.240000000000000000e+02
5.400000000000000000e+02 9.160000000000000000e+02
4.770000000000000000e+02 9.320000000000000000e+02
4.430000000000000000e+02 9.370000000000000000e+02
4.100000000000000000e+02 9.330000000000000000e+02
