1.540000000000000000e+02 6.270000000000000000e+02
1.610000000000000000e+02 7.100000000000000000e+02
1.750000000000000000e+02 7.910000000000000000e+02
1.890000000000000000e+02 8.710000000000000000e+02
2.140000000000000000e+02 9.470000000000000000e+02
2.550000000000000000e+02 1.011000000000000000e+03
3.120000000000000000e+02 1.059000000000000000e+03
3.740000000000000000e+02 1.097000000000000000e+03
4.470000000000000000e+02 1.110000000000000000e+03
5.220000000000000000e+02 1.098000000000000000e+03
5.910000000000000000e+02 1.063000000000000000e+03
6.520000000000000000e+02 1.013000000000000000e+03
6.910000000000000000e+02 9.450000000000000000e+02
7.070000000000000000e+02 8.640000000000000000e+02
7.170000000000000000e+02 7.820000000000000000e+02
7.310000000000000000e+02 7.020000000000000000e+02
7.340000000000000000e+02 6.180000000000000000e+02
1.830000000000000000e+02 5.800000000000000000e+02
2.170000000000000000e+02 5.360000000000000000e+02
2.720000000000000000e+02 5.190000000000000000e+02
3.310000000000000000e+02 5.230000000000000000e+02
3.870000000000000000e+02 5.440000000000000000e+02
4.860000000000000000e+02 5.550000000000000000e+02
5.400000000000000000e+02 5.390000000000000000e+02
5.970000000000000000e+02 5.330000000000000000e+02
6.510000000000000000e+02 5.430000000000000000e+02
6.890000000000000000e+02 5.810000000000000000e+02
4.370000000000000000e+02 6.100000000000000000e+02
4.360000000000000000e+02 6.600000000000000000e+02
4.360000000000000000e+02 7.100000000000000000e+02
4.350000000000000000e+02 7.640000000000000000e+02
3.820000000000000000e+02 8.090000000000000000e+02
4.090000000000000000e+02 8.170000000000000000e+02
4.380000000000000000e+02 8.230000000000000000e+02
4.680000000000000000e+02 8.160000000000000000e+02
4.960000000000000000e+02 8.080000000000000000e+02
2.540000000000000000e+02 6.230000000000000000e+02
2.860000000000000000e+02 6.050000000000000000e+02
3.250000000000000000e+02 6.030000000000000000e+02
3.620000000000000000e+02 6.280000000000000000e+02
3.240000000000000000e+02 6.360000000000000000e+02
2.840000000000000000e+02 6.380000000000000000e+02
5.150000000000000000e+02 6.310000000000000000e+02
5.520000000000000000e+02 6.090000000000000000e+02
5.920000000000000000e+02 6.100000000000000000e+02
6.260000000000000000e+02 6.270000000000000000e+02
5.930000000000000000e+02 6.420000000000000000e+02
5.530000000000000000e+02 6.410000000000000000e+02
3.350000000000000000e+02 9.240000000000000000e+02
3.780000000000000000e+02 9.150000000000000000e+02
4.140000000000000000e+02 9.050000000000000000e+02
4.410000000000000000e+02 9.140000000000000000e+02
4.660000000000000000e+02 9.050000000000000000e+02
5.030000000000000000e+02 9.150000000000000000e+02
5.440000000000000000e+02 9.270000000000000000e+02
5.030000000000000000e+02 9.500000000000000000e+02
4.680000000000000000e+02 9.600000000000000000e+02
4.420000000000000000e+02 9.630000000000000000e+02
4.130000000000000000e+02 9.590000000000000000e+02
3.780000000000000000e+02 9.490000000000000000e+02
3.520000000000000000e+02 9.250000000000000000e+02
4.140000000000000000e+02 9.270000000000000000e+02
4.410000000000000000e+02 9.320000000000000000e+02
4.670000000000000000e+02 9.280000000000000000e+02
5.280000000000000000e+02 9.260000000000000000e+02
4.670000000000000000e+02 9.270000000000000000e+02
4.410000000000000000e+02 9.310000000000000000e+02
4.140000000000000000e+02 9.260000000000000000e+02
