1.520000000000000000e+02 6.210000000000000000e+02
1.570000000000000000e+02 7.060000000000000000e+02
1.680000000000000000e+02 7.920000000000000000e+02
1.820000000000000000e+02 8.760000000000000000e+02
2.070000000000000000e+02 9.540000000000000000e+02
2.510000000000000000e+02 1.022000000000000000e+03
3.030000000000000000e+02 1.082000000000000000e+03
3.630000000000000000e+02 1.128000000000000000e+03
4.370000000000000000e+02 1.138000000000000000e+03
5.120000000000000000e+02 1.123000000000000000e+03
5.720000000000000000e+02 1.071000000000000000e+03
6.250000000000000000e+02 1.011000000000000000e+03
6.690000000000000000e+02 9.450000000000000000e+02
6.950000000000000000e+02 8.710000000000000000e+02
7.110000000000000000e+02 7.900000000000000000e+02
7.210000000000000000e+02 7.080000000000000000e+02
7.270000000000000000e+02 6.250000000000000000e+02
1.920000000000000000e+02 5.660000000000000000e+02
2.210000000000000000e+02 5.220000000000000000e+02
2.770000000000000000e+02 5.110000000000000000e+02
3.310000000000000000e+02 5.210000000000000000e+02
3.870000000000000000e+02 5.400000000000000000e+02
4.930000000000000000e+02 5.400000000000000000e+02
5.490000000000000000e+02 5.210000000000000000e+02
6.050000000000000000e+02 5.160000000000000000e+02
6.600000000000000000e+02 5.330000000000000000e+02
6.890000000000000000e+02 5.780000000000000000e+02
4.400000000000000000e+02 6.120000000000000000e+02
4.400000000000000000e+02 6.700000000000000000e+02
4.380000000000000000e+02 7.270000000000000000e+02
4.380000000000000000e+02 7.870000000000000000e+02
3.810000000000000000e+02 8.180000000000000000e+02
4.080000000000000000e+02 8.270000000000000000e+02
4.370000000000000000e+02 8.360000000000000000e+02
4.650000000000000000e+02 8.280000000000000000e+02
4.940000000000000000e+02 8.180000000000000000e+02
2.610000000000000000e+02 6.180000000000000000e+02
2.920000000000000000e+02 6.030000000000000000e+02
3.330000000000000000e+02 6.030000000000000000e+02
3.670000000000000000e+02 6.270000000000000000e+02
3.300000000000000000e+02 6.370000000000000000e+02
2.890000000000000000e+02 6.370000000000000000e+02
5.180000000000000000e+02 6.300000000000000000e+02
5.520000000000000000e+02 6.100000000000000000e+02
5.910000000000000000e+02 6.100000000000000000e+02
6.200000000000000000e+02 6.280000000000000000e+02
5.920000000000000000e+02 6.450000000000000000e+02
5.520000000000000000e+02 6.420000000000000000e+02
3.370000000000000000e+02 9.200000000000000000e+02
3.750000000000000000e+02 9.070000000000000000e+02
4.120000000000000000e+02 8.970000000000000000e+02
4.390000000000000000e+02 9.040000000000000000e+02
4.660000000000000000e+02 8.950000000000000000e+02
5.020000000000000000e+02 9.060000000000000000e+02
5.380000000000000000e+02 9.190000000000000000e+02
5.040000000000000000e+02 9.430000000000000000e+02
4.700000000000000000e+02 9.570000000000000000e+02
4.410000000000000000e+02 9.610000000000000000e+02
4.120000000000000000e+02 9.580000000000000000e+02
3.760000000000000000e+02 9.460000000000000000e+02
3.540000000000000000e+02 9.240000000000000000e+02
4.120000000000000000e+02 9.200000000000000000e+02
4.400000000000000000e+02 9.220000000000000000e+02
4.680000000000000000e+02 9.180000000000000000e+02
5.220000000000000000e+02 9.210000000000000000e+02
4.680000000000000000e+02 9.210000000000000000e+02
4.400000000000000000e+02 9.250000000000000000e+02
4.130000000000000000e+02 9.210000000000000000e+02
