1.400000000000000000e+02 5.900000000000000000e+02
1.450000000000000000e+02 6.770000000000000000e+02
1.560000000000000000e+02 7.620000000000000000e+02
1.720000000000000000e+02 8.430000000000000000e+02
1.990000000000000000e+02 9.210000000000000000e+02
2.430000000000000000e+02 9.910000000000000000e+02
3.000000000000000000e+02 1.051000000000000000e+03
3.670000000000000000e+02 1.098000000000000000e+03
4.430000000000000000e+02 1.110000000000000000e+03
5.180000000000000000e+02 1.097000000000000000e+03
5.800000000000000000e+02 1.051000000000000000e+03
6.320000000000000000e+02 9.910000000000000000e+02
6.690000000000000000e+02 9.210000000000000000e+02
6.910000000000000000e+02 8.430000000000000000e+02
7.070000000000000000e+02 7.600000000000000000e+02
7.200000000000000000e+02 6.770000000000000000e+02
7.260000000000000000e+02 5.900000000000000000e+02
1.860000000000000000e+02 5.700000000000000000e+02
2.290000000000000000e+02 5.400000000000000000e+02
2.860000000000000000e+02 5.410000000000000000e+02
3.400000000000000000e+02 5.550000000000000000e+02
3.930000000000000000e+02 5.760000000000000000e+02
4.920000000000000000e+02 5.770000000000000000e+02
5.430000000000000000e+02 5.540000000000000000e+02
5.950000000000000000e+02 5.410000000000000000e+02
6.500000000000000000e+02 5.400000000000000000e+02
6.900000000000000000e+02 5.680000000000000000e+02
4.430000000000000000e+02 6.220000000000000000e+02
4.440000000000000000e+02 6.800000000000000000e+02
4.450000000000000000e+02 7.380000000000000000e+02
4.470000000000000000e+02 7.970000000000000000e+02
3.890000000000000000e+02 8.280000000000000000e+02
4.170000000000000000e+02 8.390000000000000000e+02
4.470000000000000000e+02 8.470000000000000000e+02
4.750000000000000000e+02 8.370000000000000000e+02
5.000000000000000000e+02 8.240000000000000000e+02
2.560000000000000000e+02 6.140000000000000000e+02
2.910000000000000000e+02 5.970000000000000000e+02
3.330000000000000000e+02 6.010000000000000000e+02
3.670000000000000000e+02 6.330000000000000000e+02
3.290000000000000000e+02 6.400000000000000000e+02
2.860000000000000000e+02 6.380000000000000000e+02
5.120000000000000000e+02 6.320000000000000000e+02
5.480000000000000000e+02 6.000000000000000000e+02
5.900000000000000000e+02 5.980000000000000000e+02
6.240000000000000000e+02 6.140000000000000000e+02
5.950000000000000000e+02 6.380000000000000000e+02
5.520000000000000000e+02 6.400000000000000000e+02
3.420000000000000000e+02 9.310000000000000000e+02
3.830000000000000000e+02 9.170000000000000000e+02
4.210000000000000000e+02 9.060000000000000000e+02
4.460000000000000000e+02 9.150000000000000000e+02
4.720000000000000000e+02 9.040000000000000000e+02
5.080000000000000000e+02 9.140000000000000000e+02
5.450000000000000000e+02 9.230000000000000000e+02
5.100000000000000000e+02 9.550000000000000000e+02
4.760000000000000000e+02 9.730000000000000000e+02
4.470000000000000000e+02 9.780000000000000000e+02
4.190000000000000000e+02 9.770000000000000000e+02
3.820000000000000000e+02 9.630000000000000000e+02
3.610000000000000000e+02 9.330000000000000000e+02
4.200000000000000000e+02 9.330000000000000000e+02
4.460000000000000000e+02 9.360000000000000000e+02
4.730000000000000000e+02 9.310000000000000000e+02
5.270000000000000000e+02 9.260000000000000000e+02
4.730000000000000000e+02 9.280000000000000000e+02
4.470000000000000000e+02 9.340000000000000000e+02
4.210000000000000000e+02 9.320000000000000000e+02
