1.320000000000000000e+02 6.970000000000000000e+02
1.430000000000000000e+02 7.740000000000000000e+02
1.540000000000000000e+02 8.460000000000000000e+02
1.670000000000000000e+02 9.190000000000000000e+02
1.870000000000000000e+02 9.890000000000000000e+02
2.250000000000000000e+02 1.049000000000000000e+03
2.870000000000000000e+02 1.091000000000000000e+03
3.600000000000000000e+02 1.115000000000000000e+03
4.440000000000000000e+02 1.121000000000000000e+03
5.280000000000000000e+02 1.113000000000000000e+03
6.020000000000000000e+02 1.092000000000000000e+03
6.660000000000000000e+02 1.054000000000000000e+03
7.060000000000000000e+02 9.970000000000000000e+02
7.230000000000000000e+02 9.270000000000000000e+02
7.340000000000000000e+02 8.530000000000000000e+02
7.440000000000000000e+02 7.790000000000000000e+02
7.520000000000000000e+02 7.010000000000000000e+02
1.820000000000000000e+02 5.990000000000000000e+02
2.150000000000000000e+02 5.510000000000000000e+02
2.720000000000000000e+02 5.240000000000000000e+02
3.340000000000000000e+02 5.180000000000000000e+02
3.940000000000000000e+02 5.310000000000000000e+02
4.700000000000000000e+02 5.280000000000000000e+02
5.380000000000000000e+02 5.150000000000000000e+02
6.060000000000000000e+02 5.190000000000000000e+02
6.670000000000000000e+02 5.500000000000000000e+02
7.010000000000000000e+02 6.060000000000000000e+02
4.350000000000000000e+02 5.920000000000000000e+02
4.330000000000000000e+02 6.330000000000000000e+02
4.330000000000000000e+02 6.740000000000000000e+02
4.320000000000000000e+02 7.180000000000000000e+02
3.850000000000000000e+02 7.860000000000000000e+02
4.090000000000000000e+02 7.910000000000000000e+02
4.340000000000000000e+02 7.930000000000000000e+02
4.610000000000000000e+02 7.880000000000000000e+02
4.880000000000000000e+02 7.820000000000000000e+02
2.540000000000000000e+02 6.390000000000000000e+02
2.850000000000000000e+02 6.190000000000000000e+02
3.240000000000000000e+02 6.150000000000000000e+02
3.650000000000000000e+02 6.310000000000000000e+02
3.260000000000000000e+02 6.430000000000000000e+02
2.870000000000000000e+02 6.480000000000000000e+02
5.180000000000000000e+02 6.300000000000000000e+02
5.590000000000000000e+02 6.150000000000000000e+02
5.980000000000000000e+02 6.200000000000000000e+02
6.310000000000000000e+02 6.400000000000000000e+02
5.970000000000000000e+02 6.480000000000000000e+02
5.570000000000000000e+02 6.430000000000000000e+02
3.260000000000000000e+02 9.180000000000000000e+02
3.680000000000000000e+02 8.880000000000000000e+02
4.080000000000000000e+02 8.690000000000000000e+02
4.410000000000000000e+02 8.780000000000000000e+02
4.730000000000000000e+02 8.670000000000000000e+02
5.120000000000000000e+02 8.860000000000000000e+02
5.530000000000000000e+02 9.180000000000000000e+02
5.110000000000000000e+02 9.240000000000000000e+02
4.740000000000000000e+02 9.290000000000000000e+02
4.410000000000000000e+02 9.320000000000000000e+02
4.080000000000000000e+02 9.300000000000000000e+02
3.690000000000000000e+02 9.280000000000000000e+02
3.450000000000000000e+02 9.150000000000000000e+02
4.080000000000000000e+02 8.960000000000000000e+02
4.410000000000000000e+02 8.970000000000000000e+02
4.740000000000000000e+02 8.930000000000000000e+02
5.340000000000000000e+02 9.130000000000000000e+02
4.720000000000000000e+02 8.960000000000000000e+02
4.400000000000000000e+02 8.990000000000000000e+02
4.080000000000000000e+02 8.970000000000000000e+02
