1.280000000000000000e+02 6.440000000000000000e+02
1.330000000000000000e+02 7.250000000000000000e+02
1.400000000000000000e+02 8.070000000000000000e+02
1.530000000000000000e+02 8.870000000000000000e+02
1.800000000000000000e+02 9.630000000000000000e+02
2.250000000000000000e+02 1.025000000000000000e+03
2.890000000000000000e+02 1.076000000000000000e+03
3.600000000000000000e+02 1.112000000000000000e+03
4.440000000000000000e+02 1.126000000000000000e+03
5.280000000000000000e+02 1.118000000000000000e+03
6.030000000000000000e+02 1.083000000000000000e+03
6.680000000000000000e+02 1.034000000000000000e+03
7.150000000000000000e+02 9.670000000000000000e+02
7.420000000000000000e+02 8.870000000000000000e+02
7.540000000000000000e+02 8.030000000000000000e+02
7.580000000000000000e+02 7.180000000000000000e+02
7.600000000000000000e+02 6.340000000000000000e+02
1.970000000000000000e+02 5.780000000000000000e+02
2.320000000000000000e+02 5.470000000000000000e+02
2.830000000000000000e+02 5.340000000000000000e+02
3.370000000000000000e+02 5.390000000000000000e+02
3.860000000000000000e+02 5.560000000000000000e+02
4.910000000000000000e+02 5.550000000000000000e+02
5.410000000000000000e+02 5.350000000000000000e+02
5.950000000000000000e+02 5.280000000000000000e+02
6.470000000000000000e+02 5.420000000000000000e+02
6.820000000000000000e+02 5.750000000000000000e+02
4.400000000000000000e+02 6.160000000000000000e+02
4.410000000000000000e+02 6.650000000000000000e+02
4.420000000000000000e+02 7.130000000000000000e+02
4.420000000000000000e+02 7.650000000000000000e+02
3.790000000000000000e+02 8.060000000000000000e+02
4.090000000000000000e+02 8.180000000000000000e+02
4.400000000000000000e+02 8.260000000000000000e+02
4.720000000000000000e+02 8.190000000000000000e+02
5.010000000000000000e+02 8.100000000000000000e+02
2.640000000000000000e+02 6.300000000000000000e+02
2.950000000000000000e+02 6.110000000000000000e+02
3.340000000000000000e+02 6.090000000000000000e+02
3.700000000000000000e+02 6.310000000000000000e+02
3.340000000000000000e+02 6.450000000000000000e+02
2.950000000000000000e+02 6.470000000000000000e+02
5.100000000000000000e+02 6.300000000000000000e+02
5.450000000000000000e+02 6.070000000000000000e+02
5.840000000000000000e+02 6.070000000000000000e+02
6.170000000000000000e+02 6.270000000000000000e+02
5.850000000000000000e+02 6.440000000000000000e+02
5.470000000000000000e+02 6.430000000000000000e+02
3.340000000000000000e+02 9.160000000000000000e+02
3.690000000000000000e+02 8.940000000000000000e+02
4.060000000000000000e+02 8.880000000000000000e+02
4.380000000000000000e+02 8.970000000000000000e+02
4.710000000000000000e+02 8.920000000000000000e+02
5.090000000000000000e+02 9.030000000000000000e+02
5.510000000000000000e+02 9.230000000000000000e+02
5.070000000000000000e+02 9.350000000000000000e+02
4.690000000000000000e+02 9.380000000000000000e+02
4.360000000000000000e+02 9.380000000000000000e+02
4.040000000000000000e+02 9.340000000000000000e+02
3.700000000000000000e+02 9.280000000000000000e+02
3.500000000000000000e+02 9.140000000000000000e+02
4.050000000000000000e+02 9.070000000000000000e+02
4.380000000000000000e+02 9.120000000000000000e+02
4.700000000000000000e+02 9.110000000000000000e+02
5.340000000000000000e+02 9.210000000000000000e+02
4.680000000000000000e+02 9.100000000000000000e+02
4.370000000000000000e+02 9.110000000000000000e+02
4.050000000000000000e+02 9.060000000000000000e+02
