1.450000000000000000e+02 6.490000000000000000e+02
1.510000000000000000e+02 7.310000000000000000e+02
1.610000000000000000e+02 8.090000000000000000e+02
1.750000000000000000e+02 8.890000000000000000e+02
2.000000000000000000e+02 9.620000000000000000e+02
2.370000000000000000e+02 1.027000000000000000e+03
2.930000000000000000e+02 1.078000000000000000e+03
3.600000000000000000e+02 1.113000000000000000e+03
4.420000000000000000e+02 1.120000000000000000e+03
5.190000000000000000e+02 1.109000000000000000e+03
5.830000000000000000e+02 1.073000000000000000e+03
6.320000000000000000e+02 1.022000000000000000e+03
6.640000000000000000e+02 9.570000000000000000e+02
6.850000000000000000e+02 8.840000000000000000e+02
7.020000000000000000e+02 8.100000000000000000e+02
7.150000000000000000e+02 7.350000000000000000e+02
7.180000000000000000e+02 6.550000000000000000e+02
1.880000000000000000e+02 5.760000000000000000e+02
2.240000000000000000e+02 5.340000000000000000e+02
2.800000000000000000e+02 5.150000000000000000e+02
3.400000000000000000e+02 5.190000000000000000e+02
3.950000000000000000e+02 5.390000000000000000e+02
4.880000000000000000e+02 5.330000000000000000e+02
5.450000000000000000e+02 5.120000000000000000e+02
6.050000000000000000e+02 5.100000000000000000e+02
6.590000000000000000e+02 5.300000000000000000e+02
6.910000000000000000e+02 5.720000000000000000e+02
4.410000000000000000e+02 6.030000000000000000e+02
4.400000000000000000e+02 6.570000000000000000e+02
4.390000000000000000e+02 7.090000000000000000e+02
4.380000000000000000e+02 7.630000000000000000e+02
3.810000000000000000e+02 8.050000000000000000e+02
4.080000000000000000e+02 8.170000000000000000e+02
4.380000000000000000e+02 8.270000000000000000e+02
4.690000000000000000e+02 8.170000000000000000e+02
4.970000000000000000e+02 8.060000000000000000e+02
2.480000000000000000e+02 6.290000000000000000e+02
2.810000000000000000e+02 6.070000000000000000e+02
3.240000000000000000e+02 6.060000000000000000e+02
3.660000000000000000e+02 6.320000000000000000e+02
3.250000000000000000e+02 6.440000000000000000e+02
2.810000000000000000e+02 6.470000000000000000e+02
5.170000000000000000e+02 6.330000000000000000e+02
5.580000000000000000e+02 6.050000000000000000e+02
6.000000000000000000e+02 6.050000000000000000e+02
6.340000000000000000e+02 6.270000000000000000e+02
6.020000000000000000e+02 6.440000000000000000e+02
5.590000000000000000e+02 6.440000000000000000e+02
3.290000000000000000e+02 9.230000000000000000e+02
3.770000000000000000e+02 9.040000000000000000e+02
4.150000000000000000e+02 8.930000000000000000e+02
4.410000000000000000e+02 9.000000000000000000e+02
4.690000000000000000e+02 8.930000000000000000e+02
5.070000000000000000e+02 9.050000000000000000e+02
5.530000000000000000e+02 9.250000000000000000e+02
5.060000000000000000e+02 9.360000000000000000e+02
4.690000000000000000e+02 9.400000000000000000e+02
4.400000000000000000e+02 9.410000000000000000e+02
4.120000000000000000e+02 9.400000000000000000e+02
3.760000000000000000e+02 9.360000000000000000e+02
3.460000000000000000e+02 9.210000000000000000e+02
4.140000000000000000e+02 9.140000000000000000e+02
4.420000000000000000e+02 9.170000000000000000e+02
4.690000000000000000e+02 9.140000000000000000e+02
5.350000000000000000e+02 9.220000000000000000e+02
4.690000000000000000e+02 9.100000000000000000e+02
4.410000000000000000e+02 9.130000000000000000e+02
4.130000000000000000e+02 9.100000000000000000e+02
