1.490000000000000000e+02 6.380000000000000000e+02
1.530000000000000000e+02 7.200000000000000000e+02
1.650000000000000000e+02 7.970000000000000000e+02
1.810000000000000000e+02 8.730000000000000000e+02
2.050000000000000000e+02 9.460000000000000000e+02
2.450000000000000000e+02 1.012000000000000000e+03
3.010000000000000000e+02 1.066000000000000000e+03
3.680000000000000000e+02 1.103000000000000000e+03
4.410000000000000000e+02 1.113000000000000000e+03
5.130000000000000000e+02 1.100000000000000000e+03
5.790000000000000000e+02 1.060000000000000000e+03
6.320000000000000000e+02 1.007000000000000000e+03
6.690000000000000000e+02 9.420000000000000000e+02
6.910000000000000000e+02 8.690000000000000000e+02
7.060000000000000000e+02 7.960000000000000000e+02
7.210000000000000000e+02 7.200000000000000000e+02
7.240000000000000000e+02 6.430000000000000000e+02
2.020000000000000000e+02 5.710000000000000000e+02
2.370000000000000000e+02 5.310000000000000000e+02
2.880000000000000000e+02 5.130000000000000000e+02
3.430000000000000000e+02 5.140000000000000000e+02
3.940000000000000000e+02 5.310000000000000000e+02
4.890000000000000000e+02 5.280000000000000000e+02
5.420000000000000000e+02 5.120000000000000000e+02
5.970000000000000000e+02 5.120000000000000000e+02
6.470000000000000000e+02 5.350000000000000000e+02
6.780000000000000000e+02 5.800000000000000000e+02
4.440000000000000000e+02 6.140000000000000000e+02
4.440000000000000000e+02 6.650000000000000000e+02
4.430000000000000000e+02 7.170000000000000000e+02
4.430000000000000000e+02 7.700000000000000000e+02
3.870000000000000000e+02 8.150000000000000000e+02
4.140000000000000000e+02 8.240000000000000000e+02
4.420000000000000000e+02 8.300000000000000000e+02
4.700000000000000000e+02 8.250000000000000000e+02
4.950000000000000000e+02 8.190000000000000000e+02
2.590000000000000000e+02 6.290000000000000000e+02
2.910000000000000000e+02 6.090000000000000000e+02
3.290000000000000000e+02 6.110000000000000000e+02
3.610000000000000000e+02 6.360000000000000000e+02
3.270000000000000000e+02 6.430000000000000000e+02
2.890000000000000000e+02 6.420000000000000000e+02
5.180000000000000000e+02 6.370000000000000000e+02
5.510000000000000000e+02 6.110000000000000000e+02
5.900000000000000000e+02 6.120000000000000000e+02
6.210000000000000000e+02 6.340000000000000000e+02
5.920000000000000000e+02 6.460000000000000000e+02
5.530000000000000000e+02 6.460000000000000000e+02
3.410000000000000000e+02 9.260000000000000000e+02
3.780000000000000000e+02 9.030000000000000000e+02
4.150000000000000000e+02 8.910000000000000000e+02
4.410000000000000000e+02 9.010000000000000000e+02
4.680000000000000000e+02 8.940000000000000000e+02
5.040000000000000000e+02 9.100000000000000000e+02
5.410000000000000000e+02 9.330000000000000000e+02
5.030000000000000000e+02 9.660000000000000000e+02
4.680000000000000000e+02 9.800000000000000000e+02
4.380000000000000000e+02 9.830000000000000000e+02
4.090000000000000000e+02 9.780000000000000000e+02
3.740000000000000000e+02 9.620000000000000000e+02
3.570000000000000000e+02 9.260000000000000000e+02
4.140000000000000000e+02 9.280000000000000000e+02
4.410000000000000000e+02 9.310000000000000000e+02
4.680000000000000000e+02 9.300000000000000000e+02
5.230000000000000000e+02 9.330000000000000000e+02
4.670000000000000000e+02 9.290000000000000000e+02
4.390000000000000000e+02 9.310000000000000000e+02
4.110000000000000000e+02 9.270000000000000000e+02
