1.620000000000000000e+02 6.280000000000000000e+02
1.660000000000000000e+02 7.070000000000000000e+02
1.810000000000000000e+02 7.840000000000000000e+02
1.970000000000000000e+02 8.590000000000000000e+02
2.210000000000000000e+02 9.290000000000000000e+02
2.600000000000000000e+02 9.900000000000000000e+02
3.120000000000000000e+02 1.038000000000000000e+03
3.720000000000000000e+02 1.076000000000000000e+03
4.390000000000000000e+02 1.090000000000000000e+03
5.060000000000000000e+02 1.077000000000000000e+03
5.640000000000000000e+02 1.039000000000000000e+03
6.200000000000000000e+02 9.890000000000000000e+02
6.620000000000000000e+02 9.290000000000000000e+02
6.870000000000000000e+02 8.600000000000000000e+02
7.050000000000000000e+02 7.860000000000000000e+02
7.220000000000000000e+02 7.130000000000000000e+02
7.270000000000000000e+02 6.340000000000000000e+02
1.860000000000000000e+02 5.690000000000000000e+02
2.210000000000000000e+02 5.280000000000000000e+02
2.780000000000000000e+02 5.110000000000000000e+02
3.360000000000000000e+02 5.240000000000000000e+02
3.860000000000000000e+02 5.540000000000000000e+02
5.020000000000000000e+02 5.470000000000000000e+02
5.510000000000000000e+02 5.170000000000000000e+02
6.070000000000000000e+02 5.070000000000000000e+02
6.610000000000000000e+02 5.240000000000000000e+02
6.960000000000000000e+02 5.650000000000000000e+02
4.420000000000000000e+02 6.170000000000000000e+02
4.410000000000000000e+02 6.770000000000000000e+02
4.410000000000000000e+02 7.360000000000000000e+02
4.400000000000000000e+02 7.960000000000000000e+02
3.830000000000000000e+02 8.270000000000000000e+02
4.090000000000000000e+02 8.410000000000000000e+02
4.380000000000000000e+02 8.520000000000000000e+02
4.700000000000000000e+02 8.420000000000000000e+02
4.980000000000000000e+02 8.280000000000000000e+02
2.410000000000000000e+02 6.310000000000000000e+02
2.750000000000000000e+02 5.990000000000000000e+02
3.230000000000000000e+02 6.000000000000000000e+02
3.650000000000000000e+02 6.380000000000000000e+02
3.210000000000000000e+02 6.470000000000000000e+02
2.720000000000000000e+02 6.480000000000000000e+02
5.200000000000000000e+02 6.390000000000000000e+02
5.610000000000000000e+02 6.000000000000000000e+02
6.080000000000000000e+02 5.990000000000000000e+02
6.420000000000000000e+02 6.300000000000000000e+02
6.110000000000000000e+02 6.480000000000000000e+02
5.630000000000000000e+02 6.470000000000000000e+02
3.350000000000000000e+02 9.210000000000000000e+02
3.820000000000000000e+02 9.170000000000000000e+02
4.180000000000000000e+02 9.120000000000000000e+02
4.400000000000000000e+02 9.210000000000000000e+02
4.630000000000000000e+02 9.150000000000000000e+02
5.010000000000000000e+02 9.230000000000000000e+02
5.470000000000000000e+02 9.280000000000000000e+02
4.990000000000000000e+02 9.600000000000000000e+02
4.620000000000000000e+02 9.720000000000000000e+02
4.380000000000000000e+02 9.730000000000000000e+02
4.130000000000000000e+02 9.700000000000000000e+02
3.790000000000000000e+02 9.550000000000000000e+02
3.540000000000000000e+02 9.260000000000000000e+02
4.170000000000000000e+02 9.320000000000000000e+02
4.390000000000000000e+02 9.370000000000000000e+02
4.620000000000000000e+02 9.350000000000000000e+02
5.290000000000000000e+02 9.310000000000000000e+02
4.620000000000000000e+02 9.360000000000000000e+02
4.390000000000000000e+02 9.380000000000000000e+02
4.160000000000000000e+02 9.330000000000000000e+02
