1.210000000000000000e+02 6.410000000000000000e+02
1.260000000000000000e+02 7.200000000000000000e+02
1.370000000000000000e+02 7.990000000000000000e+02
1.510000000000000000e+02 8.770000000000000000e+02
1.790000000000000000e+02 9.460000000000000000e+02
2.290000000000000000e+02 1.005000000000000000e+03
2.950000000000000000e+02 1.051000000000000000e+03
3.630000000000000000e+02 1.091000000000000000e+03
4.390000000000000000e+02 1.103000000000000000e+03
5.160000000000000000e+02 1.090000000000000000e+03
5.860000000000000000e+02 1.050000000000000000e+03
6.510000000000000000e+02 1.003000000000000000e+03
6.990000000000000000e+02 9.460000000000000000e+02
7.240000000000000000e+02 8.770000000000000000e+02
7.390000000000000000e+02 8.010000000000000000e+02
7.500000000000000000e+02 7.240000000000000000e+02
7.550000000000000000e+02 6.450000000000000000e+02
1.910000000000000000e+02 5.710000000000000000e+02
2.330000000000000000e+02 5.410000000000000000e+02
2.870000000000000000e+02 5.300000000000000000e+02
3.430000000000000000e+02 5.360000000000000000e+02
3.980000000000000000e+02 5.560000000000000000e+02
4.830000000000000000e+02 5.600000000000000000e+02
5.370000000000000000e+02 5.400000000000000000e+02
5.930000000000000000e+02 5.350000000000000000e+02
6.470000000000000000e+02 5.490000000000000000e+02
6.890000000000000000e+02 5.830000000000000000e+02
4.400000000000000000e+02 6.180000000000000000e+02
4.400000000000000000e+02 6.650000000000000000e+02
4.420000000000000000e+02 7.130000000000000000e+02
4.420000000000000000e+02 7.620000000000000000e+02
3.870000000000000000e+02 8.120000000000000000e+02
4.130000000000000000e+02 8.200000000000000000e+02
4.410000000000000000e+02 8.270000000000000000e+02
4.690000000000000000e+02 8.210000000000000000e+02
4.960000000000000000e+02 8.120000000000000000e+02
2.560000000000000000e+02 6.300000000000000000e+02
2.900000000000000000e+02 6.080000000000000000e+02
3.310000000000000000e+02 6.080000000000000000e+02
3.640000000000000000e+02 6.410000000000000000e+02
3.280000000000000000e+02 6.490000000000000000e+02
2.850000000000000000e+02 6.490000000000000000e+02
5.140000000000000000e+02 6.440000000000000000e+02
5.490000000000000000e+02 6.130000000000000000e+02
5.900000000000000000e+02 6.130000000000000000e+02
6.240000000000000000e+02 6.360000000000000000e+02
5.930000000000000000e+02 6.530000000000000000e+02
5.510000000000000000e+02 6.530000000000000000e+02
3.140000000000000000e+02 9.040000000000000000e+02
3.650000000000000000e+02 9.050000000000000000e+02
4.100000000000000000e+02 8.970000000000000000e+02
4.410000000000000000e+02 9.070000000000000000e+02
4.700000000000000000e+02 8.970000000000000000e+02
5.150000000000000000e+02 9.060000000000000000e+02
5.660000000000000000e+02 9.070000000000000000e+02
5.160000000000000000e+02 9.450000000000000000e+02
4.720000000000000000e+02 9.640000000000000000e+02
4.400000000000000000e+02 9.660000000000000000e+02
4.070000000000000000e+02 9.620000000000000000e+02
3.630000000000000000e+02 9.420000000000000000e+02
3.310000000000000000e+02 9.110000000000000000e+02
4.090000000000000000e+02 9.230000000000000000e+02
4.400000000000000000e+02 9.280000000000000000e+02
4.710000000000000000e+02 9.240000000000000000e+02
5.510000000000000000e+02 9.110000000000000000e+02
4.710000000000000000e+02 9.280000000000000000e+02
4.410000000000000000e+02 9.310000000000000000e+02
4.090000000000000000e+02 9.260000000000000000e+02
