1.210000000000000000e+02 6.130000000000000000e+02
1.320000000000000000e+02 6.960000000000000000e+02
1.470000000000000000e+02 7.760000000000000000e+02
1.640000000000000000e+02 8.560000000000000000e+02
1.920000000000000000e+02 9.310000000000000000e+02
2.400000000000000000e+02 9.950000000000000000e+02
2.990000000000000000e+02 1.052000000000000000e+03
3.670000000000000000e+02 1.101000000000000000e+03
4.410000000000000000e+02 1.116000000000000000e+03
5.170000000000000000e+02 1.098000000000000000e+03
5.840000000000000000e+02 1.048000000000000000e+03
6.410000000000000000e+02 9.900000000000000000e+02
6.850000000000000000e+02 9.230000000000000000e+02
7.120000000000000000e+02 8.500000000000000000e+02
7.270000000000000000e+02 7.710000000000000000e+02
7.390000000000000000e+02 6.940000000000000000e+02
7.480000000000000000e+02 6.130000000000000000e+02
1.740000000000000000e+02 5.670000000000000000e+02
2.180000000000000000e+02 5.280000000000000000e+02
2.820000000000000000e+02 5.210000000000000000e+02
3.440000000000000000e+02 5.380000000000000000e+02
4.020000000000000000e+02 5.650000000000000000e+02
4.730000000000000000e+02 5.620000000000000000e+02
5.350000000000000000e+02 5.360000000000000000e+02
5.980000000000000000e+02 5.210000000000000000e+02
6.630000000000000000e+02 5.310000000000000000e+02
7.040000000000000000e+02 5.760000000000000000e+02
4.430000000000000000e+02 6.230000000000000000e+02
4.450000000000000000e+02 6.750000000000000000e+02
4.470000000000000000e+02 7.260000000000000000e+02
4.490000000000000000e+02 7.790000000000000000e+02
3.860000000000000000e+02 8.200000000000000000e+02
4.140000000000000000e+02 8.290000000000000000e+02
4.440000000000000000e+02 8.360000000000000000e+02
4.730000000000000000e+02 8.300000000000000000e+02
5.000000000000000000e+02 8.220000000000000000e+02
2.450000000000000000e+02 6.360000000000000000e+02
2.820000000000000000e+02 6.210000000000000000e+02
3.250000000000000000e+02 6.210000000000000000e+02
3.610000000000000000e+02 6.450000000000000000e+02
3.230000000000000000e+02 6.570000000000000000e+02
2.780000000000000000e+02 6.570000000000000000e+02
5.190000000000000000e+02 6.470000000000000000e+02
5.570000000000000000e+02 6.260000000000000000e+02
5.980000000000000000e+02 6.260000000000000000e+02
6.320000000000000000e+02 6.420000000000000000e+02
6.010000000000000000e+02 6.600000000000000000e+02
5.580000000000000000e+02 6.600000000000000000e+02
3.300000000000000000e+02 9.270000000000000000e+02
3.750000000000000000e+02 9.080000000000000000e+02
4.140000000000000000e+02 8.970000000000000000e+02
4.430000000000000000e+02 9.080000000000000000e+02
4.730000000000000000e+02 8.980000000000000000e+02
5.080000000000000000e+02 9.100000000000000000e+02
5.470000000000000000e+02 9.270000000000000000e+02
5.080000000000000000e+02 9.550000000000000000e+02
4.730000000000000000e+02 9.700000000000000000e+02
4.410000000000000000e+02 9.730000000000000000e+02
4.100000000000000000e+02 9.690000000000000000e+02
3.720000000000000000e+02 9.520000000000000000e+02
3.490000000000000000e+02 9.270000000000000000e+02
4.120000000000000000e+02 9.240000000000000000e+02
4.430000000000000000e+02 9.290000000000000000e+02
4.730000000000000000e+02 9.250000000000000000e+02
5.290000000000000000e+02 9.270000000000000000e+02
4.720000000000000000e+02 9.250000000000000000e+02
4.420000000000000000e+02 9.290000000000000000e+02
4.120000000000000000e+02 9.240000000000000000e+02
