1.370000000000000000e+02 6.200000000000000000e+02
1.470000000000000000e+02 7.040000000000000000e+02
1.690000000000000000e+02 7.820000000000000000e+02
1.900000000000000000e+02 8.580000000000000000e+02
2.120000000000000000e+02 9.340000000000000000e+02
2.490000000000000000e+02 1.002000000000000000e+03
3.080000000000000000e+02 1.056000000000000000e+03
3.780000000000000000e+02 1.091000000000000000e+03
4.540000000000000000e+02 1.099000000000000000e+03
5.280000000000000000e+02 1.085000000000000000e+03
5.970000000000000000e+02 1.049000000000000000e+03
6.490000000000000000e+02 9.930000000000000000e+02
6.790000000000000000e+02 9.250000000000000000e+02
6.950000000000000000e+02 8.510000000000000000e+02
7.110000000000000000e+02 7.780000000000000000e+02
7.270000000000000000e+02 7.040000000000000000e+02
7.350000000000000000e+02 6.260000000000000000e+02
1.780000000000000000e+02 5.640000000000000000e+02
2.180000000000000000e+02 5.270000000000000000e+02
2.760000000000000000e+02 5.160000000000000000e+02
3.330000000000000000e+02 5.240000000000000000e+02
3.880000000000000000e+02 5.460000000000000000e+02
4.910000000000000000e+02 5.470000000000000000e+02
5.460000000000000000e+02 5.260000000000000000e+02
6.040000000000000000e+02 5.180000000000000000e+02
6.600000000000000000e+02 5.300000000000000000e+02
6.980000000000000000e+02 5.680000000000000000e+02
4.400000000000000000e+02 6.200000000000000000e+02
4.400000000000000000e+02 6.740000000000000000e+02
4.410000000000000000e+02 7.290000000000000000e+02
4.410000000000000000e+02 7.840000000000000000e+02
3.910000000000000000e+02 8.240000000000000000e+02
4.160000000000000000e+02 8.330000000000000000e+02
4.420000000000000000e+02 8.400000000000000000e+02
4.680000000000000000e+02 8.330000000000000000e+02
4.920000000000000000e+02 8.250000000000000000e+02
2.400000000000000000e+02 6.360000000000000000e+02
2.730000000000000000e+02 6.120000000000000000e+02
3.190000000000000000e+02 6.120000000000000000e+02
3.580000000000000000e+02 6.440000000000000000e+02
3.170000000000000000e+02 6.580000000000000000e+02
2.700000000000000000e+02 6.590000000000000000e+02
5.220000000000000000e+02 6.440000000000000000e+02
5.610000000000000000e+02 6.110000000000000000e+02
6.060000000000000000e+02 6.100000000000000000e+02
6.390000000000000000e+02 6.360000000000000000e+02
6.100000000000000000e+02 6.590000000000000000e+02
5.630000000000000000e+02 6.580000000000000000e+02
3.310000000000000000e+02 9.220000000000000000e+02
3.720000000000000000e+02 9.050000000000000000e+02
4.110000000000000000e+02 8.930000000000000000e+02
4.400000000000000000e+02 9.010000000000000000e+02
4.690000000000000000e+02 8.950000000000000000e+02
5.080000000000000000e+02 9.080000000000000000e+02
5.530000000000000000e+02 9.250000000000000000e+02
5.100000000000000000e+02 9.570000000000000000e+02
4.720000000000000000e+02 9.700000000000000000e+02
4.410000000000000000e+02 9.740000000000000000e+02
4.090000000000000000e+02 9.700000000000000000e+02
3.720000000000000000e+02 9.560000000000000000e+02
3.510000000000000000e+02 9.250000000000000000e+02
4.100000000000000000e+02 9.270000000000000000e+02
4.400000000000000000e+02 9.290000000000000000e+02
4.700000000000000000e+02 9.290000000000000000e+02
5.320000000000000000e+02 9.280000000000000000e+02
4.700000000000000000e+02 9.290000000000000000e+02
4.400000000000000000e+02 9.320000000000000000e+02
4.100000000000000000e+02 9.290000000000000000e+02
