1.560000000000000000e+02 6.160000000000000000e+02
1.660000000000000000e+02 6.990000000000000000e+02
1.800000000000000000e+02 7.790000000000000000e+02
1.890000000000000000e+02 8.590000000000000000e+02
2.050000000000000000e+02 9.380000000000000000e+02
2.420000000000000000e+02 1.005000000000000000e+03
2.970000000000000000e+02 1.061000000000000000e+03
3.590000000000000000e+02 1.106000000000000000e+03
4.340000000000000000e+02 1.121000000000000000e+03
5.120000000000000000e+02 1.111000000000000000e+03
5.810000000000000000e+02 1.067000000000000000e+03
6.430000000000000000e+02 1.014000000000000000e+03
6.900000000000000000e+02 9.470000000000000000e+02
7.160000000000000000e+02 8.700000000000000000e+02
7.310000000000000000e+02 7.890000000000000000e+02
7.460000000000000000e+02 7.070000000000000000e+02
7.560000000000000000e+02 6.230000000000000000e+02
1.780000000000000000e+02 5.890000000000000000e+02
2.140000000000000000e+02 5.470000000000000000e+02
2.740000000000000000e+02 5.350000000000000000e+02
3.350000000000000000e+02 5.410000000000000000e+02
3.970000000000000000e+02 5.600000000000000000e+02
4.700000000000000000e+02 5.540000000000000000e+02
5.330000000000000000e+02 5.330000000000000000e+02
5.960000000000000000e+02 5.280000000000000000e+02
6.590000000000000000e+02 5.420000000000000000e+02
7.000000000000000000e+02 5.860000000000000000e+02
4.390000000000000000e+02 6.140000000000000000e+02
4.400000000000000000e+02 6.610000000000000000e+02
4.410000000000000000e+02 7.080000000000000000e+02
4.410000000000000000e+02 7.580000000000000000e+02
3.810000000000000000e+02 8.100000000000000000e+02
4.100000000000000000e+02 8.180000000000000000e+02
4.410000000000000000e+02 8.270000000000000000e+02
4.710000000000000000e+02 8.200000000000000000e+02
4.990000000000000000e+02 8.110000000000000000e+02
2.560000000000000000e+02 6.300000000000000000e+02
2.870000000000000000e+02 6.150000000000000000e+02
3.240000000000000000e+02 6.140000000000000000e+02
3.590000000000000000e+02 6.320000000000000000e+02
3.240000000000000000e+02 6.420000000000000000e+02
2.860000000000000000e+02 6.440000000000000000e+02
5.200000000000000000e+02 6.320000000000000000e+02
5.540000000000000000e+02 6.140000000000000000e+02
5.930000000000000000e+02 6.160000000000000000e+02
6.240000000000000000e+02 6.310000000000000000e+02
5.940000000000000000e+02 6.450000000000000000e+02
5.550000000000000000e+02 6.430000000000000000e+02
3.330000000000000000e+02 9.200000000000000000e+02
3.710000000000000000e+02 9.060000000000000000e+02
4.110000000000000000e+02 8.950000000000000000e+02
4.410000000000000000e+02 9.060000000000000000e+02
4.710000000000000000e+02 8.960000000000000000e+02
5.110000000000000000e+02 9.070000000000000000e+02
5.490000000000000000e+02 9.220000000000000000e+02
5.120000000000000000e+02 9.550000000000000000e+02
4.730000000000000000e+02 9.710000000000000000e+02
4.410000000000000000e+02 9.750000000000000000e+02
4.080000000000000000e+02 9.710000000000000000e+02
3.690000000000000000e+02 9.550000000000000000e+02
3.540000000000000000e+02 9.230000000000000000e+02
4.100000000000000000e+02 9.240000000000000000e+02
4.410000000000000000e+02 9.280000000000000000e+02
4.710000000000000000e+02 9.240000000000000000e+02
5.300000000000000000e+02 9.260000000000000000e+02
4.710000000000000000e+02 9.280000000000000000e+02
4.400000000000000000e+02 9.320000000000000000e+02
4.100000000000000000e+02 9.270000000000000000e+02
