1.400000000000000000e+02 6.260000000000000000e+02
1.490000000000000000e+02 7.080000000000000000e+02
1.680000000000000000e+02 7.850000000000000000e+02
1.830000000000000000e+02 8.640000000000000000e+02
2.080000000000000000e+02 9.380000000000000000e+02
2.490000000000000000e+02 1.002000000000000000e+03
3.030000000000000000e+02 1.058000000000000000e+03
3.720000000000000000e+02 1.100000000000000000e+03
4.430000000000000000e+02 1.111000000000000000e+03
5.140000000000000000e+02 1.095000000000000000e+03
5.810000000000000000e+02 1.050000000000000000e+03
6.390000000000000000e+02 9.950000000000000000e+02
6.790000000000000000e+02 9.300000000000000000e+02
7.010000000000000000e+02 8.550000000000000000e+02
7.140000000000000000e+02 7.790000000000000000e+02
7.330000000000000000e+02 7.030000000000000000e+02
7.420000000000000000e+02 6.220000000000000000e+02
1.850000000000000000e+02 5.680000000000000000e+02
2.230000000000000000e+02 5.340000000000000000e+02
2.760000000000000000e+02 5.200000000000000000e+02
3.310000000000000000e+02 5.260000000000000000e+02
3.830000000000000000e+02 5.470000000000000000e+02
5.020000000000000000e+02 5.530000000000000000e+02
5.520000000000000000e+02 5.310000000000000000e+02
6.060000000000000000e+02 5.200000000000000000e+02
6.610000000000000000e+02 5.310000000000000000e+02
6.980000000000000000e+02 5.680000000000000000e+02
4.400000000000000000e+02 6.230000000000000000e+02
4.390000000000000000e+02 6.770000000000000000e+02
4.380000000000000000e+02 7.310000000000000000e+02
4.380000000000000000e+02 7.850000000000000000e+02
3.870000000000000000e+02 8.210000000000000000e+02
4.110000000000000000e+02 8.310000000000000000e+02
4.370000000000000000e+02 8.390000000000000000e+02
4.640000000000000000e+02 8.300000000000000000e+02
4.900000000000000000e+02 8.190000000000000000e+02
2.450000000000000000e+02 6.340000000000000000e+02
2.790000000000000000e+02 6.130000000000000000e+02
3.210000000000000000e+02 6.130000000000000000e+02
3.590000000000000000e+02 6.410000000000000000e+02
3.190000000000000000e+02 6.550000000000000000e+02
2.760000000000000000e+02 6.550000000000000000e+02
5.230000000000000000e+02 6.410000000000000000e+02
5.590000000000000000e+02 6.150000000000000000e+02
6.020000000000000000e+02 6.140000000000000000e+02
6.350000000000000000e+02 6.360000000000000000e+02
6.050000000000000000e+02 6.560000000000000000e+02
5.610000000000000000e+02 6.550000000000000000e+02
3.340000000000000000e+02 9.270000000000000000e+02
3.720000000000000000e+02 9.070000000000000000e+02
4.090000000000000000e+02 8.940000000000000000e+02
4.400000000000000000e+02 9.030000000000000000e+02
4.720000000000000000e+02 8.940000000000000000e+02
5.090000000000000000e+02 9.040000000000000000e+02
5.490000000000000000e+02 9.230000000000000000e+02
5.120000000000000000e+02 9.580000000000000000e+02
4.740000000000000000e+02 9.720000000000000000e+02
4.400000000000000000e+02 9.760000000000000000e+02
4.070000000000000000e+02 9.730000000000000000e+02
3.690000000000000000e+02 9.590000000000000000e+02
3.540000000000000000e+02 9.280000000000000000e+02
4.080000000000000000e+02 9.250000000000000000e+02
4.400000000000000000e+02 9.280000000000000000e+02
4.720000000000000000e+02 9.250000000000000000e+02
5.300000000000000000e+02 9.250000000000000000e+02
4.730000000000000000e+02 9.270000000000000000e+02
4.410000000000000000e+02 9.310000000000000000e+02
4.090000000000000000e+02 9.280000000000000000e+02
