1.600000000000000000e+02 6.240000000000000000e+02
1.610000000000000000e+02 7.030000000000000000e+02
1.680000000000000000e+02 7.820000000000000000e+02
1.830000000000000000e+02 8.600000000000000000e+02
2.080000000000000000e+02 9.380000000000000000e+02
2.460000000000000000e+02 1.008000000000000000e+03
2.990000000000000000e+02 1.066000000000000000e+03
3.660000000000000000e+02 1.111000000000000000e+03
4.450000000000000000e+02 1.125000000000000000e+03
5.210000000000000000e+02 1.115000000000000000e+03
5.820000000000000000e+02 1.072000000000000000e+03
6.320000000000000000e+02 1.011000000000000000e+03
6.660000000000000000e+02 9.370000000000000000e+02
6.890000000000000000e+02 8.560000000000000000e+02
7.030000000000000000e+02 7.740000000000000000e+02
7.110000000000000000e+02 6.930000000000000000e+02
7.100000000000000000e+02 6.130000000000000000e+02
1.980000000000000000e+02 5.940000000000000000e+02
2.300000000000000000e+02 5.480000000000000000e+02
2.880000000000000000e+02 5.330000000000000000e+02
3.460000000000000000e+02 5.420000000000000000e+02
4.020000000000000000e+02 5.610000000000000000e+02
4.740000000000000000e+02 5.560000000000000000e+02
5.330000000000000000e+02 5.350000000000000000e+02
5.930000000000000000e+02 5.270000000000000000e+02
6.490000000000000000e+02 5.440000000000000000e+02
6.780000000000000000e+02 5.930000000000000000e+02
4.400000000000000000e+02 6.140000000000000000e+02
4.420000000000000000e+02 6.700000000000000000e+02
4.430000000000000000e+02 7.250000000000000000e+02
4.440000000000000000e+02 7.820000000000000000e+02
3.890000000000000000e+02 8.170000000000000000e+02
4.160000000000000000e+02 8.270000000000000000e+02
4.440000000000000000e+02 8.340000000000000000e+02
4.740000000000000000e+02 8.260000000000000000e+02
4.990000000000000000e+02 8.160000000000000000e+02
2.700000000000000000e+02 6.260000000000000000e+02
2.990000000000000000e+02 6.050000000000000000e+02
3.380000000000000000e+02 6.040000000000000000e+02
3.710000000000000000e+02 6.300000000000000000e+02
3.380000000000000000e+02 6.400000000000000000e+02
2.990000000000000000e+02 6.410000000000000000e+02
5.150000000000000000e+02 6.240000000000000000e+02
5.480000000000000000e+02 5.980000000000000000e+02
5.860000000000000000e+02 5.980000000000000000e+02
6.140000000000000000e+02 6.180000000000000000e+02
5.890000000000000000e+02 6.350000000000000000e+02
5.500000000000000000e+02 6.350000000000000000e+02
3.530000000000000000e+02 9.280000000000000000e+02
3.890000000000000000e+02 9.210000000000000000e+02
4.210000000000000000e+02 9.160000000000000000e+02
4.460000000000000000e+02 9.230000000000000000e+02
4.720000000000000000e+02 9.150000000000000000e+02
5.030000000000000000e+02 9.220000000000000000e+02
5.400000000000000000e+02 9.330000000000000000e+02
5.040000000000000000e+02 9.530000000000000000e+02
4.740000000000000000e+02 9.580000000000000000e+02
4.460000000000000000e+02 9.600000000000000000e+02
4.190000000000000000e+02 9.580000000000000000e+02
3.870000000000000000e+02 9.510000000000000000e+02
3.680000000000000000e+02 9.280000000000000000e+02
4.210000000000000000e+02 9.290000000000000000e+02
4.460000000000000000e+02 9.330000000000000000e+02
4.730000000000000000e+02 9.280000000000000000e+02
5.240000000000000000e+02 9.310000000000000000e+02
4.730000000000000000e+02 9.260000000000000000e+02
4.450000000000000000e+02 9.290000000000000000e+02
4.200000000000000000e+02 9.250000000000000000e+02
