1.480000000000000000e+02 6.360000000000000000e+02
1.580000000000000000e+02 7.130000000000000000e+02
1.730000000000000000e+02 7.870000000000000000e+02
1.960000000000000000e+02 8.600000000000000000e+02
2.260000000000000000e+02 9.270000000000000000e+02
2.630000000000000000e+02 9.900000000000000000e+02
3.120000000000000000e+02 1.044000000000000000e+03
3.720000000000000000e+02 1.086000000000000000e+03
4.330000000000000000e+02 1.098000000000000000e+03
4.940000000000000000e+02 1.085000000000000000e+03
5.530000000000000000e+02 1.045000000000000000e+03
6.030000000000000000e+02 9.930000000000000000e+02
6.440000000000000000e+02 9.290000000000000000e+02
6.720000000000000000e+02 8.580000000000000000e+02
6.950000000000000000e+02 7.850000000000000000e+02
7.120000000000000000e+02 7.120000000000000000e+02
7.190000000000000000e+02 6.360000000000000000e+02
1.690000000000000000e+02 5.690000000000000000e+02
2.050000000000000000e+02 5.300000000000000000e+02
2.610000000000000000e+02 5.150000000000000000e+02
3.210000000000000000e+02 5.210000000000000000e+02
3.770000000000000000e+02 5.440000000000000000e+02
5.120000000000000000e+02 5.370000000000000000e+02
5.620000000000000000e+02 5.050000000000000000e+02
6.170000000000000000e+02 4.930000000000000000e+02
6.700000000000000000e+02 5.070000000000000000e+02
7.040000000000000000e+02 5.480000000000000000e+02
4.460000000000000000e+02 6.210000000000000000e+02
4.480000000000000000e+02 6.840000000000000000e+02
4.500000000000000000e+02 7.460000000000000000e+02
4.510000000000000000e+02 8.070000000000000000e+02
3.910000000000000000e+02 8.330000000000000000e+02
4.180000000000000000e+02 8.450000000000000000e+02
4.470000000000000000e+02 8.540000000000000000e+02
4.750000000000000000e+02 8.460000000000000000e+02
4.990000000000000000e+02 8.350000000000000000e+02
2.360000000000000000e+02 6.390000000000000000e+02
2.740000000000000000e+02 6.140000000000000000e+02
3.210000000000000000e+02 6.130000000000000000e+02
3.610000000000000000e+02 6.450000000000000000e+02
3.190000000000000000e+02 6.560000000000000000e+02
2.710000000000000000e+02 6.590000000000000000e+02
5.190000000000000000e+02 6.420000000000000000e+02
5.600000000000000000e+02 6.060000000000000000e+02
6.070000000000000000e+02 6.040000000000000000e+02
6.410000000000000000e+02 6.300000000000000000e+02
6.100000000000000000e+02 6.510000000000000000e+02
5.630000000000000000e+02 6.520000000000000000e+02
3.380000000000000000e+02 9.320000000000000000e+02
3.830000000000000000e+02 9.200000000000000000e+02
4.180000000000000000e+02 9.100000000000000000e+02
4.420000000000000000e+02 9.180000000000000000e+02
4.660000000000000000e+02 9.110000000000000000e+02
4.970000000000000000e+02 9.200000000000000000e+02
5.340000000000000000e+02 9.340000000000000000e+02
4.960000000000000000e+02 9.580000000000000000e+02
4.650000000000000000e+02 9.710000000000000000e+02
4.390000000000000000e+02 9.740000000000000000e+02
4.130000000000000000e+02 9.720000000000000000e+02
3.790000000000000000e+02 9.600000000000000000e+02
3.560000000000000000e+02 9.320000000000000000e+02
4.170000000000000000e+02 9.320000000000000000e+02
4.420000000000000000e+02 9.360000000000000000e+02
4.660000000000000000e+02 9.340000000000000000e+02
5.160000000000000000e+02 9.360000000000000000e+02
4.650000000000000000e+02 9.310000000000000000e+02
4.410000000000000000e+02 9.340000000000000000e+02
4.160000000000000000e+02 9.310000000000000000e+02
