1.430000000000000000e+02 6.070000000000000000e+02
1.470000000000000000e+02 6.880000000000000000e+02
1.630000000000000000e+02 7.680000000000000000e+02
1.780000000000000000e+02 8.510000000000000000e+02
2.000000000000000000e+02 9.330000000000000000e+02
2.460000000000000000e+02 1.005000000000000000e+03
3.020000000000000000e+02 1.066000000000000000e+03
3.640000000000000000e+02 1.119000000000000000e+03
4.400000000000000000e+02 1.132000000000000000e+03
5.190000000000000000e+02 1.118000000000000000e+03
5.850000000000000000e+02 1.067000000000000000e+03
6.490000000000000000e+02 1.013000000000000000e+03
6.990000000000000000e+02 9.460000000000000000e+02
7.220000000000000000e+02 8.660000000000000000e+02
7.360000000000000000e+02 7.810000000000000000e+02
7.490000000000000000e+02 6.970000000000000000e+02
7.540000000000000000e+02 6.150000000000000000e+02
1.830000000000000000e+02 5.770000000000000000e+02
2.190000000000000000e+02 5.380000000000000000e+02
2.750000000000000000e+02 5.310000000000000000e+02
3.300000000000000000e+02 5.470000000000000000e+02
3.850000000000000000e+02 5.710000000000000000e+02
4.890000000000000000e+02 5.700000000000000000e+02
5.440000000000000000e+02 5.480000000000000000e+02
5.990000000000000000e+02 5.360000000000000000e+02
6.540000000000000000e+02 5.440000000000000000e+02
6.920000000000000000e+02 5.800000000000000000e+02
4.360000000000000000e+02 6.190000000000000000e+02
4.360000000000000000e+02 6.720000000000000000e+02
4.350000000000000000e+02 7.230000000000000000e+02
4.340000000000000000e+02 7.770000000000000000e+02
3.760000000000000000e+02 8.130000000000000000e+02
4.040000000000000000e+02 8.230000000000000000e+02
4.350000000000000000e+02 8.310000000000000000e+02
4.670000000000000000e+02 8.240000000000000000e+02
4.970000000000000000e+02 8.140000000000000000e+02
2.540000000000000000e+02 6.220000000000000000e+02
2.850000000000000000e+02 6.060000000000000000e+02
3.240000000000000000e+02 6.060000000000000000e+02
3.560000000000000000e+02 6.300000000000000000e+02
3.210000000000000000e+02 6.410000000000000000e+02
2.820000000000000000e+02 6.410000000000000000e+02
5.220000000000000000e+02 6.330000000000000000e+02
5.530000000000000000e+02 6.120000000000000000e+02
5.920000000000000000e+02 6.140000000000000000e+02
6.220000000000000000e+02 6.310000000000000000e+02
5.940000000000000000e+02 6.490000000000000000e+02
5.560000000000000000e+02 6.470000000000000000e+02
3.370000000000000000e+02 9.250000000000000000e+02
3.750000000000000000e+02 9.110000000000000000e+02
4.060000000000000000e+02 9.010000000000000000e+02
4.370000000000000000e+02 9.100000000000000000e+02
4.680000000000000000e+02 9.020000000000000000e+02
5.020000000000000000e+02 9.130000000000000000e+02
5.420000000000000000e+02 9.300000000000000000e+02
5.000000000000000000e+02 9.400000000000000000e+02
4.660000000000000000e+02 9.470000000000000000e+02
4.350000000000000000e+02 9.490000000000000000e+02
4.030000000000000000e+02 9.460000000000000000e+02
3.730000000000000000e+02 9.400000000000000000e+02
3.530000000000000000e+02 9.260000000000000000e+02
4.060000000000000000e+02 9.210000000000000000e+02
4.370000000000000000e+02 9.230000000000000000e+02
4.680000000000000000e+02 9.210000000000000000e+02
5.260000000000000000e+02 9.290000000000000000e+02
4.660000000000000000e+02 9.180000000000000000e+02
4.360000000000000000e+02 9.220000000000000000e+02
4.050000000000000000e+02 9.180000000000000000e+02
