1.470000000000000000e+02 6.310000000000000000e+02
1.490000000000000000e+02 7.090000000000000000e+02
1.600000000000000000e+02 7.850000000000000000e+02
1.760000000000000000e+02 8.580000000000000000e+02
2.000000000000000000e+02 9.320000000000000000e+02
2.360000000000000000e+02 9.990000000000000000e+02
2.850000000000000000e+02 1.059000000000000000e+03
3.520000000000000000e+02 1.104000000000000000e+03
4.340000000000000000e+02 1.115000000000000000e+03
5.150000000000000000e+02 1.103000000000000000e+03
5.790000000000000000e+02 1.057000000000000000e+03
6.290000000000000000e+02 9.970000000000000000e+02
6.650000000000000000e+02 9.280000000000000000e+02
6.870000000000000000e+02 8.540000000000000000e+02
7.020000000000000000e+02 7.790000000000000000e+02
7.160000000000000000e+02 7.020000000000000000e+02
7.200000000000000000e+02 6.250000000000000000e+02
1.880000000000000000e+02 6.010000000000000000e+02
2.180000000000000000e+02 5.560000000000000000e+02
2.730000000000000000e+02 5.350000000000000000e+02
3.320000000000000000e+02 5.330000000000000000e+02
3.890000000000000000e+02 5.470000000000000000e+02
4.920000000000000000e+02 5.430000000000000000e+02
5.500000000000000000e+02 5.270000000000000000e+02
6.090000000000000000e+02 5.280000000000000000e+02
6.630000000000000000e+02 5.480000000000000000e+02
6.920000000000000000e+02 5.920000000000000000e+02
4.410000000000000000e+02 6.120000000000000000e+02
4.420000000000000000e+02 6.680000000000000000e+02
4.430000000000000000e+02 7.230000000000000000e+02
4.450000000000000000e+02 7.810000000000000000e+02
3.850000000000000000e+02 8.130000000000000000e+02
4.120000000000000000e+02 8.220000000000000000e+02
4.430000000000000000e+02 8.310000000000000000e+02
4.720000000000000000e+02 8.220000000000000000e+02
4.980000000000000000e+02 8.110000000000000000e+02
2.500000000000000000e+02 6.290000000000000000e+02
2.820000000000000000e+02 6.050000000000000000e+02
3.240000000000000000e+02 6.050000000000000000e+02
3.600000000000000000e+02 6.310000000000000000e+02
3.230000000000000000e+02 6.420000000000000000e+02
2.810000000000000000e+02 6.440000000000000000e+02
5.190000000000000000e+02 6.280000000000000000e+02
5.560000000000000000e+02 6.000000000000000000e+02
5.970000000000000000e+02 5.990000000000000000e+02
6.270000000000000000e+02 6.230000000000000000e+02
5.980000000000000000e+02 6.390000000000000000e+02
5.580000000000000000e+02 6.380000000000000000e+02
3.350000000000000000e+02 9.320000000000000000e+02
3.730000000000000000e+02 9.150000000000000000e+02
4.130000000000000000e+02 9.070000000000000000e+02
4.420000000000000000e+02 9.140000000000000000e+02
4.710000000000000000e+02 9.050000000000000000e+02
5.100000000000000000e+02 9.110000000000000000e+02
5.480000000000000000e+02 9.250000000000000000e+02
5.120000000000000000e+02 9.480000000000000000e+02
4.760000000000000000e+02 9.610000000000000000e+02
4.450000000000000000e+02 9.660000000000000000e+02
4.140000000000000000e+02 9.650000000000000000e+02
3.740000000000000000e+02 9.560000000000000000e+02
3.530000000000000000e+02 9.310000000000000000e+02
4.120000000000000000e+02 9.260000000000000000e+02
4.420000000000000000e+02 9.300000000000000000e+02
4.730000000000000000e+02 9.240000000000000000e+02
5.300000000000000000e+02 9.250000000000000000e+02
4.740000000000000000e+02 9.240000000000000000e+02
4.440000000000000000e+02 9.280000000000000000e+02
4.140000000000000000e+02 9.270000000000000000e+02
