1.400000000000000000e+02 6.430000000000000000e+02
1.480000000000000000e+02 7.210000000000000000e+02
1.610000000000000000e+02 7.970000000000000000e+02
1.750000000000000000e+02 8.730000000000000000e+02
2.020000000000000000e+02 9.430000000000000000e+02
2.480000000000000000e+02 1.001000000000000000e+03
3.040000000000000000e+02 1.055000000000000000e+03
3.710000000000000000e+02 1.101000000000000000e+03
4.470000000000000000e+02 1.115000000000000000e+03
5.200000000000000000e+02 1.101000000000000000e+03
5.840000000000000000e+02 1.052000000000000000e+03
6.370000000000000000e+02 9.970000000000000000e+02
6.760000000000000000e+02 9.350000000000000000e+02
6.960000000000000000e+02 8.640000000000000000e+02
7.070000000000000000e+02 7.910000000000000000e+02
7.190000000000000000e+02 7.180000000000000000e+02
7.240000000000000000e+02 6.410000000000000000e+02
1.680000000000000000e+02 5.680000000000000000e+02
2.040000000000000000e+02 5.230000000000000000e+02
2.620000000000000000e+02 5.070000000000000000e+02
3.210000000000000000e+02 5.180000000000000000e+02
3.760000000000000000e+02 5.490000000000000000e+02
5.060000000000000000e+02 5.420000000000000000e+02
5.580000000000000000e+02 5.130000000000000000e+02
6.120000000000000000e+02 5.020000000000000000e+02
6.670000000000000000e+02 5.210000000000000000e+02
6.950000000000000000e+02 5.680000000000000000e+02
4.420000000000000000e+02 6.270000000000000000e+02
4.440000000000000000e+02 6.800000000000000000e+02
4.480000000000000000e+02 7.340000000000000000e+02
4.510000000000000000e+02 7.880000000000000000e+02
3.910000000000000000e+02 8.240000000000000000e+02
4.180000000000000000e+02 8.360000000000000000e+02
4.480000000000000000e+02 8.460000000000000000e+02
4.770000000000000000e+02 8.370000000000000000e+02
5.030000000000000000e+02 8.260000000000000000e+02
2.360000000000000000e+02 6.370000000000000000e+02
2.710000000000000000e+02 6.150000000000000000e+02
3.180000000000000000e+02 6.170000000000000000e+02
3.600000000000000000e+02 6.470000000000000000e+02
3.170000000000000000e+02 6.610000000000000000e+02
2.680000000000000000e+02 6.610000000000000000e+02
5.180000000000000000e+02 6.490000000000000000e+02
5.580000000000000000e+02 6.180000000000000000e+02
6.030000000000000000e+02 6.160000000000000000e+02
6.360000000000000000e+02 6.400000000000000000e+02
6.070000000000000000e+02 6.630000000000000000e+02
5.610000000000000000e+02 6.630000000000000000e+02
3.230000000000000000e+02 9.110000000000000000e+02
3.720000000000000000e+02 9.000000000000000000e+02
4.150000000000000000e+02 8.900000000000000000e+02
4.450000000000000000e+02 8.980000000000000000e+02
4.770000000000000000e+02 8.900000000000000000e+02
5.180000000000000000e+02 8.990000000000000000e+02
5.650000000000000000e+02 9.080000000000000000e+02
5.200000000000000000e+02 9.480000000000000000e+02
4.780000000000000000e+02 9.670000000000000000e+02
4.450000000000000000e+02 9.710000000000000000e+02
4.120000000000000000e+02 9.680000000000000000e+02
3.690000000000000000e+02 9.500000000000000000e+02
3.460000000000000000e+02 9.180000000000000000e+02
4.140000000000000000e+02 9.190000000000000000e+02
4.450000000000000000e+02 9.220000000000000000e+02
4.770000000000000000e+02 9.190000000000000000e+02
5.430000000000000000e+02 9.150000000000000000e+02
4.760000000000000000e+02 9.210000000000000000e+02
4.450000000000000000e+02 9.250000000000000000e+02
4.140000000000000000e+02 9.220000000000000000e+02
