1.220000000000000000e+02 6.360000000000000000e+02
1.270000000000000000e+02 7.160000000000000000e+02
1.380000000000000000e+02 7.910000000000000000e+02
1.560000000000000000e+02 8.670000000000000000e+02
1.900000000000000000e+02 9.380000000000000000e+02
2.420000000000000000e+02 9.980000000000000000e+02
3.050000000000000000e+02 1.051000000000000000e+03
3.730000000000000000e+02 1.097000000000000000e+03
4.440000000000000000e+02 1.110000000000000000e+03
5.140000000000000000e+02 1.095000000000000000e+03
5.780000000000000000e+02 1.049000000000000000e+03
6.350000000000000000e+02 9.940000000000000000e+02
6.830000000000000000e+02 9.340000000000000000e+02
7.100000000000000000e+02 8.630000000000000000e+02
7.230000000000000000e+02 7.890000000000000000e+02
7.340000000000000000e+02 7.160000000000000000e+02
7.400000000000000000e+02 6.410000000000000000e+02
1.670000000000000000e+02 5.730000000000000000e+02
2.110000000000000000e+02 5.320000000000000000e+02
2.730000000000000000e+02 5.200000000000000000e+02
3.350000000000000000e+02 5.320000000000000000e+02
3.900000000000000000e+02 5.590000000000000000e+02
4.950000000000000000e+02 5.610000000000000000e+02
5.500000000000000000e+02 5.350000000000000000e+02
6.070000000000000000e+02 5.200000000000000000e+02
6.660000000000000000e+02 5.310000000000000000e+02
7.020000000000000000e+02 5.710000000000000000e+02
4.440000000000000000e+02 6.210000000000000000e+02
4.450000000000000000e+02 6.730000000000000000e+02
4.470000000000000000e+02 7.250000000000000000e+02
4.480000000000000000e+02 7.770000000000000000e+02
3.870000000000000000e+02 8.180000000000000000e+02
4.160000000000000000e+02 8.270000000000000000e+02
4.460000000000000000e+02 8.340000000000000000e+02
4.750000000000000000e+02 8.270000000000000000e+02
5.020000000000000000e+02 8.170000000000000000e+02
2.350000000000000000e+02 6.380000000000000000e+02
2.700000000000000000e+02 6.210000000000000000e+02
3.120000000000000000e+02 6.200000000000000000e+02
3.480000000000000000e+02 6.440000000000000000e+02
3.100000000000000000e+02 6.550000000000000000e+02
2.680000000000000000e+02 6.560000000000000000e+02
5.290000000000000000e+02 6.430000000000000000e+02
5.660000000000000000e+02 6.200000000000000000e+02
6.060000000000000000e+02 6.190000000000000000e+02
6.400000000000000000e+02 6.360000000000000000e+02
6.080000000000000000e+02 6.530000000000000000e+02
5.680000000000000000e+02 6.520000000000000000e+02
3.320000000000000000e+02 9.320000000000000000e+02
3.750000000000000000e+02 9.030000000000000000e+02
4.130000000000000000e+02 8.890000000000000000e+02
4.430000000000000000e+02 8.950000000000000000e+02
4.730000000000000000e+02 8.890000000000000000e+02
5.080000000000000000e+02 9.030000000000000000e+02
5.480000000000000000e+02 9.260000000000000000e+02
5.100000000000000000e+02 9.490000000000000000e+02
4.750000000000000000e+02 9.590000000000000000e+02
4.450000000000000000e+02 9.620000000000000000e+02
4.130000000000000000e+02 9.610000000000000000e+02
3.760000000000000000e+02 9.510000000000000000e+02
3.510000000000000000e+02 9.300000000000000000e+02
4.130000000000000000e+02 9.200000000000000000e+02
4.440000000000000000e+02 9.220000000000000000e+02
4.720000000000000000e+02 9.190000000000000000e+02
5.300000000000000000e+02 9.260000000000000000e+02
4.730000000000000000e+02 9.230000000000000000e+02
4.440000000000000000e+02 9.250000000000000000e+02
4.140000000000000000e+02 9.230000000000000000e+02
