1.300000000000000000e+02 6.470000000000000000e+02
1.340000000000000000e+02 7.270000000000000000e+02
1.420000000000000000e+02 8.050000000000000000e+02
1.530000000000000000e+02 8.830000000000000000e+02
1.740000000000000000e+02 9.590000000000000000e+02
2.200000000000000000e+02 1.018000000000000000e+03
2.850000000000000000e+02 1.061000000000000000e+03
3.600000000000000000e+02 1.094000000000000000e+03
4.430000000000000000e+02 1.103000000000000000e+03
5.260000000000000000e+02 1.095000000000000000e+03
6.010000000000000000e+02 1.064000000000000000e+03
6.680000000000000000e+02 1.020000000000000000e+03
7.160000000000000000e+02 9.560000000000000000e+02
7.360000000000000000e+02 8.800000000000000000e+02
7.460000000000000000e+02 7.980000000000000000e+02
7.530000000000000000e+02 7.140000000000000000e+02
7.540000000000000000e+02 6.300000000000000000e+02
1.990000000000000000e+02 5.920000000000000000e+02
2.360000000000000000e+02 5.560000000000000000e+02
2.880000000000000000e+02 5.450000000000000000e+02
3.420000000000000000e+02 5.510000000000000000e+02
3.940000000000000000e+02 5.700000000000000000e+02
4.780000000000000000e+02 5.580000000000000000e+02
5.350000000000000000e+02 5.370000000000000000e+02
5.930000000000000000e+02 5.280000000000000000e+02
6.520000000000000000e+02 5.400000000000000000e+02
6.890000000000000000e+02 5.850000000000000000e+02
4.380000000000000000e+02 6.140000000000000000e+02
4.380000000000000000e+02 6.710000000000000000e+02
4.380000000000000000e+02 7.290000000000000000e+02
4.380000000000000000e+02 7.870000000000000000e+02
3.790000000000000000e+02 8.190000000000000000e+02
4.080000000000000000e+02 8.330000000000000000e+02
4.400000000000000000e+02 8.450000000000000000e+02
4.720000000000000000e+02 8.340000000000000000e+02
5.020000000000000000e+02 8.190000000000000000e+02
2.610000000000000000e+02 6.280000000000000000e+02
2.950000000000000000e+02 6.060000000000000000e+02
3.360000000000000000e+02 6.050000000000000000e+02
3.690000000000000000e+02 6.330000000000000000e+02
3.330000000000000000e+02 6.410000000000000000e+02
2.910000000000000000e+02 6.420000000000000000e+02
5.130000000000000000e+02 6.290000000000000000e+02
5.480000000000000000e+02 5.980000000000000000e+02
5.890000000000000000e+02 5.950000000000000000e+02
6.230000000000000000e+02 6.180000000000000000e+02
5.940000000000000000e+02 6.340000000000000000e+02
5.510000000000000000e+02 6.350000000000000000e+02
3.190000000000000000e+02 9.100000000000000000e+02
3.640000000000000000e+02 9.030000000000000000e+02
4.040000000000000000e+02 8.990000000000000000e+02
4.360000000000000000e+02 9.080000000000000000e+02
4.680000000000000000e+02 9.000000000000000000e+02
5.100000000000000000e+02 9.080000000000000000e+02
5.610000000000000000e+02 9.150000000000000000e+02
5.120000000000000000e+02 9.400000000000000000e+02
4.700000000000000000e+02 9.470000000000000000e+02
4.370000000000000000e+02 9.480000000000000000e+02
4.030000000000000000e+02 9.430000000000000000e+02
3.630000000000000000e+02 9.320000000000000000e+02
3.340000000000000000e+02 9.120000000000000000e+02
4.030000000000000000e+02 9.160000000000000000e+02
4.360000000000000000e+02 9.210000000000000000e+02
4.690000000000000000e+02 9.190000000000000000e+02
5.450000000000000000e+02 9.160000000000000000e+02
4.690000000000000000e+02 9.210000000000000000e+02
4.360000000000000000e+02 9.240000000000000000e+02
4.030000000000000000e+02 9.180000000000000000e+02
