1.330000000000000000e+02 6.470000000000000000e+02
1.440000000000000000e+02 7.330000000000000000e+02
1.590000000000000000e+02 8.150000000000000000e+02
1.730000000000000000e+02 8.960000000000000000e+02
2.000000000000000000e+02 9.700000000000000000e+02
2.430000000000000000e+02 1.032000000000000000e+03
3.050000000000000000e+02 1.080000000000000000e+03
3.730000000000000000e+02 1.115000000000000000e+03
4.450000000000000000e+02 1.128000000000000000e+03
5.130000000000000000e+02 1.113000000000000000e+03
5.750000000000000000e+02 1.072000000000000000e+03
6.280000000000000000e+02 1.022000000000000000e+03
6.640000000000000000e+02 9.610000000000000000e+02
6.850000000000000000e+02 8.890000000000000000e+02
6.980000000000000000e+02 8.130000000000000000e+02
7.140000000000000000e+02 7.350000000000000000e+02
7.210000000000000000e+02 6.540000000000000000e+02
1.840000000000000000e+02 5.550000000000000000e+02
2.240000000000000000e+02 5.200000000000000000e+02
2.820000000000000000e+02 5.090000000000000000e+02
3.390000000000000000e+02 5.190000000000000000e+02
3.930000000000000000e+02 5.450000000000000000e+02
4.970000000000000000e+02 5.480000000000000000e+02
5.470000000000000000e+02 5.270000000000000000e+02
6.020000000000000000e+02 5.230000000000000000e+02
6.530000000000000000e+02 5.380000000000000000e+02
6.840000000000000000e+02 5.730000000000000000e+02
4.460000000000000000e+02 6.100000000000000000e+02
4.480000000000000000e+02 6.640000000000000000e+02
4.510000000000000000e+02 7.170000000000000000e+02
4.530000000000000000e+02 7.710000000000000000e+02
3.920000000000000000e+02 8.080000000000000000e+02
4.200000000000000000e+02 8.200000000000000000e+02
4.480000000000000000e+02 8.290000000000000000e+02
4.760000000000000000e+02 8.190000000000000000e+02
5.010000000000000000e+02 8.050000000000000000e+02
2.460000000000000000e+02 6.270000000000000000e+02
2.770000000000000000e+02 6.040000000000000000e+02
3.190000000000000000e+02 6.040000000000000000e+02
3.570000000000000000e+02 6.320000000000000000e+02
3.180000000000000000e+02 6.410000000000000000e+02
2.760000000000000000e+02 6.430000000000000000e+02
5.190000000000000000e+02 6.350000000000000000e+02
5.550000000000000000e+02 6.080000000000000000e+02
5.960000000000000000e+02 6.090000000000000000e+02
6.270000000000000000e+02 6.320000000000000000e+02
5.960000000000000000e+02 6.460000000000000000e+02
5.560000000000000000e+02 6.430000000000000000e+02
3.320000000000000000e+02 9.280000000000000000e+02
3.800000000000000000e+02 9.080000000000000000e+02
4.180000000000000000e+02 8.960000000000000000e+02
4.480000000000000000e+02 9.020000000000000000e+02
4.750000000000000000e+02 8.960000000000000000e+02
5.090000000000000000e+02 9.050000000000000000e+02
5.490000000000000000e+02 9.230000000000000000e+02
5.090000000000000000e+02 9.410000000000000000e+02
4.780000000000000000e+02 9.470000000000000000e+02
4.480000000000000000e+02 9.490000000000000000e+02
4.180000000000000000e+02 9.470000000000000000e+02
3.800000000000000000e+02 9.450000000000000000e+02
3.530000000000000000e+02 9.270000000000000000e+02
4.180000000000000000e+02 9.180000000000000000e+02
4.480000000000000000e+02 9.210000000000000000e+02
4.760000000000000000e+02 9.170000000000000000e+02
5.290000000000000000e+02 9.230000000000000000e+02
4.760000000000000000e+02 9.140000000000000000e+02
4.480000000000000000e+02 9.170000000000000000e+02
4.190000000000000000e+02 9.150000000000000000e+02
