1.400000000000000000e+02 6.460000000000000000e+02
1.510000000000000000e+02 7.270000000000000000e+02
1.650000000000000000e+02 8.060000000000000000e+02
1.850000000000000000e+02 8.820000000000000000e+02
2.160000000000000000e+02 9.530000000000000000e+02
2.620000000000000000e+02 1.015000000000000000e+03
3.200000000000000000e+02 1.063000000000000000e+03
3.800000000000000000e+02 1.104000000000000000e+03
4.440000000000000000e+02 1.118000000000000000e+03
5.120000000000000000e+02 1.106000000000000000e+03
5.770000000000000000e+02 1.067000000000000000e+03
6.400000000000000000e+02 1.017000000000000000e+03
6.870000000000000000e+02 9.520000000000000000e+02
7.170000000000000000e+02 8.770000000000000000e+02
7.360000000000000000e+02 7.980000000000000000e+02
7.490000000000000000e+02 7.160000000000000000e+02
7.580000000000000000e+02 6.320000000000000000e+02
1.830000000000000000e+02 5.690000000000000000e+02
2.170000000000000000e+02 5.320000000000000000e+02
2.700000000000000000e+02 5.190000000000000000e+02
3.230000000000000000e+02 5.260000000000000000e+02
3.720000000000000000e+02 5.450000000000000000e+02
5.020000000000000000e+02 5.460000000000000000e+02
5.520000000000000000e+02 5.210000000000000000e+02
6.060000000000000000e+02 5.110000000000000000e+02
6.590000000000000000e+02 5.240000000000000000e+02
6.970000000000000000e+02 5.590000000000000000e+02
4.360000000000000000e+02 6.110000000000000000e+02
4.350000000000000000e+02 6.650000000000000000e+02
4.340000000000000000e+02 7.180000000000000000e+02
4.330000000000000000e+02 7.730000000000000000e+02
3.770000000000000000e+02 8.120000000000000000e+02
4.060000000000000000e+02 8.210000000000000000e+02
4.360000000000000000e+02 8.270000000000000000e+02
4.670000000000000000e+02 8.200000000000000000e+02
4.950000000000000000e+02 8.120000000000000000e+02
2.450000000000000000e+02 6.350000000000000000e+02
2.770000000000000000e+02 6.130000000000000000e+02
3.170000000000000000e+02 6.110000000000000000e+02
3.530000000000000000e+02 6.360000000000000000e+02
3.180000000000000000e+02 6.490000000000000000e+02
2.760000000000000000e+02 6.510000000000000000e+02
5.210000000000000000e+02 6.340000000000000000e+02
5.590000000000000000e+02 6.070000000000000000e+02
6.000000000000000000e+02 6.060000000000000000e+02
6.310000000000000000e+02 6.280000000000000000e+02
6.010000000000000000e+02 6.470000000000000000e+02
5.590000000000000000e+02 6.450000000000000000e+02
3.440000000000000000e+02 9.240000000000000000e+02
3.810000000000000000e+02 9.020000000000000000e+02
4.140000000000000000e+02 8.900000000000000000e+02
4.390000000000000000e+02 8.970000000000000000e+02
4.650000000000000000e+02 8.910000000000000000e+02
5.050000000000000000e+02 9.040000000000000000e+02
5.490000000000000000e+02 9.230000000000000000e+02
5.080000000000000000e+02 9.500000000000000000e+02
4.690000000000000000e+02 9.630000000000000000e+02
4.410000000000000000e+02 9.650000000000000000e+02
4.130000000000000000e+02 9.610000000000000000e+02
3.800000000000000000e+02 9.480000000000000000e+02
3.610000000000000000e+02 9.220000000000000000e+02
4.140000000000000000e+02 9.170000000000000000e+02
4.400000000000000000e+02 9.210000000000000000e+02
4.660000000000000000e+02 9.190000000000000000e+02
5.310000000000000000e+02 9.230000000000000000e+02
4.660000000000000000e+02 9.180000000000000000e+02
4.400000000000000000e+02 9.210000000000000000e+02
4.140000000000000000e+02 9.170000000000000000e+02
