1.120000000000000000e+02 6.010000000000000000e+02
1.210000000000000000e+02 6.840000000000000000e+02
1.400000000000000000e+02 7.640000000000000000e+02
1.580000000000000000e+02 8.430000000000000000e+02
1.820000000000000000e+02 9.200000000000000000e+02
2.280000000000000000e+02 9.920000000000000000e+02
2.920000000000000000e+02 1.050000000000000000e+03
3.670000000000000000e+02 1.097000000000000000e+03
4.450000000000000000e+02 1.110000000000000000e+03
5.210000000000000000e+02 1.095000000000000000e+03
5.890000000000000000e+02 1.050000000000000000e+03
6.460000000000000000e+02 9.940000000000000000e+02
6.840000000000000000e+02 9.250000000000000000e+02
7.050000000000000000e+02 8.500000000000000000e+02
7.200000000000000000e+02 7.720000000000000000e+02
7.350000000000000000e+02 6.930000000000000000e+02
7.420000000000000000e+02 6.120000000000000000e+02
1.700000000000000000e+02 5.820000000000000000e+02
2.100000000000000000e+02 5.490000000000000000e+02
2.670000000000000000e+02 5.350000000000000000e+02
3.260000000000000000e+02 5.400000000000000000e+02
3.820000000000000000e+02 5.600000000000000000e+02
5.020000000000000000e+02 5.600000000000000000e+02
5.570000000000000000e+02 5.440000000000000000e+02
6.130000000000000000e+02 5.400000000000000000e+02
6.670000000000000000e+02 5.520000000000000000e+02
7.030000000000000000e+02 5.850000000000000000e+02
4.450000000000000000e+02 6.270000000000000000e+02
4.460000000000000000e+02 6.870000000000000000e+02
4.470000000000000000e+02 7.450000000000000000e+02
4.470000000000000000e+02 8.040000000000000000e+02
3.900000000000000000e+02 8.310000000000000000e+02
4.170000000000000000e+02 8.430000000000000000e+02
4.470000000000000000e+02 8.530000000000000000e+02
4.760000000000000000e+02 8.430000000000000000e+02
5.010000000000000000e+02 8.300000000000000000e+02
2.500000000000000000e+02 6.290000000000000000e+02
2.860000000000000000e+02 6.100000000000000000e+02
3.280000000000000000e+02 6.100000000000000000e+02
3.640000000000000000e+02 6.350000000000000000e+02
3.260000000000000000e+02 6.440000000000000000e+02
2.840000000000000000e+02 6.450000000000000000e+02
5.180000000000000000e+02 6.360000000000000000e+02
5.540000000000000000e+02 6.110000000000000000e+02
5.950000000000000000e+02 6.110000000000000000e+02
6.270000000000000000e+02 6.300000000000000000e+02
5.970000000000000000e+02 6.450000000000000000e+02
5.560000000000000000e+02 6.440000000000000000e+02
3.280000000000000000e+02 9.120000000000000000e+02
3.730000000000000000e+02 9.010000000000000000e+02
4.150000000000000000e+02 8.950000000000000000e+02
4.470000000000000000e+02 9.050000000000000000e+02
4.780000000000000000e+02 8.970000000000000000e+02
5.200000000000000000e+02 9.030000000000000000e+02
5.650000000000000000e+02 9.090000000000000000e+02
5.230000000000000000e+02 9.450000000000000000e+02
4.810000000000000000e+02 9.630000000000000000e+02
4.470000000000000000e+02 9.670000000000000000e+02
4.140000000000000000e+02 9.640000000000000000e+02
3.720000000000000000e+02 9.470000000000000000e+02
3.480000000000000000e+02 9.160000000000000000e+02
4.150000000000000000e+02 9.210000000000000000e+02
4.470000000000000000e+02 9.260000000000000000e+02
4.790000000000000000e+02 9.220000000000000000e+02
5.450000000000000000e+02 9.140000000000000000e+02
4.790000000000000000e+02 9.220000000000000000e+02
4.470000000000000000e+02 9.270000000000000000e+02
4.150000000000000000e+02 9.220000000000000000e+02
