1.550000000000000000e+02 6.680000000000000000e+02
1.600000000000000000e+02 7.440000000000000000e+02
1.720000000000000000e+02 8.180000000000000000e+02
1.880000000000000000e+02 8.920000000000000000e+02
2.140000000000000000e+02 9.620000000000000000e+02
2.560000000000000000e+02 1.020000000000000000e+03
3.090000000000000000e+02 1.061000000000000000e+03
3.690000000000000000e+02 1.094000000000000000e+03
4.400000000000000000e+02 1.105000000000000000e+03
5.150000000000000000e+02 1.094000000000000000e+03
5.810000000000000000e+02 1.063000000000000000e+03
6.390000000000000000e+02 1.021000000000000000e+03
6.860000000000000000e+02 9.670000000000000000e+02
7.140000000000000000e+02 9.000000000000000000e+02
7.290000000000000000e+02 8.250000000000000000e+02
7.380000000000000000e+02 7.470000000000000000e+02
7.410000000000000000e+02 6.700000000000000000e+02
1.930000000000000000e+02 6.020000000000000000e+02
2.160000000000000000e+02 5.480000000000000000e+02
2.690000000000000000e+02 5.200000000000000000e+02
3.280000000000000000e+02 5.170000000000000000e+02
3.830000000000000000e+02 5.360000000000000000e+02
4.900000000000000000e+02 5.310000000000000000e+02
5.460000000000000000e+02 5.110000000000000000e+02
6.090000000000000000e+02 5.100000000000000000e+02
6.650000000000000000e+02 5.360000000000000000e+02
6.980000000000000000e+02 5.880000000000000000e+02
4.290000000000000000e+02 6.080000000000000000e+02
4.270000000000000000e+02 6.590000000000000000e+02
4.240000000000000000e+02 7.090000000000000000e+02
4.230000000000000000e+02 7.600000000000000000e+02
3.750000000000000000e+02 8.110000000000000000e+02
4.020000000000000000e+02 8.160000000000000000e+02
4.320000000000000000e+02 8.210000000000000000e+02
4.630000000000000000e+02 8.120000000000000000e+02
4.930000000000000000e+02 8.030000000000000000e+02
2.490000000000000000e+02 6.330000000000000000e+02
2.790000000000000000e+02 6.050000000000000000e+02
3.230000000000000000e+02 6.010000000000000000e+02
3.590000000000000000e+02 6.350000000000000000e+02
3.200000000000000000e+02 6.460000000000000000e+02
2.780000000000000000e+02 6.480000000000000000e+02
5.200000000000000000e+02 6.310000000000000000e+02
5.560000000000000000e+02 5.950000000000000000e+02
6.010000000000000000e+02 5.940000000000000000e+02
6.350000000000000000e+02 6.210000000000000000e+02
6.030000000000000000e+02 6.400000000000000000e+02
5.590000000000000000e+02 6.400000000000000000e+02
3.440000000000000000e+02 9.370000000000000000e+02
3.740000000000000000e+02 9.070000000000000000e+02
4.040000000000000000e+02 8.860000000000000000e+02
4.350000000000000000e+02 8.940000000000000000e+02
4.640000000000000000e+02 8.820000000000000000e+02
5.020000000000000000e+02 8.980000000000000000e+02
5.430000000000000000e+02 9.250000000000000000e+02
5.070000000000000000e+02 9.490000000000000000e+02
4.700000000000000000e+02 9.580000000000000000e+02
4.400000000000000000e+02 9.610000000000000000e+02
4.090000000000000000e+02 9.600000000000000000e+02
3.760000000000000000e+02 9.530000000000000000e+02
3.620000000000000000e+02 9.340000000000000000e+02
4.050000000000000000e+02 9.170000000000000000e+02
4.360000000000000000e+02 9.170000000000000000e+02
4.640000000000000000e+02 9.130000000000000000e+02
5.250000000000000000e+02 9.240000000000000000e+02
4.670000000000000000e+02 9.210000000000000000e+02
4.390000000000000000e+02 9.240000000000000000e+02
4.080000000000000000e+02 9.230000000000000000e+02
