1.400000000000000000e+02 6.250000000000000000e+02
1.440000000000000000e+02 7.050000000000000000e+02
1.560000000000000000e+02 7.830000000000000000e+02
1.740000000000000000e+02 8.610000000000000000e+02
2.040000000000000000e+02 9.360000000000000000e+02
2.490000000000000000e+02 1.004000000000000000e+03
3.070000000000000000e+02 1.061000000000000000e+03
3.750000000000000000e+02 1.102000000000000000e+03
4.480000000000000000e+02 1.112000000000000000e+03
5.180000000000000000e+02 1.095000000000000000e+03
5.810000000000000000e+02 1.046000000000000000e+03
6.360000000000000000e+02 9.890000000000000000e+02
6.780000000000000000e+02 9.240000000000000000e+02
7.030000000000000000e+02 8.510000000000000000e+02
7.190000000000000000e+02 7.760000000000000000e+02
7.290000000000000000e+02 7.000000000000000000e+02
7.340000000000000000e+02 6.220000000000000000e+02
1.870000000000000000e+02 5.770000000000000000e+02
2.260000000000000000e+02 5.410000000000000000e+02
2.830000000000000000e+02 5.320000000000000000e+02
3.400000000000000000e+02 5.400000000000000000e+02
3.930000000000000000e+02 5.640000000000000000e+02
4.980000000000000000e+02 5.570000000000000000e+02
5.460000000000000000e+02 5.320000000000000000e+02
6.000000000000000000e+02 5.220000000000000000e+02
6.540000000000000000e+02 5.320000000000000000e+02
6.910000000000000000e+02 5.690000000000000000e+02
4.410000000000000000e+02 6.230000000000000000e+02
4.370000000000000000e+02 6.800000000000000000e+02
4.340000000000000000e+02 7.350000000000000000e+02
4.310000000000000000e+02 7.910000000000000000e+02
3.780000000000000000e+02 8.320000000000000000e+02
4.050000000000000000e+02 8.400000000000000000e+02
4.340000000000000000e+02 8.480000000000000000e+02
4.640000000000000000e+02 8.390000000000000000e+02
4.930000000000000000e+02 8.290000000000000000e+02
2.540000000000000000e+02 6.310000000000000000e+02
2.880000000000000000e+02 6.100000000000000000e+02
3.300000000000000000e+02 6.120000000000000000e+02
3.670000000000000000e+02 6.420000000000000000e+02
3.270000000000000000e+02 6.480000000000000000e+02
2.840000000000000000e+02 6.490000000000000000e+02
5.190000000000000000e+02 6.380000000000000000e+02
5.560000000000000000e+02 6.070000000000000000e+02
5.980000000000000000e+02 6.060000000000000000e+02
6.310000000000000000e+02 6.260000000000000000e+02
6.020000000000000000e+02 6.450000000000000000e+02
5.590000000000000000e+02 6.450000000000000000e+02
3.240000000000000000e+02 9.250000000000000000e+02
3.700000000000000000e+02 9.150000000000000000e+02
4.120000000000000000e+02 9.020000000000000000e+02
4.410000000000000000e+02 9.110000000000000000e+02
4.690000000000000000e+02 9.010000000000000000e+02
5.090000000000000000e+02 9.090000000000000000e+02
5.510000000000000000e+02 9.200000000000000000e+02
5.110000000000000000e+02 9.500000000000000000e+02
4.750000000000000000e+02 9.670000000000000000e+02
4.440000000000000000e+02 9.720000000000000000e+02
4.140000000000000000e+02 9.710000000000000000e+02
3.710000000000000000e+02 9.580000000000000000e+02
3.430000000000000000e+02 9.280000000000000000e+02
4.120000000000000000e+02 9.290000000000000000e+02
4.420000000000000000e+02 9.320000000000000000e+02
4.700000000000000000e+02 9.260000000000000000e+02
5.320000000000000000e+02 9.230000000000000000e+02
4.720000000000000000e+02 9.290000000000000000e+02
4.430000000000000000e+02 9.350000000000000000e+02
4.130000000000000000e+02 9.310000000000000000e+02
