1.600000000000000000e+02 6.320000000000000000e+02
1.650000000000000000e+02 7.130000000000000000e+02
1.720000000000000000e+02 7.940000000000000000e+02
1.810000000000000000e+02 8.770000000000000000e+02
2.010000000000000000e+02 9.550000000000000000e+02
2.400000000000000000e+02 1.023000000000000000e+03
2.960000000000000000e+02 1.080000000000000000e+03
3.630000000000000000e+02 1.121000000000000000e+03
4.430000000000000000e+02 1.130000000000000000e+03
5.230000000000000000e+02 1.121000000000000000e+03
5.890000000000000000e+02 1.077000000000000000e+03
6.420000000000000000e+02 1.024000000000000000e+03
6.780000000000000000e+02 9.570000000000000000e+02
6.990000000000000000e+02 8.780000000000000000e+02
7.070000000000000000e+02 7.970000000000000000e+02
7.110000000000000000e+02 7.180000000000000000e+02
7.120000000000000000e+02 6.380000000000000000e+02
2.080000000000000000e+02 5.730000000000000000e+02
2.410000000000000000e+02 5.350000000000000000e+02
2.940000000000000000e+02 5.290000000000000000e+02
3.460000000000000000e+02 5.400000000000000000e+02
3.980000000000000000e+02 5.630000000000000000e+02
4.780000000000000000e+02 5.620000000000000000e+02
5.320000000000000000e+02 5.390000000000000000e+02
5.860000000000000000e+02 5.290000000000000000e+02
6.400000000000000000e+02 5.400000000000000000e+02
6.700000000000000000e+02 5.800000000000000000e+02
4.420000000000000000e+02 6.060000000000000000e+02
4.410000000000000000e+02 6.580000000000000000e+02
4.410000000000000000e+02 7.100000000000000000e+02
4.410000000000000000e+02 7.640000000000000000e+02
3.880000000000000000e+02 8.120000000000000000e+02
4.130000000000000000e+02 8.230000000000000000e+02
4.410000000000000000e+02 8.290000000000000000e+02
4.690000000000000000e+02 8.220000000000000000e+02
4.940000000000000000e+02 8.120000000000000000e+02
2.650000000000000000e+02 6.130000000000000000e+02
2.950000000000000000e+02 5.940000000000000000e+02
3.360000000000000000e+02 5.930000000000000000e+02
3.700000000000000000e+02 6.150000000000000000e+02
3.350000000000000000e+02 6.270000000000000000e+02
2.950000000000000000e+02 6.300000000000000000e+02
5.060000000000000000e+02 6.190000000000000000e+02
5.410000000000000000e+02 5.940000000000000000e+02
5.810000000000000000e+02 5.980000000000000000e+02
6.110000000000000000e+02 6.190000000000000000e+02
5.820000000000000000e+02 6.350000000000000000e+02
5.420000000000000000e+02 6.320000000000000000e+02
3.340000000000000000e+02 9.240000000000000000e+02
3.820000000000000000e+02 9.190000000000000000e+02
4.200000000000000000e+02 9.120000000000000000e+02
4.440000000000000000e+02 9.190000000000000000e+02
4.700000000000000000e+02 9.120000000000000000e+02
5.090000000000000000e+02 9.190000000000000000e+02
5.530000000000000000e+02 9.230000000000000000e+02
5.080000000000000000e+02 9.480000000000000000e+02
4.720000000000000000e+02 9.560000000000000000e+02
4.440000000000000000e+02 9.570000000000000000e+02
4.170000000000000000e+02 9.550000000000000000e+02
3.800000000000000000e+02 9.470000000000000000e+02
3.520000000000000000e+02 9.260000000000000000e+02
4.190000000000000000e+02 9.270000000000000000e+02
4.440000000000000000e+02 9.310000000000000000e+02
4.700000000000000000e+02 9.270000000000000000e+02
5.340000000000000000e+02 9.260000000000000000e+02
4.690000000000000000e+02 9.250000000000000000e+02
4.430000000000000000e+02 9.280000000000000000e+02
4.190000000000000000e+02 9.240000000000000000e+02
