1.510000000000000000e+02 6.440000000000000000e+02
1.570000000000000000e+02 7.210000000000000000e+02
1.670000000000000000e+02 7.970000000000000000e+02
1.770000000000000000e+02 8.740000000000000000e+02
1.980000000000000000e+02 9.480000000000000000e+02
2.390000000000000000e+02 1.010000000000000000e+03
2.970000000000000000e+02 1.061000000000000000e+03
3.630000000000000000e+02 1.103000000000000000e+03
4.390000000000000000e+02 1.111000000000000000e+03
5.160000000000000000e+02 1.098000000000000000e+03
5.840000000000000000e+02 1.055000000000000000e+03
6.470000000000000000e+02 1.006000000000000000e+03
6.920000000000000000e+02 9.450000000000000000e+02
7.130000000000000000e+02 8.740000000000000000e+02
7.230000000000000000e+02 7.970000000000000000e+02
7.340000000000000000e+02 7.210000000000000000e+02
7.390000000000000000e+02 6.460000000000000000e+02
2.070000000000000000e+02 5.670000000000000000e+02
2.400000000000000000e+02 5.330000000000000000e+02
2.870000000000000000e+02 5.170000000000000000e+02
3.380000000000000000e+02 5.160000000000000000e+02
3.840000000000000000e+02 5.380000000000000000e+02
5.020000000000000000e+02 5.360000000000000000e+02
5.460000000000000000e+02 5.140000000000000000e+02
5.960000000000000000e+02 5.130000000000000000e+02
6.430000000000000000e+02 5.270000000000000000e+02
6.770000000000000000e+02 5.590000000000000000e+02
4.390000000000000000e+02 6.110000000000000000e+02
4.360000000000000000e+02 6.750000000000000000e+02
4.320000000000000000e+02 7.370000000000000000e+02
4.290000000000000000e+02 8.000000000000000000e+02
3.800000000000000000e+02 8.280000000000000000e+02
4.040000000000000000e+02 8.400000000000000000e+02
4.330000000000000000e+02 8.510000000000000000e+02
4.640000000000000000e+02 8.390000000000000000e+02
4.910000000000000000e+02 8.260000000000000000e+02
2.620000000000000000e+02 6.300000000000000000e+02
2.940000000000000000e+02 6.090000000000000000e+02
3.340000000000000000e+02 6.100000000000000000e+02
3.710000000000000000e+02 6.370000000000000000e+02
3.310000000000000000e+02 6.450000000000000000e+02
2.920000000000000000e+02 6.460000000000000000e+02
5.160000000000000000e+02 6.350000000000000000e+02
5.520000000000000000e+02 6.080000000000000000e+02
5.910000000000000000e+02 6.070000000000000000e+02
6.230000000000000000e+02 6.280000000000000000e+02
5.930000000000000000e+02 6.430000000000000000e+02
5.530000000000000000e+02 6.420000000000000000e+02
3.290000000000000000e+02 9.220000000000000000e+02
3.710000000000000000e+02 9.090000000000000000e+02
4.080000000000000000e+02 9.010000000000000000e+02
4.380000000000000000e+02 9.090000000000000000e+02
4.670000000000000000e+02 9.010000000000000000e+02
5.060000000000000000e+02 9.080000000000000000e+02
5.540000000000000000e+02 9.190000000000000000e+02
5.060000000000000000e+02 9.410000000000000000e+02
4.660000000000000000e+02 9.520000000000000000e+02
4.350000000000000000e+02 9.550000000000000000e+02
4.040000000000000000e+02 9.530000000000000000e+02
3.690000000000000000e+02 9.440000000000000000e+02
3.480000000000000000e+02 9.240000000000000000e+02
4.070000000000000000e+02 9.230000000000000000e+02
4.370000000000000000e+02 9.270000000000000000e+02
4.670000000000000000e+02 9.230000000000000000e+02
5.340000000000000000e+02 9.210000000000000000e+02
4.660000000000000000e+02 9.200000000000000000e+02
4.360000000000000000e+02 9.240000000000000000e+02
4.060000000000000000e+02 9.200000000000000000e+02
