1.310000000000000000e+02 6.300000000000000000e+02
1.390000000000000000e+02 7.120000000000000000e+02
1.520000000000000000e+02 7.940000000000000000e+02
1.690000000000000000e+02 8.770000000000000000e+02
1.940000000000000000e+02 9.550000000000000000e+02
2.380000000000000000e+02 1.021000000000000000e+03
3.030000000000000000e+02 1.066000000000000000e+03
3.740000000000000000e+02 1.100000000000000000e+03
4.500000000000000000e+02 1.110000000000000000e+03
5.240000000000000000e+02 1.093000000000000000e+03
5.950000000000000000e+02 1.056000000000000000e+03
6.620000000000000000e+02 1.011000000000000000e+03
7.030000000000000000e+02 9.440000000000000000e+02
7.220000000000000000e+02 8.660000000000000000e+02
7.300000000000000000e+02 7.850000000000000000e+02
7.370000000000000000e+02 7.040000000000000000e+02
7.390000000000000000e+02 6.220000000000000000e+02
1.950000000000000000e+02 6.130000000000000000e+02
2.360000000000000000e+02 5.970000000000000000e+02
2.800000000000000000e+02 5.900000000000000000e+02
3.270000000000000000e+02 5.960000000000000000e+02
3.730000000000000000e+02 6.110000000000000000e+02
5.030000000000000000e+02 6.080000000000000000e+02
5.470000000000000000e+02 5.880000000000000000e+02
5.940000000000000000e+02 5.750000000000000000e+02
6.420000000000000000e+02 5.790000000000000000e+02
6.850000000000000000e+02 5.960000000000000000e+02
4.360000000000000000e+02 6.450000000000000000e+02
4.350000000000000000e+02 6.860000000000000000e+02
4.340000000000000000e+02 7.260000000000000000e+02
4.330000000000000000e+02 7.690000000000000000e+02
3.930000000000000000e+02 8.140000000000000000e+02
4.140000000000000000e+02 8.200000000000000000e+02
4.390000000000000000e+02 8.220000000000000000e+02
4.640000000000000000e+02 8.180000000000000000e+02
4.890000000000000000e+02 8.130000000000000000e+02
2.580000000000000000e+02 6.510000000000000000e+02
2.910000000000000000e+02 6.380000000000000000e+02
3.270000000000000000e+02 6.360000000000000000e+02
3.610000000000000000e+02 6.540000000000000000e+02
3.270000000000000000e+02 6.640000000000000000e+02
2.900000000000000000e+02 6.650000000000000000e+02
5.250000000000000000e+02 6.520000000000000000e+02
5.570000000000000000e+02 6.330000000000000000e+02
5.930000000000000000e+02 6.320000000000000000e+02
6.270000000000000000e+02 6.430000000000000000e+02
5.970000000000000000e+02 6.600000000000000000e+02
5.590000000000000000e+02 6.600000000000000000e+02
3.340000000000000000e+02 9.240000000000000000e+02
3.720000000000000000e+02 9.050000000000000000e+02
4.080000000000000000e+02 8.970000000000000000e+02
4.400000000000000000e+02 9.050000000000000000e+02
4.700000000000000000e+02 8.980000000000000000e+02
5.080000000000000000e+02 9.060000000000000000e+02
5.480000000000000000e+02 9.260000000000000000e+02
5.090000000000000000e+02 9.480000000000000000e+02
4.710000000000000000e+02 9.560000000000000000e+02
4.390000000000000000e+02 9.580000000000000000e+02
4.070000000000000000e+02 9.540000000000000000e+02
3.710000000000000000e+02 9.430000000000000000e+02
3.500000000000000000e+02 9.210000000000000000e+02
4.090000000000000000e+02 9.160000000000000000e+02
4.400000000000000000e+02 9.190000000000000000e+02
4.710000000000000000e+02 9.170000000000000000e+02
5.290000000000000000e+02 9.240000000000000000e+02
4.690000000000000000e+02 9.220000000000000000e+02
4.390000000000000000e+02 9.240000000000000000e+02
4.080000000000000000e+02 9.200000000000000000e+02
