1.330000000000000000e+02 6.480000000000000000e+02
1.390000000000000000e+02 7.320000000000000000e+02
1.510000000000000000e+02 8.090000000000000000e+02
1.680000000000000000e+02 8.870000000000000000e+02
1.950000000000000000e+02 9.620000000000000000e+02
2.330000000000000000e+02 1.029000000000000000e+03
2.980000000000000000e+02 1.074000000000000000e+03
3.740000000000000000e+02 1.104000000000000000e+03
4.520000000000000000e+02 1.114000000000000000e+03
5.300000000000000000e+02 1.101000000000000000e+03
6.040000000000000000e+02 1.068000000000000000e+03
6.650000000000000000e+02 1.020000000000000000e+03
7.000000000000000000e+02 9.540000000000000000e+02
7.240000000000000000e+02 8.790000000000000000e+02
7.370000000000000000e+02 8.040000000000000000e+02
7.490000000000000000e+02 7.280000000000000000e+02
7.520000000000000000e+02 6.490000000000000000e+02
1.710000000000000000e+02 5.620000000000000000e+02
2.130000000000000000e+02 5.240000000000000000e+02
2.750000000000000000e+02 5.220000000000000000e+02
3.340000000000000000e+02 5.390000000000000000e+02
3.900000000000000000e+02 5.640000000000000000e+02
4.880000000000000000e+02 5.670000000000000000e+02
5.420000000000000000e+02 5.430000000000000000e+02
6.010000000000000000e+02 5.280000000000000000e+02
6.620000000000000000e+02 5.300000000000000000e+02
7.050000000000000000e+02 5.670000000000000000e+02
4.410000000000000000e+02 6.180000000000000000e+02
4.400000000000000000e+02 6.680000000000000000e+02
4.380000000000000000e+02 7.170000000000000000e+02
4.380000000000000000e+02 7.690000000000000000e+02
3.830000000000000000e+02 8.110000000000000000e+02
4.090000000000000000e+02 8.230000000000000000e+02
4.390000000000000000e+02 8.300000000000000000e+02
4.690000000000000000e+02 8.220000000000000000e+02
4.960000000000000000e+02 8.100000000000000000e+02
2.420000000000000000e+02 6.270000000000000000e+02
2.750000000000000000e+02 6.070000000000000000e+02
3.160000000000000000e+02 6.090000000000000000e+02
3.590000000000000000e+02 6.350000000000000000e+02
3.160000000000000000e+02 6.460000000000000000e+02
2.730000000000000000e+02 6.470000000000000000e+02
5.240000000000000000e+02 6.370000000000000000e+02
5.630000000000000000e+02 6.100000000000000000e+02
6.060000000000000000e+02 6.110000000000000000e+02
6.410000000000000000e+02 6.320000000000000000e+02
6.070000000000000000e+02 6.510000000000000000e+02
5.630000000000000000e+02 6.490000000000000000e+02
3.350000000000000000e+02 9.280000000000000000e+02
3.770000000000000000e+02 9.030000000000000000e+02
4.130000000000000000e+02 8.910000000000000000e+02
4.390000000000000000e+02 8.980000000000000000e+02
4.640000000000000000e+02 8.910000000000000000e+02
5.000000000000000000e+02 9.020000000000000000e+02
5.450000000000000000e+02 9.220000000000000000e+02
5.020000000000000000e+02 9.310000000000000000e+02
4.690000000000000000e+02 9.350000000000000000e+02
4.420000000000000000e+02 9.380000000000000000e+02
4.140000000000000000e+02 9.360000000000000000e+02
3.780000000000000000e+02 9.340000000000000000e+02
3.510000000000000000e+02 9.230000000000000000e+02
4.130000000000000000e+02 9.120000000000000000e+02
4.400000000000000000e+02 9.150000000000000000e+02
4.660000000000000000e+02 9.110000000000000000e+02
5.270000000000000000e+02 9.190000000000000000e+02
4.670000000000000000e+02 9.080000000000000000e+02
4.410000000000000000e+02 9.110000000000000000e+02
4.140000000000000000e+02 9.090000000000000000e+02
