1.380000000000000000e+02 6.380000000000000000e+02
1.490000000000000000e+02 7.180000000000000000e+02
1.640000000000000000e+02 7.950000000000000000e+02
1.750000000000000000e+02 8.720000000000000000e+02
1.950000000000000000e+02 9.430000000000000000e+02
2.370000000000000000e+02 1.007000000000000000e+03
2.930000000000000000e+02 1.057000000000000000e+03
3.590000000000000000e+02 1.098000000000000000e+03
4.360000000000000000e+02 1.110000000000000000e+03
5.130000000000000000e+02 1.098000000000000000e+03
5.800000000000000000e+02 1.052000000000000000e+03
6.340000000000000000e+02 9.990000000000000000e+02
6.720000000000000000e+02 9.330000000000000000e+02
6.930000000000000000e+02 8.600000000000000000e+02
7.060000000000000000e+02 7.830000000000000000e+02
7.220000000000000000e+02 7.080000000000000000e+02
7.320000000000000000e+02 6.300000000000000000e+02
1.730000000000000000e+02 5.860000000000000000e+02
2.130000000000000000e+02 5.470000000000000000e+02
2.730000000000000000e+02 5.380000000000000000e+02
3.340000000000000000e+02 5.450000000000000000e+02
3.920000000000000000e+02 5.660000000000000000e+02
4.890000000000000000e+02 5.660000000000000000e+02
5.470000000000000000e+02 5.470000000000000000e+02
6.080000000000000000e+02 5.410000000000000000e+02
6.680000000000000000e+02 5.490000000000000000e+02
7.070000000000000000e+02 5.910000000000000000e+02
4.410000000000000000e+02 6.160000000000000000e+02
4.410000000000000000e+02 6.690000000000000000e+02
4.410000000000000000e+02 7.220000000000000000e+02
4.420000000000000000e+02 7.770000000000000000e+02
3.870000000000000000e+02 8.100000000000000000e+02
4.130000000000000000e+02 8.210000000000000000e+02
4.420000000000000000e+02 8.300000000000000000e+02
4.710000000000000000e+02 8.200000000000000000e+02
4.960000000000000000e+02 8.080000000000000000e+02
2.500000000000000000e+02 6.130000000000000000e+02
2.810000000000000000e+02 5.820000000000000000e+02
3.250000000000000000e+02 5.840000000000000000e+02
3.570000000000000000e+02 6.240000000000000000e+02
3.210000000000000000e+02 6.320000000000000000e+02
2.770000000000000000e+02 6.310000000000000000e+02
5.270000000000000000e+02 6.230000000000000000e+02
5.590000000000000000e+02 5.850000000000000000e+02
6.030000000000000000e+02 5.850000000000000000e+02
6.320000000000000000e+02 6.160000000000000000e+02
6.050000000000000000e+02 6.340000000000000000e+02
5.630000000000000000e+02 6.330000000000000000e+02
3.390000000000000000e+02 9.350000000000000000e+02
3.730000000000000000e+02 9.110000000000000000e+02
4.130000000000000000e+02 8.940000000000000000e+02
4.420000000000000000e+02 9.020000000000000000e+02
4.700000000000000000e+02 8.930000000000000000e+02
5.110000000000000000e+02 9.080000000000000000e+02
5.470000000000000000e+02 9.320000000000000000e+02
5.130000000000000000e+02 9.560000000000000000e+02
4.760000000000000000e+02 9.690000000000000000e+02
4.450000000000000000e+02 9.720000000000000000e+02
4.140000000000000000e+02 9.700000000000000000e+02
3.760000000000000000e+02 9.580000000000000000e+02
3.580000000000000000e+02 9.340000000000000000e+02
4.130000000000000000e+02 9.260000000000000000e+02
4.420000000000000000e+02 9.270000000000000000e+02
4.710000000000000000e+02 9.240000000000000000e+02
5.290000000000000000e+02 9.310000000000000000e+02
4.730000000000000000e+02 9.260000000000000000e+02
4.440000000000000000e+02 9.290000000000000000e+02
4.150000000000000000e+02 9.270000000000000000e+02
