1.390000000000000000e+02 6.280000000000000000e+02
1.500000000000000000e+02 7.080000000000000000e+02
1.680000000000000000e+02 7.870000000000000000e+02
1.860000000000000000e+02 8.650000000000000000e+02
2.070000000000000000e+02 9.390000000000000000e+02
2.460000000000000000e+02 1.005000000000000000e+03
3.000000000000000000e+02 1.058000000000000000e+03
3.660000000000000000e+02 1.096000000000000000e+03
4.410000000000000000e+02 1.106000000000000000e+03
5.170000000000000000e+02 1.097000000000000000e+03
5.850000000000000000e+02 1.058000000000000000e+03
6.390000000000000000e+02 1.002000000000000000e+03
6.770000000000000000e+02 9.350000000000000000e+02
6.990000000000000000e+02 8.610000000000000000e+02
7.170000000000000000e+02 7.840000000000000000e+02
7.360000000000000000e+02 7.060000000000000000e+02
7.460000000000000000e+02 6.240000000000000000e+02
1.870000000000000000e+02 5.610000000000000000e+02
2.270000000000000000e+02 5.330000000000000000e+02
2.780000000000000000e+02 5.300000000000000000e+02
3.290000000000000000e+02 5.380000000000000000e+02
3.790000000000000000e+02 5.600000000000000000e+02
5.000000000000000000e+02 5.580000000000000000e+02
5.490000000000000000e+02 5.350000000000000000e+02
6.030000000000000000e+02 5.280000000000000000e+02
6.560000000000000000e+02 5.340000000000000000e+02
6.930000000000000000e+02 5.660000000000000000e+02
4.400000000000000000e+02 6.180000000000000000e+02
4.400000000000000000e+02 6.790000000000000000e+02
4.390000000000000000e+02 7.400000000000000000e+02
4.390000000000000000e+02 8.000000000000000000e+02
3.770000000000000000e+02 8.260000000000000000e+02
4.070000000000000000e+02 8.400000000000000000e+02
4.410000000000000000e+02 8.510000000000000000e+02
4.740000000000000000e+02 8.400000000000000000e+02
5.040000000000000000e+02 8.250000000000000000e+02
2.430000000000000000e+02 6.310000000000000000e+02
2.760000000000000000e+02 6.050000000000000000e+02
3.200000000000000000e+02 6.060000000000000000e+02
3.530000000000000000e+02 6.400000000000000000e+02
3.150000000000000000e+02 6.490000000000000000e+02
2.720000000000000000e+02 6.490000000000000000e+02
5.250000000000000000e+02 6.360000000000000000e+02
5.590000000000000000e+02 6.010000000000000000e+02
6.040000000000000000e+02 5.980000000000000000e+02
6.390000000000000000e+02 6.240000000000000000e+02
6.070000000000000000e+02 6.410000000000000000e+02
5.640000000000000000e+02 6.420000000000000000e+02
3.230000000000000000e+02 9.220000000000000000e+02
3.690000000000000000e+02 9.060000000000000000e+02
4.090000000000000000e+02 8.960000000000000000e+02
4.410000000000000000e+02 9.020000000000000000e+02
4.720000000000000000e+02 8.940000000000000000e+02
5.120000000000000000e+02 9.010000000000000000e+02
5.570000000000000000e+02 9.150000000000000000e+02
5.150000000000000000e+02 9.450000000000000000e+02
4.760000000000000000e+02 9.610000000000000000e+02
4.430000000000000000e+02 9.650000000000000000e+02
4.090000000000000000e+02 9.620000000000000000e+02
3.690000000000000000e+02 9.470000000000000000e+02
3.430000000000000000e+02 9.250000000000000000e+02
4.090000000000000000e+02 9.200000000000000000e+02
4.410000000000000000e+02 9.220000000000000000e+02
4.730000000000000000e+02 9.180000000000000000e+02
5.390000000000000000e+02 9.200000000000000000e+02
4.750000000000000000e+02 9.190000000000000000e+02
4.420000000000000000e+02 9.240000000000000000e+02
4.100000000000000000e+02 9.210000000000000000e+02
