1.460000000000000000e+02 6.470000000000000000e+02
1.520000000000000000e+02 7.280000000000000000e+02
1.620000000000000000e+02 8.070000000000000000e+02
1.750000000000000000e+02 8.890000000000000000e+02
1.990000000000000000e+02 9.680000000000000000e+02
2.420000000000000000e+02 1.033000000000000000e+03
3.030000000000000000e+02 1.083000000000000000e+03
3.720000000000000000e+02 1.121000000000000000e+03
4.500000000000000000e+02 1.131000000000000000e+03
5.300000000000000000e+02 1.116000000000000000e+03
6.010000000000000000e+02 1.073000000000000000e+03
6.630000000000000000e+02 1.019000000000000000e+03
7.060000000000000000e+02 9.510000000000000000e+02
7.310000000000000000e+02 8.730000000000000000e+02
7.420000000000000000e+02 7.930000000000000000e+02
7.480000000000000000e+02 7.150000000000000000e+02
7.500000000000000000e+02 6.370000000000000000e+02
2.060000000000000000e+02 5.550000000000000000e+02
2.370000000000000000e+02 5.240000000000000000e+02
2.850000000000000000e+02 5.170000000000000000e+02
3.340000000000000000e+02 5.300000000000000000e+02
3.780000000000000000e+02 5.560000000000000000e+02
4.890000000000000000e+02 5.570000000000000000e+02
5.350000000000000000e+02 5.320000000000000000e+02
5.830000000000000000e+02 5.170000000000000000e+02
6.330000000000000000e+02 5.230000000000000000e+02
6.660000000000000000e+02 5.540000000000000000e+02
4.390000000000000000e+02 6.100000000000000000e+02
4.380000000000000000e+02 6.590000000000000000e+02
4.360000000000000000e+02 7.090000000000000000e+02
4.350000000000000000e+02 7.610000000000000000e+02
3.910000000000000000e+02 8.030000000000000000e+02
4.130000000000000000e+02 8.140000000000000000e+02
4.370000000000000000e+02 8.210000000000000000e+02
4.620000000000000000e+02 8.150000000000000000e+02
4.830000000000000000e+02 8.060000000000000000e+02
2.680000000000000000e+02 6.230000000000000000e+02
2.970000000000000000e+02 6.090000000000000000e+02
3.290000000000000000e+02 6.100000000000000000e+02
3.600000000000000000e+02 6.260000000000000000e+02
3.290000000000000000e+02 6.340000000000000000e+02
2.970000000000000000e+02 6.350000000000000000e+02
5.190000000000000000e+02 6.270000000000000000e+02
5.510000000000000000e+02 6.100000000000000000e+02
5.840000000000000000e+02 6.100000000000000000e+02
6.130000000000000000e+02 6.250000000000000000e+02
5.860000000000000000e+02 6.360000000000000000e+02
5.530000000000000000e+02 6.360000000000000000e+02
3.420000000000000000e+02 9.250000000000000000e+02
3.800000000000000000e+02 9.060000000000000000e+02
4.130000000000000000e+02 8.980000000000000000e+02
4.370000000000000000e+02 9.060000000000000000e+02
4.630000000000000000e+02 9.000000000000000000e+02
4.960000000000000000e+02 9.110000000000000000e+02
5.370000000000000000e+02 9.310000000000000000e+02
4.960000000000000000e+02 9.420000000000000000e+02
4.640000000000000000e+02 9.430000000000000000e+02
4.360000000000000000e+02 9.430000000000000000e+02
4.100000000000000000e+02 9.420000000000000000e+02
3.790000000000000000e+02 9.370000000000000000e+02
3.570000000000000000e+02 9.230000000000000000e+02
4.120000000000000000e+02 9.220000000000000000e+02
4.380000000000000000e+02 9.260000000000000000e+02
4.630000000000000000e+02 9.240000000000000000e+02
5.210000000000000000e+02 9.280000000000000000e+02
4.620000000000000000e+02 9.190000000000000000e+02
4.370000000000000000e+02 9.200000000000000000e+02
4.120000000000000000e+02 9.170000000000000000e+02
