1.350000000000000000e+02 5.900000000000000000e+02
1.460000000000000000e+02 6.760000000000000000e+02
1.620000000000000000e+02 7.590000000000000000e+02
1.780000000000000000e+02 8.390000000000000000e+02
2.020000000000000000e+02 9.130000000000000000e+02
2.420000000000000000e+02 9.810000000000000000e+02
2.960000000000000000e+02 1.035000000000000000e+03
3.570000000000000000e+02 1.082000000000000000e+03
4.350000000000000000e+02 1.095000000000000000e+03
5.130000000000000000e+02 1.085000000000000000e+03
5.810000000000000000e+02 1.039000000000000000e+03
6.420000000000000000e+02 9.830000000000000000e+02
6.870000000000000000e+02 9.150000000000000000e+02
7.120000000000000000e+02 8.380000000000000000e+02
7.250000000000000000e+02 7.530000000000000000e+02
7.360000000000000000e+02 6.690000000000000000e+02
7.460000000000000000e+02 5.830000000000000000e+02
1.920000000000000000e+02 5.880000000000000000e+02
2.320000000000000000e+02 5.500000000000000000e+02
2.890000000000000000e+02 5.350000000000000000e+02
3.480000000000000000e+02 5.420000000000000000e+02
4.020000000000000000e+02 5.620000000000000000e+02
4.680000000000000000e+02 5.590000000000000000e+02
5.270000000000000000e+02 5.420000000000000000e+02
5.870000000000000000e+02 5.350000000000000000e+02
6.470000000000000000e+02 5.510000000000000000e+02
6.860000000000000000e+02 5.930000000000000000e+02
4.400000000000000000e+02 6.240000000000000000e+02
4.400000000000000000e+02 6.900000000000000000e+02
4.390000000000000000e+02 7.560000000000000000e+02
4.390000000000000000e+02 8.230000000000000000e+02
3.780000000000000000e+02 8.420000000000000000e+02
4.070000000000000000e+02 8.550000000000000000e+02
4.390000000000000000e+02 8.660000000000000000e+02
4.720000000000000000e+02 8.550000000000000000e+02
5.030000000000000000e+02 8.440000000000000000e+02
2.630000000000000000e+02 6.180000000000000000e+02
2.970000000000000000e+02 6.010000000000000000e+02
3.390000000000000000e+02 6.010000000000000000e+02
3.710000000000000000e+02 6.300000000000000000e+02
3.370000000000000000e+02 6.400000000000000000e+02
2.940000000000000000e+02 6.390000000000000000e+02
5.100000000000000000e+02 6.340000000000000000e+02
5.420000000000000000e+02 6.060000000000000000e+02
5.830000000000000000e+02 6.040000000000000000e+02
6.160000000000000000e+02 6.230000000000000000e+02
5.870000000000000000e+02 6.440000000000000000e+02
5.450000000000000000e+02 6.450000000000000000e+02
3.400000000000000000e+02 9.270000000000000000e+02
3.760000000000000000e+02 9.210000000000000000e+02
4.120000000000000000e+02 9.140000000000000000e+02
4.410000000000000000e+02 9.240000000000000000e+02
4.700000000000000000e+02 9.160000000000000000e+02
5.060000000000000000e+02 9.240000000000000000e+02
5.440000000000000000e+02 9.330000000000000000e+02
5.050000000000000000e+02 9.580000000000000000e+02
4.680000000000000000e+02 9.680000000000000000e+02
4.370000000000000000e+02 9.700000000000000000e+02
4.070000000000000000e+02 9.650000000000000000e+02
3.730000000000000000e+02 9.530000000000000000e+02
3.580000000000000000e+02 9.310000000000000000e+02
4.110000000000000000e+02 9.360000000000000000e+02
4.410000000000000000e+02 9.400000000000000000e+02
4.700000000000000000e+02 9.370000000000000000e+02
5.250000000000000000e+02 9.350000000000000000e+02
4.670000000000000000e+02 9.350000000000000000e+02
4.380000000000000000e+02 9.380000000000000000e+02
4.090000000000000000e+02 9.330000000000000000e+02
