1.480000000000000000e+02 6.120000000000000000e+02
1.540000000000000000e+02 6.960000000000000000e+02
1.670000000000000000e+02 7.760000000000000000e+02
1.790000000000000000e+02 8.580000000000000000e+02
2.020000000000000000e+02 9.370000000000000000e+02
2.440000000000000000e+02 1.008000000000000000e+03
3.030000000000000000e+02 1.068000000000000000e+03
3.710000000000000000e+02 1.120000000000000000e+03
4.450000000000000000e+02 1.132000000000000000e+03
5.180000000000000000e+02 1.119000000000000000e+03
5.850000000000000000e+02 1.071000000000000000e+03
6.400000000000000000e+02 1.009000000000000000e+03
6.770000000000000000e+02 9.350000000000000000e+02
6.960000000000000000e+02 8.550000000000000000e+02
7.050000000000000000e+02 7.730000000000000000e+02
7.140000000000000000e+02 6.910000000000000000e+02
7.180000000000000000e+02 6.070000000000000000e+02
1.910000000000000000e+02 5.860000000000000000e+02
2.210000000000000000e+02 5.440000000000000000e+02
2.740000000000000000e+02 5.310000000000000000e+02
3.290000000000000000e+02 5.390000000000000000e+02
3.840000000000000000e+02 5.560000000000000000e+02
5.020000000000000000e+02 5.500000000000000000e+02
5.560000000000000000e+02 5.330000000000000000e+02
6.070000000000000000e+02 5.240000000000000000e+02
6.580000000000000000e+02 5.370000000000000000e+02
6.850000000000000000e+02 5.790000000000000000e+02
4.450000000000000000e+02 6.130000000000000000e+02
4.450000000000000000e+02 6.730000000000000000e+02
4.450000000000000000e+02 7.330000000000000000e+02
4.450000000000000000e+02 7.940000000000000000e+02
3.880000000000000000e+02 8.150000000000000000e+02
4.130000000000000000e+02 8.310000000000000000e+02
4.440000000000000000e+02 8.440000000000000000e+02
4.750000000000000000e+02 8.310000000000000000e+02
5.020000000000000000e+02 8.170000000000000000e+02
2.590000000000000000e+02 6.220000000000000000e+02
2.910000000000000000e+02 6.060000000000000000e+02
3.300000000000000000e+02 6.040000000000000000e+02
3.650000000000000000e+02 6.240000000000000000e+02
3.300000000000000000e+02 6.350000000000000000e+02
2.900000000000000000e+02 6.380000000000000000e+02
5.180000000000000000e+02 6.230000000000000000e+02
5.500000000000000000e+02 6.030000000000000000e+02
5.880000000000000000e+02 6.040000000000000000e+02
6.180000000000000000e+02 6.210000000000000000e+02
5.910000000000000000e+02 6.370000000000000000e+02
5.520000000000000000e+02 6.350000000000000000e+02
3.460000000000000000e+02 9.190000000000000000e+02
3.820000000000000000e+02 9.120000000000000000e+02
4.150000000000000000e+02 9.060000000000000000e+02
4.420000000000000000e+02 9.150000000000000000e+02
4.700000000000000000e+02 9.070000000000000000e+02
5.050000000000000000e+02 9.140000000000000000e+02
5.460000000000000000e+02 9.230000000000000000e+02
5.060000000000000000e+02 9.490000000000000000e+02
4.730000000000000000e+02 9.620000000000000000e+02
4.450000000000000000e+02 9.650000000000000000e+02
4.160000000000000000e+02 9.620000000000000000e+02
3.830000000000000000e+02 9.470000000000000000e+02
3.650000000000000000e+02 9.220000000000000000e+02
4.150000000000000000e+02 9.250000000000000000e+02
4.430000000000000000e+02 9.290000000000000000e+02
4.710000000000000000e+02 9.250000000000000000e+02
5.270000000000000000e+02 9.240000000000000000e+02
4.720000000000000000e+02 9.280000000000000000e+02
4.440000000000000000e+02 9.320000000000000000e+02
4.170000000000000000e+02 9.260000000000000000e+02
