1.350000000000000000e+02 6.370000000000000000e+02
1.440000000000000000e+02 7.210000000000000000e+02
1.550000000000000000e+02 8.060000000000000000e+02
1.660000000000000000e+02 8.890000000000000000e+02
1.940000000000000000e+02 9.650000000000000000e+02
2.410000000000000000e+02 1.033000000000000000e+03
3.010000000000000000e+02 1.086000000000000000e+03
3.700000000000000000e+02 1.129000000000000000e+03
4.470000000000000000e+02 1.147000000000000000e+03
5.240000000000000000e+02 1.134000000000000000e+03
5.910000000000000000e+02 1.092000000000000000e+03
6.470000000000000000e+02 1.040000000000000000e+03
6.940000000000000000e+02 9.750000000000000000e+02
7.260000000000000000e+02 8.980000000000000000e+02
7.410000000000000000e+02 8.140000000000000000e+02
7.510000000000000000e+02 7.280000000000000000e+02
7.580000000000000000e+02 6.430000000000000000e+02
2.040000000000000000e+02 5.760000000000000000e+02
2.380000000000000000e+02 5.420000000000000000e+02
2.890000000000000000e+02 5.300000000000000000e+02
3.420000000000000000e+02 5.340000000000000000e+02
3.950000000000000000e+02 5.480000000000000000e+02
4.850000000000000000e+02 5.540000000000000000e+02
5.370000000000000000e+02 5.410000000000000000e+02
5.920000000000000000e+02 5.360000000000000000e+02
6.450000000000000000e+02 5.490000000000000000e+02
6.810000000000000000e+02 5.850000000000000000e+02
4.360000000000000000e+02 6.070000000000000000e+02
4.350000000000000000e+02 6.600000000000000000e+02
4.340000000000000000e+02 7.100000000000000000e+02
4.330000000000000000e+02 7.640000000000000000e+02
3.790000000000000000e+02 8.040000000000000000e+02
4.060000000000000000e+02 8.130000000000000000e+02
4.360000000000000000e+02 8.190000000000000000e+02
4.670000000000000000e+02 8.140000000000000000e+02
4.960000000000000000e+02 8.060000000000000000e+02
2.670000000000000000e+02 6.200000000000000000e+02
2.990000000000000000e+02 6.090000000000000000e+02
3.320000000000000000e+02 6.080000000000000000e+02
3.650000000000000000e+02 6.210000000000000000e+02
3.310000000000000000e+02 6.290000000000000000e+02
2.980000000000000000e+02 6.300000000000000000e+02
5.120000000000000000e+02 6.240000000000000000e+02
5.450000000000000000e+02 6.120000000000000000e+02
5.780000000000000000e+02 6.150000000000000000e+02
6.110000000000000000e+02 6.270000000000000000e+02
5.790000000000000000e+02 6.360000000000000000e+02
5.450000000000000000e+02 6.330000000000000000e+02
3.470000000000000000e+02 9.210000000000000000e+02
3.760000000000000000e+02 8.910000000000000000e+02
4.080000000000000000e+02 8.790000000000000000e+02
4.420000000000000000e+02 8.880000000000000000e+02
4.740000000000000000e+02 8.800000000000000000e+02
5.120000000000000000e+02 8.930000000000000000e+02
5.420000000000000000e+02 9.250000000000000000e+02
5.100000000000000000e+02 9.390000000000000000e+02
4.750000000000000000e+02 9.500000000000000000e+02
4.420000000000000000e+02 9.530000000000000000e+02
4.080000000000000000e+02 9.490000000000000000e+02
3.760000000000000000e+02 9.380000000000000000e+02
3.620000000000000000e+02 9.180000000000000000e+02
4.090000000000000000e+02 9.090000000000000000e+02
4.420000000000000000e+02 9.120000000000000000e+02
4.740000000000000000e+02 9.100000000000000000e+02
5.260000000000000000e+02 9.210000000000000000e+02
4.740000000000000000e+02 9.090000000000000000e+02
4.420000000000000000e+02 9.130000000000000000e+02
4.090000000000000000e+02 9.090000000000000000e+02
