1.360000000000000000e+02 6.150000000000000000e+02
1.480000000000000000e+02 7.020000000000000000e+02
1.680000000000000000e+02 7.830000000000000000e+02
1.840000000000000000e+02 8.640000000000000000e+02
2.090000000000000000e+02 9.410000000000000000e+02
2.480000000000000000e+02 1.007000000000000000e+03
3.060000000000000000e+02 1.058000000000000000e+03
3.720000000000000000e+02 1.094000000000000000e+03
4.420000000000000000e+02 1.106000000000000000e+03
5.130000000000000000e+02 1.090000000000000000e+03
5.800000000000000000e+02 1.052000000000000000e+03
6.360000000000000000e+02 9.990000000000000000e+02
6.760000000000000000e+02 9.310000000000000000e+02
6.990000000000000000e+02 8.550000000000000000e+02
7.170000000000000000e+02 7.770000000000000000e+02
7.350000000000000000e+02 6.980000000000000000e+02
7.430000000000000000e+02 6.130000000000000000e+02
1.780000000000000000e+02 5.930000000000000000e+02
2.130000000000000000e+02 5.420000000000000000e+02
2.770000000000000000e+02 5.210000000000000000e+02
3.410000000000000000e+02 5.290000000000000000e+02
3.980000000000000000e+02 5.550000000000000000e+02
4.820000000000000000e+02 5.490000000000000000e+02
5.400000000000000000e+02 5.240000000000000000e+02
6.040000000000000000e+02 5.180000000000000000e+02
6.650000000000000000e+02 5.400000000000000000e+02
7.020000000000000000e+02 5.880000000000000000e+02
4.380000000000000000e+02 6.140000000000000000e+02
4.370000000000000000e+02 6.730000000000000000e+02
4.360000000000000000e+02 7.300000000000000000e+02
4.340000000000000000e+02 7.880000000000000000e+02
3.840000000000000000e+02 8.240000000000000000e+02
4.080000000000000000e+02 8.370000000000000000e+02
4.360000000000000000e+02 8.460000000000000000e+02
4.640000000000000000e+02 8.370000000000000000e+02
4.920000000000000000e+02 8.260000000000000000e+02
2.470000000000000000e+02 6.290000000000000000e+02
2.810000000000000000e+02 6.100000000000000000e+02
3.220000000000000000e+02 6.090000000000000000e+02
3.600000000000000000e+02 6.370000000000000000e+02
3.220000000000000000e+02 6.470000000000000000e+02
2.790000000000000000e+02 6.470000000000000000e+02
5.230000000000000000e+02 6.360000000000000000e+02
5.590000000000000000e+02 6.080000000000000000e+02
6.000000000000000000e+02 6.070000000000000000e+02
6.330000000000000000e+02 6.280000000000000000e+02
6.030000000000000000e+02 6.440000000000000000e+02
5.600000000000000000e+02 6.440000000000000000e+02
3.470000000000000000e+02 9.310000000000000000e+02
3.850000000000000000e+02 9.090000000000000000e+02
4.180000000000000000e+02 8.950000000000000000e+02
4.420000000000000000e+02 9.020000000000000000e+02
4.660000000000000000e+02 8.950000000000000000e+02
4.990000000000000000e+02 9.080000000000000000e+02
5.390000000000000000e+02 9.250000000000000000e+02
5.010000000000000000e+02 9.570000000000000000e+02
4.690000000000000000e+02 9.720000000000000000e+02
4.420000000000000000e+02 9.750000000000000000e+02
4.150000000000000000e+02 9.720000000000000000e+02
3.830000000000000000e+02 9.580000000000000000e+02
3.640000000000000000e+02 9.270000000000000000e+02
4.170000000000000000e+02 9.220000000000000000e+02
4.420000000000000000e+02 9.230000000000000000e+02
4.670000000000000000e+02 9.200000000000000000e+02
5.220000000000000000e+02 9.240000000000000000e+02
4.670000000000000000e+02 9.260000000000000000e+02
4.420000000000000000e+02 9.300000000000000000e+02
4.170000000000000000e+02 9.270000000000000000e+02
