1.420000000000000000e+02 6.640000000000000000e+02
1.460000000000000000e+02 7.400000000000000000e+02
1.570000000000000000e+02 8.130000000000000000e+02
1.730000000000000000e+02 8.840000000000000000e+02
2.010000000000000000e+02 9.510000000000000000e+02
2.440000000000000000e+02 1.007000000000000000e+03
3.000000000000000000e+02 1.057000000000000000e+03
3.650000000000000000e+02 1.096000000000000000e+03
4.380000000000000000e+02 1.111000000000000000e+03
5.110000000000000000e+02 1.101000000000000000e+03
5.800000000000000000e+02 1.069000000000000000e+03
6.380000000000000000e+02 1.023000000000000000e+03
6.850000000000000000e+02 9.650000000000000000e+02
7.140000000000000000e+02 8.950000000000000000e+02
7.280000000000000000e+02 8.190000000000000000e+02
7.380000000000000000e+02 7.420000000000000000e+02
7.430000000000000000e+02 6.650000000000000000e+02
1.960000000000000000e+02 5.570000000000000000e+02
2.240000000000000000e+02 5.190000000000000000e+02
2.740000000000000000e+02 5.040000000000000000e+02
3.260000000000000000e+02 5.070000000000000000e+02
3.770000000000000000e+02 5.290000000000000000e+02
4.960000000000000000e+02 5.270000000000000000e+02
5.470000000000000000e+02 5.090000000000000000e+02
5.990000000000000000e+02 5.080000000000000000e+02
6.480000000000000000e+02 5.220000000000000000e+02
6.830000000000000000e+02 5.590000000000000000e+02
4.390000000000000000e+02 6.160000000000000000e+02
4.360000000000000000e+02 6.640000000000000000e+02
4.330000000000000000e+02 7.110000000000000000e+02
4.290000000000000000e+02 7.610000000000000000e+02
3.830000000000000000e+02 8.100000000000000000e+02
4.070000000000000000e+02 8.200000000000000000e+02
4.340000000000000000e+02 8.270000000000000000e+02
4.610000000000000000e+02 8.180000000000000000e+02
4.880000000000000000e+02 8.100000000000000000e+02
2.600000000000000000e+02 6.300000000000000000e+02
2.910000000000000000e+02 6.120000000000000000e+02
3.290000000000000000e+02 6.110000000000000000e+02
3.640000000000000000e+02 6.360000000000000000e+02
3.280000000000000000e+02 6.430000000000000000e+02
2.900000000000000000e+02 6.450000000000000000e+02
5.200000000000000000e+02 6.360000000000000000e+02
5.550000000000000000e+02 6.150000000000000000e+02
5.930000000000000000e+02 6.140000000000000000e+02
6.240000000000000000e+02 6.330000000000000000e+02
5.940000000000000000e+02 6.470000000000000000e+02
5.550000000000000000e+02 6.450000000000000000e+02
3.340000000000000000e+02 9.220000000000000000e+02
3.710000000000000000e+02 8.990000000000000000e+02
4.100000000000000000e+02 8.870000000000000000e+02
4.380000000000000000e+02 8.960000000000000000e+02
4.660000000000000000e+02 8.870000000000000000e+02
5.090000000000000000e+02 8.990000000000000000e+02
5.520000000000000000e+02 9.210000000000000000e+02
5.120000000000000000e+02 9.540000000000000000e+02
4.710000000000000000e+02 9.680000000000000000e+02
4.410000000000000000e+02 9.720000000000000000e+02
4.100000000000000000e+02 9.680000000000000000e+02
3.710000000000000000e+02 9.550000000000000000e+02
3.530000000000000000e+02 9.220000000000000000e+02
4.100000000000000000e+02 9.240000000000000000e+02
4.390000000000000000e+02 9.280000000000000000e+02
4.670000000000000000e+02 9.250000000000000000e+02
5.330000000000000000e+02 9.220000000000000000e+02
4.670000000000000000e+02 9.260000000000000000e+02
4.390000000000000000e+02 9.300000000000000000e+02
4.110000000000000000e+02 9.250000000000000000e+02
