1.840000000000000000e+02 6.280000000000000000e+02
1.840000000000000000e+02 7.030000000000000000e+02
1.890000000000000000e+02 7.790000000000000000e+02
2.000000000000000000e+02 8.550000000000000000e+02
2.170000000000000000e+02 9.270000000000000000e+02
2.500000000000000000e+02 9.960000000000000000e+02
2.970000000000000000e+02 1.056000000000000000e+03
3.540000000000000000e+02 1.106000000000000000e+03
4.380000000000000000e+02 1.116000000000000000e+03
5.250000000000000000e+02 1.111000000000000000e+03
5.950000000000000000e+02 1.068000000000000000e+03
6.510000000000000000e+02 1.011000000000000000e+03
6.950000000000000000e+02 9.430000000000000000e+02
7.190000000000000000e+02 8.660000000000000000e+02
7.300000000000000000e+02 7.850000000000000000e+02
7.390000000000000000e+02 7.030000000000000000e+02
7.430000000000000000e+02 6.200000000000000000e+02
2.000000000000000000e+02 5.850000000000000000e+02
2.260000000000000000e+02 5.410000000000000000e+02
2.780000000000000000e+02 5.280000000000000000e+02
3.300000000000000000e+02 5.360000000000000000e+02
3.810000000000000000e+02 5.570000000000000000e+02
4.880000000000000000e+02 5.550000000000000000e+02
5.450000000000000000e+02 5.310000000000000000e+02
6.060000000000000000e+02 5.230000000000000000e+02
6.660000000000000000e+02 5.350000000000000000e+02
7.050000000000000000e+02 5.800000000000000000e+02
4.330000000000000000e+02 6.200000000000000000e+02
4.300000000000000000e+02 6.810000000000000000e+02
4.270000000000000000e+02 7.410000000000000000e+02
4.240000000000000000e+02 8.020000000000000000e+02
3.660000000000000000e+02 8.230000000000000000e+02
3.950000000000000000e+02 8.350000000000000000e+02
4.270000000000000000e+02 8.470000000000000000e+02
4.640000000000000000e+02 8.350000000000000000e+02
4.980000000000000000e+02 8.250000000000000000e+02
2.520000000000000000e+02 6.270000000000000000e+02
2.830000000000000000e+02 6.020000000000000000e+02
3.280000000000000000e+02 6.040000000000000000e+02
3.650000000000000000e+02 6.360000000000000000e+02
3.230000000000000000e+02 6.480000000000000000e+02
2.790000000000000000e+02 6.480000000000000000e+02
5.240000000000000000e+02 6.330000000000000000e+02
5.620000000000000000e+02 6.020000000000000000e+02
6.070000000000000000e+02 5.980000000000000000e+02
6.400000000000000000e+02 6.220000000000000000e+02
6.120000000000000000e+02 6.450000000000000000e+02
5.660000000000000000e+02 6.450000000000000000e+02
3.210000000000000000e+02 9.150000000000000000e+02
3.620000000000000000e+02 9.040000000000000000e+02
4.000000000000000000e+02 8.980000000000000000e+02
4.330000000000000000e+02 9.080000000000000000e+02
4.680000000000000000e+02 8.990000000000000000e+02
5.120000000000000000e+02 9.060000000000000000e+02
5.590000000000000000e+02 9.200000000000000000e+02
5.100000000000000000e+02 9.480000000000000000e+02
4.660000000000000000e+02 9.610000000000000000e+02
4.310000000000000000e+02 9.630000000000000000e+02
3.950000000000000000e+02 9.590000000000000000e+02
3.600000000000000000e+02 9.440000000000000000e+02
3.420000000000000000e+02 9.190000000000000000e+02
3.990000000000000000e+02 9.230000000000000000e+02
4.330000000000000000e+02 9.280000000000000000e+02
4.680000000000000000e+02 9.240000000000000000e+02
5.390000000000000000e+02 9.230000000000000000e+02
4.660000000000000000e+02 9.200000000000000000e+02
4.310000000000000000e+02 9.250000000000000000e+02
3.970000000000000000e+02 9.190000000000000000e+02
