1.530000000000000000e+02 6.070000000000000000e+02
1.580000000000000000e+02 6.890000000000000000e+02
1.710000000000000000e+02 7.700000000000000000e+02
1.840000000000000000e+02 8.490000000000000000e+02
2.100000000000000000e+02 9.230000000000000000e+02
2.550000000000000000e+02 9.850000000000000000e+02
3.110000000000000000e+02 1.034000000000000000e+03
3.700000000000000000e+02 1.076000000000000000e+03
4.380000000000000000e+02 1.089000000000000000e+03
5.060000000000000000e+02 1.077000000000000000e+03
5.700000000000000000e+02 1.036000000000000000e+03
6.300000000000000000e+02 9.860000000000000000e+02
6.770000000000000000e+02 9.240000000000000000e+02
7.060000000000000000e+02 8.510000000000000000e+02
7.200000000000000000e+02 7.720000000000000000e+02
7.350000000000000000e+02 6.930000000000000000e+02
7.410000000000000000e+02 6.100000000000000000e+02
1.930000000000000000e+02 5.680000000000000000e+02
2.340000000000000000e+02 5.360000000000000000e+02
2.890000000000000000e+02 5.320000000000000000e+02
3.420000000000000000e+02 5.400000000000000000e+02
3.920000000000000000e+02 5.610000000000000000e+02
4.920000000000000000e+02 5.600000000000000000e+02
5.440000000000000000e+02 5.330000000000000000e+02
6.000000000000000000e+02 5.200000000000000000e+02
6.570000000000000000e+02 5.270000000000000000e+02
6.950000000000000000e+02 5.650000000000000000e+02
4.400000000000000000e+02 6.230000000000000000e+02
4.390000000000000000e+02 6.820000000000000000e+02
4.370000000000000000e+02 7.400000000000000000e+02
4.360000000000000000e+02 7.990000000000000000e+02
3.780000000000000000e+02 8.360000000000000000e+02
4.060000000000000000e+02 8.440000000000000000e+02
4.370000000000000000e+02 8.500000000000000000e+02
4.680000000000000000e+02 8.430000000000000000e+02
4.960000000000000000e+02 8.360000000000000000e+02
2.470000000000000000e+02 6.270000000000000000e+02
2.820000000000000000e+02 6.030000000000000000e+02
3.260000000000000000e+02 6.060000000000000000e+02
3.600000000000000000e+02 6.440000000000000000e+02
3.210000000000000000e+02 6.510000000000000000e+02
2.760000000000000000e+02 6.480000000000000000e+02
5.200000000000000000e+02 6.440000000000000000e+02
5.570000000000000000e+02 6.060000000000000000e+02
6.010000000000000000e+02 6.020000000000000000e+02
6.370000000000000000e+02 6.260000000000000000e+02
6.070000000000000000e+02 6.480000000000000000e+02
5.620000000000000000e+02 6.510000000000000000e+02
3.340000000000000000e+02 9.300000000000000000e+02
3.730000000000000000e+02 9.130000000000000000e+02
4.110000000000000000e+02 9.010000000000000000e+02
4.390000000000000000e+02 9.100000000000000000e+02
4.680000000000000000e+02 9.020000000000000000e+02
5.050000000000000000e+02 9.140000000000000000e+02
5.440000000000000000e+02 9.320000000000000000e+02
5.040000000000000000e+02 9.720000000000000000e+02
4.650000000000000000e+02 9.890000000000000000e+02
4.340000000000000000e+02 9.910000000000000000e+02
4.030000000000000000e+02 9.870000000000000000e+02
3.670000000000000000e+02 9.690000000000000000e+02
3.510000000000000000e+02 9.310000000000000000e+02
4.090000000000000000e+02 9.320000000000000000e+02
4.380000000000000000e+02 9.360000000000000000e+02
4.670000000000000000e+02 9.320000000000000000e+02
5.250000000000000000e+02 9.330000000000000000e+02
4.660000000000000000e+02 9.360000000000000000e+02
4.360000000000000000e+02 9.390000000000000000e+02
4.070000000000000000e+02 9.360000000000000000e+02
