1.360000000000000000e+02 6.280000000000000000e+02
1.400000000000000000e+02 7.080000000000000000e+02
1.480000000000000000e+02 7.880000000000000000e+02
1.610000000000000000e+02 8.680000000000000000e+02
1.900000000000000000e+02 9.480000000000000000e+02
2.370000000000000000e+02 1.017000000000000000e+03
2.970000000000000000e+02 1.073000000000000000e+03
3.620000000000000000e+02 1.117000000000000000e+03
4.420000000000000000e+02 1.129000000000000000e+03
5.230000000000000000e+02 1.117000000000000000e+03
5.940000000000000000e+02 1.073000000000000000e+03
6.610000000000000000e+02 1.022000000000000000e+03
7.100000000000000000e+02 9.540000000000000000e+02
7.380000000000000000e+02 8.710000000000000000e+02
7.490000000000000000e+02 7.860000000000000000e+02
7.540000000000000000e+02 7.010000000000000000e+02
7.560000000000000000e+02 6.180000000000000000e+02
1.850000000000000000e+02 6.020000000000000000e+02
2.210000000000000000e+02 5.630000000000000000e+02
2.770000000000000000e+02 5.470000000000000000e+02
3.390000000000000000e+02 5.440000000000000000e+02
3.980000000000000000e+02 5.570000000000000000e+02
4.800000000000000000e+02 5.550000000000000000e+02
5.390000000000000000e+02 5.400000000000000000e+02
6.020000000000000000e+02 5.410000000000000000e+02
6.600000000000000000e+02 5.560000000000000000e+02
6.980000000000000000e+02 5.950000000000000000e+02
4.390000000000000000e+02 6.190000000000000000e+02
4.400000000000000000e+02 6.610000000000000000e+02
4.410000000000000000e+02 7.030000000000000000e+02
4.410000000000000000e+02 7.490000000000000000e+02
3.820000000000000000e+02 8.080000000000000000e+02
4.120000000000000000e+02 8.150000000000000000e+02
4.430000000000000000e+02 8.200000000000000000e+02
4.750000000000000000e+02 8.140000000000000000e+02
5.040000000000000000e+02 8.080000000000000000e+02
2.540000000000000000e+02 6.310000000000000000e+02
2.860000000000000000e+02 6.110000000000000000e+02
3.250000000000000000e+02 6.100000000000000000e+02
3.620000000000000000e+02 6.350000000000000000e+02
3.240000000000000000e+02 6.450000000000000000e+02
2.860000000000000000e+02 6.460000000000000000e+02
5.230000000000000000e+02 6.310000000000000000e+02
5.570000000000000000e+02 6.060000000000000000e+02
5.970000000000000000e+02 6.060000000000000000e+02
6.300000000000000000e+02 6.250000000000000000e+02
5.990000000000000000e+02 6.420000000000000000e+02
5.590000000000000000e+02 6.410000000000000000e+02
3.450000000000000000e+02 9.270000000000000000e+02
3.820000000000000000e+02 9.030000000000000000e+02
4.140000000000000000e+02 8.920000000000000000e+02
4.400000000000000000e+02 8.990000000000000000e+02
4.670000000000000000e+02 8.930000000000000000e+02
5.030000000000000000e+02 9.060000000000000000e+02
5.470000000000000000e+02 9.300000000000000000e+02
5.020000000000000000e+02 9.380000000000000000e+02
4.680000000000000000e+02 9.410000000000000000e+02
4.400000000000000000e+02 9.420000000000000000e+02
4.130000000000000000e+02 9.400000000000000000e+02
3.820000000000000000e+02 9.360000000000000000e+02
3.620000000000000000e+02 9.230000000000000000e+02
4.140000000000000000e+02 9.130000000000000000e+02
4.410000000000000000e+02 9.170000000000000000e+02
4.690000000000000000e+02 9.140000000000000000e+02
5.290000000000000000e+02 9.250000000000000000e+02
4.660000000000000000e+02 9.110000000000000000e+02
4.390000000000000000e+02 9.130000000000000000e+02
4.130000000000000000e+02 9.110000000000000000e+02
