1.610000000000000000e+02 6.300000000000000000e+02
1.640000000000000000e+02 7.110000000000000000e+02
1.750000000000000000e+02 7.900000000000000000e+02
1.900000000000000000e+02 8.700000000000000000e+02
2.100000000000000000e+02 9.480000000000000000e+02
2.470000000000000000e+02 1.021000000000000000e+03
2.980000000000000000e+02 1.078000000000000000e+03
3.620000000000000000e+02 1.117000000000000000e+03
4.350000000000000000e+02 1.132000000000000000e+03
5.110000000000000000e+02 1.122000000000000000e+03
5.800000000000000000e+02 1.086000000000000000e+03
6.380000000000000000e+02 1.032000000000000000e+03
6.820000000000000000e+02 9.640000000000000000e+02
7.090000000000000000e+02 8.860000000000000000e+02
7.220000000000000000e+02 8.000000000000000000e+02
7.290000000000000000e+02 7.180000000000000000e+02
7.300000000000000000e+02 6.350000000000000000e+02
1.990000000000000000e+02 6.020000000000000000e+02
2.220000000000000000e+02 5.500000000000000000e+02
2.760000000000000000e+02 5.250000000000000000e+02
3.370000000000000000e+02 5.240000000000000000e+02
3.950000000000000000e+02 5.410000000000000000e+02
4.810000000000000000e+02 5.370000000000000000e+02
5.390000000000000000e+02 5.200000000000000000e+02
6.020000000000000000e+02 5.200000000000000000e+02
6.590000000000000000e+02 5.460000000000000000e+02
6.860000000000000000e+02 6.010000000000000000e+02
4.390000000000000000e+02 5.980000000000000000e+02
4.370000000000000000e+02 6.560000000000000000e+02
4.350000000000000000e+02 7.140000000000000000e+02
4.330000000000000000e+02 7.740000000000000000e+02
3.780000000000000000e+02 8.110000000000000000e+02
4.030000000000000000e+02 8.250000000000000000e+02
4.350000000000000000e+02 8.360000000000000000e+02
4.660000000000000000e+02 8.250000000000000000e+02
4.940000000000000000e+02 8.110000000000000000e+02
2.560000000000000000e+02 6.250000000000000000e+02
2.850000000000000000e+02 6.030000000000000000e+02
3.240000000000000000e+02 6.010000000000000000e+02
3.650000000000000000e+02 6.260000000000000000e+02
3.250000000000000000e+02 6.380000000000000000e+02
2.850000000000000000e+02 6.400000000000000000e+02
5.170000000000000000e+02 6.250000000000000000e+02
5.530000000000000000e+02 5.980000000000000000e+02
5.930000000000000000e+02 6.000000000000000000e+02
6.240000000000000000e+02 6.230000000000000000e+02
5.950000000000000000e+02 6.380000000000000000e+02
5.540000000000000000e+02 6.360000000000000000e+02
3.390000000000000000e+02 9.340000000000000000e+02
3.750000000000000000e+02 9.160000000000000000e+02
4.060000000000000000e+02 9.080000000000000000e+02
4.350000000000000000e+02 9.160000000000000000e+02
4.650000000000000000e+02 9.070000000000000000e+02
4.990000000000000000e+02 9.140000000000000000e+02
5.380000000000000000e+02 9.330000000000000000e+02
5.000000000000000000e+02 9.510000000000000000e+02
4.660000000000000000e+02 9.560000000000000000e+02
4.350000000000000000e+02 9.590000000000000000e+02
4.060000000000000000e+02 9.580000000000000000e+02
3.730000000000000000e+02 9.550000000000000000e+02
3.540000000000000000e+02 9.310000000000000000e+02
4.060000000000000000e+02 9.250000000000000000e+02
4.360000000000000000e+02 9.300000000000000000e+02
4.660000000000000000e+02 9.250000000000000000e+02
5.230000000000000000e+02 9.300000000000000000e+02
4.650000000000000000e+02 9.230000000000000000e+02
4.350000000000000000e+02 9.280000000000000000e+02
4.060000000000000000e+02 9.250000000000000000e+02
