1.000000000000000000e+02 6.510000000000000000e+02
1.090000000000000000e+02 7.360000000000000000e+02
1.220000000000000000e+02 8.160000000000000000e+02
1.390000000000000000e+02 8.960000000000000000e+02
1.650000000000000000e+02 9.730000000000000000e+02
2.140000000000000000e+02 1.035000000000000000e+03
2.830000000000000000e+02 1.077000000000000000e+03
3.610000000000000000e+02 1.107000000000000000e+03
4.410000000000000000e+02 1.114000000000000000e+03
5.200000000000000000e+02 1.104000000000000000e+03
5.880000000000000000e+02 1.071000000000000000e+03
6.490000000000000000e+02 1.026000000000000000e+03
6.920000000000000000e+02 9.640000000000000000e+02
7.150000000000000000e+02 8.920000000000000000e+02
7.290000000000000000e+02 8.140000000000000000e+02
7.400000000000000000e+02 7.350000000000000000e+02
7.470000000000000000e+02 6.520000000000000000e+02
1.800000000000000000e+02 5.860000000000000000e+02
2.200000000000000000e+02 5.470000000000000000e+02
2.780000000000000000e+02 5.310000000000000000e+02
3.390000000000000000e+02 5.360000000000000000e+02
3.950000000000000000e+02 5.560000000000000000e+02
4.990000000000000000e+02 5.620000000000000000e+02
5.510000000000000000e+02 5.420000000000000000e+02
6.090000000000000000e+02 5.400000000000000000e+02
6.620000000000000000e+02 5.630000000000000000e+02
6.900000000000000000e+02 6.090000000000000000e+02
4.490000000000000000e+02 6.080000000000000000e+02
4.510000000000000000e+02 6.640000000000000000e+02
4.530000000000000000e+02 7.180000000000000000e+02
4.560000000000000000e+02 7.740000000000000000e+02
3.870000000000000000e+02 8.090000000000000000e+02
4.170000000000000000e+02 8.220000000000000000e+02
4.490000000000000000e+02 8.330000000000000000e+02
4.810000000000000000e+02 8.250000000000000000e+02
5.080000000000000000e+02 8.130000000000000000e+02
2.480000000000000000e+02 6.260000000000000000e+02
2.820000000000000000e+02 6.010000000000000000e+02
3.230000000000000000e+02 6.010000000000000000e+02
3.590000000000000000e+02 6.310000000000000000e+02
3.220000000000000000e+02 6.410000000000000000e+02
2.800000000000000000e+02 6.410000000000000000e+02
5.150000000000000000e+02 6.360000000000000000e+02
5.510000000000000000e+02 6.070000000000000000e+02
5.930000000000000000e+02 6.100000000000000000e+02
6.250000000000000000e+02 6.360000000000000000e+02
5.930000000000000000e+02 6.490000000000000000e+02
5.510000000000000000e+02 6.470000000000000000e+02
3.240000000000000000e+02 9.120000000000000000e+02
3.770000000000000000e+02 8.970000000000000000e+02
4.180000000000000000e+02 8.890000000000000000e+02
4.470000000000000000e+02 8.980000000000000000e+02
4.760000000000000000e+02 8.920000000000000000e+02
5.120000000000000000e+02 9.020000000000000000e+02
5.550000000000000000e+02 9.160000000000000000e+02
5.090000000000000000e+02 9.330000000000000000e+02
4.740000000000000000e+02 9.330000000000000000e+02
4.450000000000000000e+02 9.330000000000000000e+02
4.150000000000000000e+02 9.300000000000000000e+02
3.760000000000000000e+02 9.250000000000000000e+02
3.410000000000000000e+02 9.110000000000000000e+02
4.170000000000000000e+02 9.040000000000000000e+02
4.460000000000000000e+02 9.090000000000000000e+02
4.760000000000000000e+02 9.070000000000000000e+02
5.390000000000000000e+02 9.150000000000000000e+02
4.750000000000000000e+02 9.100000000000000000e+02
4.460000000000000000e+02 9.120000000000000000e+02
4.160000000000000000e+02 9.080000000000000000e+02
