1.380000000000000000e+02 6.350000000000000000e+02
1.420000000000000000e+02 7.170000000000000000e+02
1.500000000000000000e+02 7.990000000000000000e+02
1.660000000000000000e+02 8.850000000000000000e+02
1.930000000000000000e+02 9.650000000000000000e+02
2.400000000000000000e+02 1.037000000000000000e+03
2.990000000000000000e+02 1.097000000000000000e+03
3.680000000000000000e+02 1.143000000000000000e+03
4.490000000000000000e+02 1.158000000000000000e+03
5.310000000000000000e+02 1.147000000000000000e+03
6.010000000000000000e+02 1.103000000000000000e+03
6.580000000000000000e+02 1.036000000000000000e+03
6.970000000000000000e+02 9.640000000000000000e+02
7.200000000000000000e+02 8.830000000000000000e+02
7.320000000000000000e+02 7.990000000000000000e+02
7.400000000000000000e+02 7.160000000000000000e+02
7.440000000000000000e+02 6.340000000000000000e+02
1.900000000000000000e+02 5.870000000000000000e+02
2.190000000000000000e+02 5.410000000000000000e+02
2.710000000000000000e+02 5.250000000000000000e+02
3.290000000000000000e+02 5.280000000000000000e+02
3.840000000000000000e+02 5.470000000000000000e+02
4.910000000000000000e+02 5.480000000000000000e+02
5.490000000000000000e+02 5.330000000000000000e+02
6.080000000000000000e+02 5.310000000000000000e+02
6.620000000000000000e+02 5.490000000000000000e+02
6.930000000000000000e+02 5.940000000000000000e+02
4.380000000000000000e+02 6.050000000000000000e+02
4.390000000000000000e+02 6.470000000000000000e+02
4.390000000000000000e+02 6.890000000000000000e+02
4.400000000000000000e+02 7.350000000000000000e+02
3.880000000000000000e+02 7.980000000000000000e+02
4.130000000000000000e+02 8.050000000000000000e+02
4.400000000000000000e+02 8.100000000000000000e+02
4.680000000000000000e+02 8.060000000000000000e+02
4.930000000000000000e+02 7.990000000000000000e+02
2.540000000000000000e+02 6.330000000000000000e+02
2.840000000000000000e+02 6.100000000000000000e+02
3.240000000000000000e+02 6.090000000000000000e+02
3.630000000000000000e+02 6.320000000000000000e+02
3.240000000000000000e+02 6.420000000000000000e+02
2.840000000000000000e+02 6.450000000000000000e+02
5.140000000000000000e+02 6.340000000000000000e+02
5.540000000000000000e+02 6.130000000000000000e+02
5.940000000000000000e+02 6.150000000000000000e+02
6.270000000000000000e+02 6.380000000000000000e+02
5.940000000000000000e+02 6.500000000000000000e+02
5.530000000000000000e+02 6.450000000000000000e+02
3.440000000000000000e+02 9.140000000000000000e+02
3.820000000000000000e+02 8.970000000000000000e+02
4.160000000000000000e+02 8.850000000000000000e+02
4.410000000000000000e+02 8.910000000000000000e+02
4.640000000000000000e+02 8.850000000000000000e+02
4.990000000000000000e+02 8.970000000000000000e+02
5.410000000000000000e+02 9.160000000000000000e+02
5.020000000000000000e+02 9.440000000000000000e+02
4.680000000000000000e+02 9.520000000000000000e+02
4.430000000000000000e+02 9.540000000000000000e+02
4.160000000000000000e+02 9.510000000000000000e+02
3.830000000000000000e+02 9.420000000000000000e+02
3.620000000000000000e+02 9.160000000000000000e+02
4.160000000000000000e+02 9.130000000000000000e+02
4.410000000000000000e+02 9.160000000000000000e+02
4.650000000000000000e+02 9.130000000000000000e+02
5.230000000000000000e+02 9.170000000000000000e+02
4.650000000000000000e+02 9.150000000000000000e+02
4.420000000000000000e+02 9.180000000000000000e+02
4.170000000000000000e+02 9.140000000000000000e+02
