1.350000000000000000e+02 6.320000000000000000e+02
1.420000000000000000e+02 7.120000000000000000e+02
1.550000000000000000e+02 7.880000000000000000e+02
1.710000000000000000e+02 8.660000000000000000e+02
1.920000000000000000e+02 9.430000000000000000e+02
2.360000000000000000e+02 1.012000000000000000e+03
2.980000000000000000e+02 1.064000000000000000e+03
3.680000000000000000e+02 1.105000000000000000e+03
4.480000000000000000e+02 1.115000000000000000e+03
5.290000000000000000e+02 1.103000000000000000e+03
6.010000000000000000e+02 1.059000000000000000e+03
6.600000000000000000e+02 1.005000000000000000e+03
7.010000000000000000e+02 9.390000000000000000e+02
7.220000000000000000e+02 8.650000000000000000e+02
7.350000000000000000e+02 7.890000000000000000e+02
7.460000000000000000e+02 7.140000000000000000e+02
7.510000000000000000e+02 6.350000000000000000e+02
1.830000000000000000e+02 5.760000000000000000e+02
2.200000000000000000e+02 5.330000000000000000e+02
2.790000000000000000e+02 5.210000000000000000e+02
3.430000000000000000e+02 5.270000000000000000e+02
4.000000000000000000e+02 5.500000000000000000e+02
4.710000000000000000e+02 5.530000000000000000e+02
5.310000000000000000e+02 5.320000000000000000e+02
5.980000000000000000e+02 5.280000000000000000e+02
6.590000000000000000e+02 5.470000000000000000e+02
6.990000000000000000e+02 5.910000000000000000e+02
4.370000000000000000e+02 6.170000000000000000e+02
4.360000000000000000e+02 6.710000000000000000e+02
4.350000000000000000e+02 7.240000000000000000e+02
4.330000000000000000e+02 7.800000000000000000e+02
3.810000000000000000e+02 8.170000000000000000e+02
4.060000000000000000e+02 8.300000000000000000e+02
4.350000000000000000e+02 8.390000000000000000e+02
4.640000000000000000e+02 8.290000000000000000e+02
4.910000000000000000e+02 8.180000000000000000e+02
2.510000000000000000e+02 6.270000000000000000e+02
2.830000000000000000e+02 6.080000000000000000e+02
3.240000000000000000e+02 6.100000000000000000e+02
3.590000000000000000e+02 6.350000000000000000e+02
3.210000000000000000e+02 6.460000000000000000e+02
2.800000000000000000e+02 6.460000000000000000e+02
5.210000000000000000e+02 6.400000000000000000e+02
5.570000000000000000e+02 6.170000000000000000e+02
5.970000000000000000e+02 6.170000000000000000e+02
6.310000000000000000e+02 6.360000000000000000e+02
6.000000000000000000e+02 6.540000000000000000e+02
5.580000000000000000e+02 6.520000000000000000e+02
3.350000000000000000e+02 9.250000000000000000e+02
3.740000000000000000e+02 9.020000000000000000e+02
4.110000000000000000e+02 8.890000000000000000e+02
4.380000000000000000e+02 8.970000000000000000e+02
4.660000000000000000e+02 8.890000000000000000e+02
5.060000000000000000e+02 9.020000000000000000e+02
5.510000000000000000e+02 9.240000000000000000e+02
5.090000000000000000e+02 9.490000000000000000e+02
4.710000000000000000e+02 9.570000000000000000e+02
4.410000000000000000e+02 9.600000000000000000e+02
4.110000000000000000e+02 9.570000000000000000e+02
3.750000000000000000e+02 9.480000000000000000e+02
3.510000000000000000e+02 9.250000000000000000e+02
4.110000000000000000e+02 9.160000000000000000e+02
4.390000000000000000e+02 9.190000000000000000e+02
4.670000000000000000e+02 9.160000000000000000e+02
5.340000000000000000e+02 9.230000000000000000e+02
4.680000000000000000e+02 9.180000000000000000e+02
4.390000000000000000e+02 9.220000000000000000e+02
4.110000000000000000e+02 9.180000000000000000e+02
