1.330000000000000000e+02 6.030000000000000000e+02
1.410000000000000000e+02 6.860000000000000000e+02
1.600000000000000000e+02 7.680000000000000000e+02
1.760000000000000000e+02 8.500000000000000000e+02
1.990000000000000000e+02 9.280000000000000000e+02
2.430000000000000000e+02 9.990000000000000000e+02
3.010000000000000000e+02 1.057000000000000000e+03
3.680000000000000000e+02 1.098000000000000000e+03
4.440000000000000000e+02 1.110000000000000000e+03
5.170000000000000000e+02 1.092000000000000000e+03
5.800000000000000000e+02 1.044000000000000000e+03
6.320000000000000000e+02 9.840000000000000000e+02
6.700000000000000000e+02 9.120000000000000000e+02
6.920000000000000000e+02 8.360000000000000000e+02
7.070000000000000000e+02 7.580000000000000000e+02
7.230000000000000000e+02 6.800000000000000000e+02
7.270000000000000000e+02 6.020000000000000000e+02
1.870000000000000000e+02 5.720000000000000000e+02
2.310000000000000000e+02 5.410000000000000000e+02
2.880000000000000000e+02 5.380000000000000000e+02
3.420000000000000000e+02 5.500000000000000000e+02
3.960000000000000000e+02 5.730000000000000000e+02
4.940000000000000000e+02 5.690000000000000000e+02
5.470000000000000000e+02 5.510000000000000000e+02
5.980000000000000000e+02 5.340000000000000000e+02
6.510000000000000000e+02 5.380000000000000000e+02
6.880000000000000000e+02 5.710000000000000000e+02
4.460000000000000000e+02 6.180000000000000000e+02
4.470000000000000000e+02 6.810000000000000000e+02
4.480000000000000000e+02 7.440000000000000000e+02
4.480000000000000000e+02 8.080000000000000000e+02
3.900000000000000000e+02 8.290000000000000000e+02
4.160000000000000000e+02 8.420000000000000000e+02
4.460000000000000000e+02 8.540000000000000000e+02
4.740000000000000000e+02 8.430000000000000000e+02
5.000000000000000000e+02 8.300000000000000000e+02
2.510000000000000000e+02 6.200000000000000000e+02
2.840000000000000000e+02 6.030000000000000000e+02
3.240000000000000000e+02 6.030000000000000000e+02
3.570000000000000000e+02 6.270000000000000000e+02
3.220000000000000000e+02 6.370000000000000000e+02
2.810000000000000000e+02 6.380000000000000000e+02
5.220000000000000000e+02 6.290000000000000000e+02
5.540000000000000000e+02 6.030000000000000000e+02
5.950000000000000000e+02 6.020000000000000000e+02
6.260000000000000000e+02 6.210000000000000000e+02
5.980000000000000000e+02 6.390000000000000000e+02
5.580000000000000000e+02 6.390000000000000000e+02
3.360000000000000000e+02 9.260000000000000000e+02
3.800000000000000000e+02 9.140000000000000000e+02
4.170000000000000000e+02 9.050000000000000000e+02
4.460000000000000000e+02 9.150000000000000000e+02
4.740000000000000000e+02 9.070000000000000000e+02
5.070000000000000000e+02 9.170000000000000000e+02
5.430000000000000000e+02 9.300000000000000000e+02
5.060000000000000000e+02 9.560000000000000000e+02
4.730000000000000000e+02 9.670000000000000000e+02
4.430000000000000000e+02 9.690000000000000000e+02
4.140000000000000000e+02 9.650000000000000000e+02
3.780000000000000000e+02 9.530000000000000000e+02
3.530000000000000000e+02 9.280000000000000000e+02
4.160000000000000000e+02 9.320000000000000000e+02
4.450000000000000000e+02 9.370000000000000000e+02
4.740000000000000000e+02 9.340000000000000000e+02
5.270000000000000000e+02 9.330000000000000000e+02
4.720000000000000000e+02 9.310000000000000000e+02
4.430000000000000000e+02 9.350000000000000000e+02
4.150000000000000000e+02 9.300000000000000000e+02
