1.230000000000000000e+02 6.630000000000000000e+02
1.270000000000000000e+02 7.460000000000000000e+02
1.340000000000000000e+02 8.280000000000000000e+02
1.490000000000000000e+02 9.070000000000000000e+02
1.810000000000000000e+02 9.820000000000000000e+02
2.240000000000000000e+02 1.051000000000000000e+03
2.860000000000000000e+02 1.104000000000000000e+03
3.600000000000000000e+02 1.135000000000000000e+03
4.430000000000000000e+02 1.143000000000000000e+03
5.230000000000000000e+02 1.130000000000000000e+03
5.860000000000000000e+02 1.093000000000000000e+03
6.360000000000000000e+02 1.038000000000000000e+03
6.670000000000000000e+02 9.680000000000000000e+02
6.850000000000000000e+02 8.920000000000000000e+02
6.960000000000000000e+02 8.140000000000000000e+02
7.040000000000000000e+02 7.390000000000000000e+02
7.060000000000000000e+02 6.630000000000000000e+02
1.990000000000000000e+02 5.920000000000000000e+02
2.340000000000000000e+02 5.450000000000000000e+02
2.910000000000000000e+02 5.200000000000000000e+02
3.540000000000000000e+02 5.210000000000000000e+02
4.110000000000000000e+02 5.440000000000000000e+02
4.900000000000000000e+02 5.500000000000000000e+02
5.440000000000000000e+02 5.330000000000000000e+02
6.030000000000000000e+02 5.320000000000000000e+02
6.540000000000000000e+02 5.580000000000000000e+02
6.760000000000000000e+02 6.110000000000000000e+02
4.460000000000000000e+02 6.020000000000000000e+02
4.460000000000000000e+02 6.510000000000000000e+02
4.470000000000000000e+02 6.950000000000000000e+02
4.490000000000000000e+02 7.460000000000000000e+02
3.830000000000000000e+02 8.080000000000000000e+02
4.160000000000000000e+02 8.110000000000000000e+02
4.490000000000000000e+02 8.170000000000000000e+02
4.800000000000000000e+02 8.100000000000000000e+02
5.110000000000000000e+02 8.020000000000000000e+02
2.590000000000000000e+02 6.230000000000000000e+02
2.890000000000000000e+02 5.980000000000000000e+02
3.280000000000000000e+02 5.960000000000000000e+02
3.610000000000000000e+02 6.240000000000000000e+02
3.270000000000000000e+02 6.300000000000000000e+02
2.890000000000000000e+02 6.310000000000000000e+02
5.210000000000000000e+02 6.270000000000000000e+02
5.530000000000000000e+02 6.030000000000000000e+02
5.910000000000000000e+02 6.050000000000000000e+02
6.180000000000000000e+02 6.290000000000000000e+02
5.900000000000000000e+02 6.380000000000000000e+02
5.530000000000000000e+02 6.360000000000000000e+02
3.300000000000000000e+02 9.210000000000000000e+02
3.730000000000000000e+02 9.010000000000000000e+02
4.160000000000000000e+02 8.870000000000000000e+02
4.480000000000000000e+02 8.960000000000000000e+02
4.770000000000000000e+02 8.860000000000000000e+02
5.140000000000000000e+02 8.980000000000000000e+02
5.520000000000000000e+02 9.200000000000000000e+02
5.160000000000000000e+02 9.330000000000000000e+02
4.810000000000000000e+02 9.390000000000000000e+02
4.520000000000000000e+02 9.410000000000000000e+02
4.190000000000000000e+02 9.390000000000000000e+02
3.770000000000000000e+02 9.350000000000000000e+02
3.490000000000000000e+02 9.180000000000000000e+02
4.160000000000000000e+02 9.100000000000000000e+02
4.490000000000000000e+02 9.130000000000000000e+02
4.770000000000000000e+02 9.090000000000000000e+02
5.360000000000000000e+02 9.170000000000000000e+02
4.800000000000000000e+02 9.150000000000000000e+02
4.510000000000000000e+02 9.190000000000000000e+02
4.180000000000000000e+02 9.160000000000000000e+02
