1.400000000000000000e+02 6.900000000000000000e+02
1.480000000000000000e+02 7.670000000000000000e+02
1.580000000000000000e+02 8.420000000000000000e+02
1.740000000000000000e+02 9.130000000000000000e+02
1.970000000000000000e+02 9.810000000000000000e+02
2.350000000000000000e+02 1.037000000000000000e+03
2.930000000000000000e+02 1.072000000000000000e+03
3.600000000000000000e+02 1.096000000000000000e+03
4.380000000000000000e+02 1.103000000000000000e+03
5.180000000000000000e+02 1.098000000000000000e+03
5.850000000000000000e+02 1.074000000000000000e+03
6.420000000000000000e+02 1.037000000000000000e+03
6.790000000000000000e+02 9.810000000000000000e+02
7.010000000000000000e+02 9.160000000000000000e+02
7.180000000000000000e+02 8.450000000000000000e+02
7.290000000000000000e+02 7.720000000000000000e+02
7.380000000000000000e+02 6.970000000000000000e+02
1.940000000000000000e+02 5.790000000000000000e+02
2.260000000000000000e+02 5.330000000000000000e+02
2.810000000000000000e+02 5.160000000000000000e+02
3.380000000000000000e+02 5.190000000000000000e+02
3.950000000000000000e+02 5.340000000000000000e+02
4.750000000000000000e+02 5.410000000000000000e+02
5.350000000000000000e+02 5.290000000000000000e+02
5.950000000000000000e+02 5.290000000000000000e+02
6.520000000000000000e+02 5.490000000000000000e+02
6.820000000000000000e+02 5.990000000000000000e+02
4.400000000000000000e+02 5.920000000000000000e+02
4.420000000000000000e+02 6.380000000000000000e+02
4.440000000000000000e+02 6.810000000000000000e+02
4.460000000000000000e+02 7.280000000000000000e+02
3.730000000000000000e+02 7.970000000000000000e+02
4.070000000000000000e+02 7.990000000000000000e+02
4.430000000000000000e+02 8.020000000000000000e+02
4.770000000000000000e+02 7.980000000000000000e+02
5.090000000000000000e+02 7.930000000000000000e+02
2.540000000000000000e+02 6.260000000000000000e+02
2.840000000000000000e+02 6.070000000000000000e+02
3.190000000000000000e+02 6.050000000000000000e+02
3.540000000000000000e+02 6.240000000000000000e+02
3.200000000000000000e+02 6.320000000000000000e+02
2.830000000000000000e+02 6.330000000000000000e+02
5.260000000000000000e+02 6.280000000000000000e+02
5.610000000000000000e+02 6.140000000000000000e+02
5.960000000000000000e+02 6.190000000000000000e+02
6.250000000000000000e+02 6.410000000000000000e+02
5.930000000000000000e+02 6.450000000000000000e+02
5.580000000000000000e+02 6.390000000000000000e+02
3.250000000000000000e+02 9.260000000000000000e+02
3.690000000000000000e+02 8.970000000000000000e+02
4.080000000000000000e+02 8.800000000000000000e+02
4.430000000000000000e+02 8.870000000000000000e+02
4.760000000000000000e+02 8.770000000000000000e+02
5.160000000000000000e+02 8.940000000000000000e+02
5.580000000000000000e+02 9.260000000000000000e+02
5.160000000000000000e+02 9.280000000000000000e+02
4.780000000000000000e+02 9.290000000000000000e+02
4.450000000000000000e+02 9.310000000000000000e+02
4.100000000000000000e+02 9.300000000000000000e+02
3.710000000000000000e+02 9.300000000000000000e+02
3.430000000000000000e+02 9.200000000000000000e+02
4.080000000000000000e+02 9.020000000000000000e+02
4.430000000000000000e+02 9.040000000000000000e+02
4.760000000000000000e+02 9.000000000000000000e+02
5.420000000000000000e+02 9.190000000000000000e+02
4.780000000000000000e+02 9.000000000000000000e+02
4.450000000000000000e+02 9.040000000000000000e+02
4.110000000000000000e+02 9.020000000000000000e+02
