1.380000000000000000e+02 6.620000000000000000e+02
1.380000000000000000e+02 7.390000000000000000e+02
1.410000000000000000e+02 8.150000000000000000e+02
1.500000000000000000e+02 8.940000000000000000e+02
1.730000000000000000e+02 9.680000000000000000e+02
2.230000000000000000e+02 1.027000000000000000e+03
2.910000000000000000e+02 1.073000000000000000e+03
3.650000000000000000e+02 1.107000000000000000e+03
4.450000000000000000e+02 1.118000000000000000e+03
5.240000000000000000e+02 1.106000000000000000e+03
5.930000000000000000e+02 1.068000000000000000e+03
6.550000000000000000e+02 1.018000000000000000e+03
7.010000000000000000e+02 9.570000000000000000e+02
7.240000000000000000e+02 8.850000000000000000e+02
7.340000000000000000e+02 8.100000000000000000e+02
7.330000000000000000e+02 7.370000000000000000e+02
7.290000000000000000e+02 6.610000000000000000e+02
1.860000000000000000e+02 5.910000000000000000e+02
2.200000000000000000e+02 5.450000000000000000e+02
2.770000000000000000e+02 5.270000000000000000e+02
3.360000000000000000e+02 5.280000000000000000e+02
3.970000000000000000e+02 5.430000000000000000e+02
4.810000000000000000e+02 5.470000000000000000e+02
5.420000000000000000e+02 5.320000000000000000e+02
6.060000000000000000e+02 5.300000000000000000e+02
6.640000000000000000e+02 5.540000000000000000e+02
6.910000000000000000e+02 6.080000000000000000e+02
4.430000000000000000e+02 6.030000000000000000e+02
4.450000000000000000e+02 6.540000000000000000e+02
4.470000000000000000e+02 7.030000000000000000e+02
4.490000000000000000e+02 7.560000000000000000e+02
3.860000000000000000e+02 8.050000000000000000e+02
4.140000000000000000e+02 8.130000000000000000e+02
4.450000000000000000e+02 8.210000000000000000e+02
4.730000000000000000e+02 8.130000000000000000e+02
4.980000000000000000e+02 8.020000000000000000e+02
2.580000000000000000e+02 6.300000000000000000e+02
2.900000000000000000e+02 6.130000000000000000e+02
3.270000000000000000e+02 6.090000000000000000e+02
3.620000000000000000e+02 6.270000000000000000e+02
3.270000000000000000e+02 6.370000000000000000e+02
2.890000000000000000e+02 6.380000000000000000e+02
5.150000000000000000e+02 6.290000000000000000e+02
5.530000000000000000e+02 6.130000000000000000e+02
5.900000000000000000e+02 6.160000000000000000e+02
6.200000000000000000e+02 6.330000000000000000e+02
5.890000000000000000e+02 6.420000000000000000e+02
5.520000000000000000e+02 6.390000000000000000e+02
3.210000000000000000e+02 9.090000000000000000e+02
3.650000000000000000e+02 8.970000000000000000e+02
4.090000000000000000e+02 8.900000000000000000e+02
4.400000000000000000e+02 8.970000000000000000e+02
4.700000000000000000e+02 8.880000000000000000e+02
5.130000000000000000e+02 8.950000000000000000e+02
5.580000000000000000e+02 9.080000000000000000e+02
5.150000000000000000e+02 9.300000000000000000e+02
4.740000000000000000e+02 9.400000000000000000e+02
4.430000000000000000e+02 9.420000000000000000e+02
4.110000000000000000e+02 9.400000000000000000e+02
3.670000000000000000e+02 9.310000000000000000e+02
3.390000000000000000e+02 9.100000000000000000e+02
4.090000000000000000e+02 9.110000000000000000e+02
4.390000000000000000e+02 9.140000000000000000e+02
4.700000000000000000e+02 9.100000000000000000e+02
5.410000000000000000e+02 9.090000000000000000e+02
4.730000000000000000e+02 9.110000000000000000e+02
4.420000000000000000e+02 9.150000000000000000e+02
4.120000000000000000e+02 9.120000000000000000e+02
