1.670000000000000000e+02 6.560000000000000000e+02
1.670000000000000000e+02 7.330000000000000000e+02
1.810000000000000000e+02 8.080000000000000000e+02
1.950000000000000000e+02 8.820000000000000000e+02
2.170000000000000000e+02 9.560000000000000000e+02
2.540000000000000000e+02 1.022000000000000000e+03
3.100000000000000000e+02 1.072000000000000000e+03
3.720000000000000000e+02 1.108000000000000000e+03
4.470000000000000000e+02 1.115000000000000000e+03
5.210000000000000000e+02 1.104000000000000000e+03
5.830000000000000000e+02 1.068000000000000000e+03
6.350000000000000000e+02 1.017000000000000000e+03
6.690000000000000000e+02 9.490000000000000000e+02
6.880000000000000000e+02 8.740000000000000000e+02
7.010000000000000000e+02 7.980000000000000000e+02
7.110000000000000000e+02 7.210000000000000000e+02
7.050000000000000000e+02 6.420000000000000000e+02
1.930000000000000000e+02 5.710000000000000000e+02
2.260000000000000000e+02 5.330000000000000000e+02
2.790000000000000000e+02 5.240000000000000000e+02
3.330000000000000000e+02 5.360000000000000000e+02
3.870000000000000000e+02 5.570000000000000000e+02
4.950000000000000000e+02 5.490000000000000000e+02
5.450000000000000000e+02 5.180000000000000000e+02
5.990000000000000000e+02 5.030000000000000000e+02
6.540000000000000000e+02 5.120000000000000000e+02
6.870000000000000000e+02 5.540000000000000000e+02
4.430000000000000000e+02 6.120000000000000000e+02
4.430000000000000000e+02 6.630000000000000000e+02
4.430000000000000000e+02 7.130000000000000000e+02
4.430000000000000000e+02 7.660000000000000000e+02
3.820000000000000000e+02 8.080000000000000000e+02
4.110000000000000000e+02 8.200000000000000000e+02
4.430000000000000000e+02 8.300000000000000000e+02
4.750000000000000000e+02 8.220000000000000000e+02
5.030000000000000000e+02 8.100000000000000000e+02
2.550000000000000000e+02 6.280000000000000000e+02
2.880000000000000000e+02 6.040000000000000000e+02
3.300000000000000000e+02 6.020000000000000000e+02
3.670000000000000000e+02 6.310000000000000000e+02
3.290000000000000000e+02 6.430000000000000000e+02
2.860000000000000000e+02 6.450000000000000000e+02
5.140000000000000000e+02 6.280000000000000000e+02
5.520000000000000000e+02 5.960000000000000000e+02
5.960000000000000000e+02 5.940000000000000000e+02
6.280000000000000000e+02 6.180000000000000000e+02
5.990000000000000000e+02 6.390000000000000000e+02
5.550000000000000000e+02 6.390000000000000000e+02
3.270000000000000000e+02 9.240000000000000000e+02
3.670000000000000000e+02 9.010000000000000000e+02
4.080000000000000000e+02 8.920000000000000000e+02
4.400000000000000000e+02 9.040000000000000000e+02
4.700000000000000000e+02 8.950000000000000000e+02
5.140000000000000000e+02 9.060000000000000000e+02
5.590000000000000000e+02 9.270000000000000000e+02
5.170000000000000000e+02 9.550000000000000000e+02
4.750000000000000000e+02 9.680000000000000000e+02
4.410000000000000000e+02 9.690000000000000000e+02
4.070000000000000000e+02 9.650000000000000000e+02
3.670000000000000000e+02 9.490000000000000000e+02
3.450000000000000000e+02 9.240000000000000000e+02
4.070000000000000000e+02 9.230000000000000000e+02
4.400000000000000000e+02 9.280000000000000000e+02
4.720000000000000000e+02 9.260000000000000000e+02
5.400000000000000000e+02 9.280000000000000000e+02
4.720000000000000000e+02 9.260000000000000000e+02
4.410000000000000000e+02 9.280000000000000000e+02
4.080000000000000000e+02 9.230000000000000000e+02
