1.510000000000000000e+02 6.360000000000000000e+02
1.570000000000000000e+02 7.200000000000000000e+02
1.690000000000000000e+02 8.020000000000000000e+02
1.870000000000000000e+02 8.830000000000000000e+02
2.120000000000000000e+02 9.600000000000000000e+02
2.520000000000000000e+02 1.029000000000000000e+03
3.060000000000000000e+02 1.085000000000000000e+03
3.710000000000000000e+02 1.123000000000000000e+03
4.450000000000000000e+02 1.138000000000000000e+03
5.220000000000000000e+02 1.128000000000000000e+03
5.890000000000000000e+02 1.091000000000000000e+03
6.390000000000000000e+02 1.029000000000000000e+03
6.760000000000000000e+02 9.560000000000000000e+02
7.010000000000000000e+02 8.770000000000000000e+02
7.200000000000000000e+02 7.970000000000000000e+02
7.330000000000000000e+02 7.160000000000000000e+02
7.370000000000000000e+02 6.330000000000000000e+02
2.030000000000000000e+02 5.810000000000000000e+02
2.320000000000000000e+02 5.360000000000000000e+02
2.820000000000000000e+02 5.170000000000000000e+02
3.370000000000000000e+02 5.260000000000000000e+02
3.910000000000000000e+02 5.420000000000000000e+02
4.780000000000000000e+02 5.460000000000000000e+02
5.340000000000000000e+02 5.290000000000000000e+02
5.920000000000000000e+02 5.230000000000000000e+02
6.470000000000000000e+02 5.420000000000000000e+02
6.770000000000000000e+02 5.910000000000000000e+02
4.380000000000000000e+02 5.980000000000000000e+02
4.370000000000000000e+02 6.540000000000000000e+02
4.360000000000000000e+02 7.090000000000000000e+02
4.350000000000000000e+02 7.680000000000000000e+02
3.770000000000000000e+02 8.060000000000000000e+02
4.050000000000000000e+02 8.170000000000000000e+02
4.350000000000000000e+02 8.260000000000000000e+02
4.670000000000000000e+02 8.180000000000000000e+02
4.960000000000000000e+02 8.080000000000000000e+02
2.640000000000000000e+02 6.180000000000000000e+02
2.930000000000000000e+02 5.980000000000000000e+02
3.320000000000000000e+02 5.950000000000000000e+02
3.670000000000000000e+02 6.190000000000000000e+02
3.320000000000000000e+02 6.300000000000000000e+02
2.930000000000000000e+02 6.320000000000000000e+02
5.110000000000000000e+02 6.210000000000000000e+02
5.470000000000000000e+02 5.980000000000000000e+02
5.860000000000000000e+02 6.010000000000000000e+02
6.190000000000000000e+02 6.240000000000000000e+02
5.870000000000000000e+02 6.360000000000000000e+02
5.470000000000000000e+02 6.340000000000000000e+02
3.410000000000000000e+02 9.210000000000000000e+02
3.790000000000000000e+02 9.120000000000000000e+02
4.120000000000000000e+02 9.020000000000000000e+02
4.370000000000000000e+02 9.100000000000000000e+02
4.620000000000000000e+02 9.020000000000000000e+02
4.970000000000000000e+02 9.120000000000000000e+02
5.400000000000000000e+02 9.250000000000000000e+02
4.990000000000000000e+02 9.460000000000000000e+02
4.670000000000000000e+02 9.510000000000000000e+02
4.410000000000000000e+02 9.530000000000000000e+02
4.140000000000000000e+02 9.490000000000000000e+02
3.810000000000000000e+02 9.410000000000000000e+02
3.580000000000000000e+02 9.220000000000000000e+02
4.110000000000000000e+02 9.230000000000000000e+02
4.370000000000000000e+02 9.270000000000000000e+02
4.630000000000000000e+02 9.240000000000000000e+02
5.240000000000000000e+02 9.250000000000000000e+02
4.660000000000000000e+02 9.240000000000000000e+02
4.400000000000000000e+02 9.270000000000000000e+02
4.140000000000000000e+02 9.230000000000000000e+02
