1.490000000000000000e+02 6.870000000000000000e+02
1.560000000000000000e+02 7.550000000000000000e+02
1.670000000000000000e+02 8.230000000000000000e+02
1.780000000000000000e+02 8.930000000000000000e+02
1.990000000000000000e+02 9.600000000000000000e+02
2.420000000000000000e+02 1.018000000000000000e+03
3.030000000000000000e+02 1.061000000000000000e+03
3.710000000000000000e+02 1.099000000000000000e+03
4.430000000000000000e+02 1.111000000000000000e+03
5.160000000000000000e+02 1.097000000000000000e+03
5.820000000000000000e+02 1.062000000000000000e+03
6.400000000000000000e+02 1.016000000000000000e+03
6.790000000000000000e+02 9.570000000000000000e+02
6.950000000000000000e+02 8.840000000000000000e+02
7.070000000000000000e+02 8.100000000000000000e+02
7.190000000000000000e+02 7.390000000000000000e+02
7.240000000000000000e+02 6.630000000000000000e+02
1.880000000000000000e+02 5.830000000000000000e+02
2.190000000000000000e+02 5.420000000000000000e+02
2.690000000000000000e+02 5.250000000000000000e+02
3.240000000000000000e+02 5.270000000000000000e+02
3.770000000000000000e+02 5.440000000000000000e+02
4.970000000000000000e+02 5.480000000000000000e+02
5.490000000000000000e+02 5.280000000000000000e+02
6.060000000000000000e+02 5.240000000000000000e+02
6.590000000000000000e+02 5.430000000000000000e+02
6.910000000000000000e+02 5.890000000000000000e+02
4.420000000000000000e+02 6.020000000000000000e+02
4.430000000000000000e+02 6.540000000000000000e+02
4.440000000000000000e+02 7.040000000000000000e+02
4.450000000000000000e+02 7.560000000000000000e+02
3.870000000000000000e+02 8.040000000000000000e+02
4.140000000000000000e+02 8.150000000000000000e+02
4.440000000000000000e+02 8.240000000000000000e+02
4.730000000000000000e+02 8.140000000000000000e+02
5.010000000000000000e+02 8.030000000000000000e+02
2.440000000000000000e+02 6.320000000000000000e+02
2.770000000000000000e+02 6.090000000000000000e+02
3.160000000000000000e+02 6.070000000000000000e+02
3.530000000000000000e+02 6.320000000000000000e+02
3.160000000000000000e+02 6.380000000000000000e+02
2.760000000000000000e+02 6.410000000000000000e+02
5.260000000000000000e+02 6.310000000000000000e+02
5.630000000000000000e+02 6.070000000000000000e+02
6.040000000000000000e+02 6.090000000000000000e+02
6.380000000000000000e+02 6.320000000000000000e+02
6.050000000000000000e+02 6.390000000000000000e+02
5.640000000000000000e+02 6.370000000000000000e+02
3.160000000000000000e+02 9.130000000000000000e+02
3.700000000000000000e+02 8.990000000000000000e+02
4.180000000000000000e+02 8.870000000000000000e+02
4.480000000000000000e+02 8.940000000000000000e+02
4.760000000000000000e+02 8.860000000000000000e+02
5.220000000000000000e+02 8.970000000000000000e+02
5.710000000000000000e+02 9.100000000000000000e+02
5.210000000000000000e+02 9.420000000000000000e+02
4.760000000000000000e+02 9.600000000000000000e+02
4.440000000000000000e+02 9.630000000000000000e+02
4.120000000000000000e+02 9.590000000000000000e+02
3.660000000000000000e+02 9.430000000000000000e+02
3.330000000000000000e+02 9.160000000000000000e+02
4.170000000000000000e+02 9.190000000000000000e+02
4.470000000000000000e+02 9.220000000000000000e+02
4.770000000000000000e+02 9.190000000000000000e+02
5.530000000000000000e+02 9.130000000000000000e+02
4.750000000000000000e+02 9.170000000000000000e+02
4.450000000000000000e+02 9.210000000000000000e+02
4.140000000000000000e+02 9.190000000000000000e+02
