1.420000000000000000e+02 6.330000000000000000e+02
1.480000000000000000e+02 7.180000000000000000e+02
1.580000000000000000e+02 8.030000000000000000e+02
1.740000000000000000e+02 8.830000000000000000e+02
1.990000000000000000e+02 9.580000000000000000e+02
2.440000000000000000e+02 1.021000000000000000e+03
3.040000000000000000e+02 1.069000000000000000e+03
3.710000000000000000e+02 1.108000000000000000e+03
4.480000000000000000e+02 1.116000000000000000e+03
5.270000000000000000e+02 1.102000000000000000e+03
5.960000000000000000e+02 1.061000000000000000e+03
6.640000000000000000e+02 1.014000000000000000e+03
7.160000000000000000e+02 9.540000000000000000e+02
7.430000000000000000e+02 8.820000000000000000e+02
7.530000000000000000e+02 7.990000000000000000e+02
7.610000000000000000e+02 7.140000000000000000e+02
7.670000000000000000e+02 6.280000000000000000e+02
1.930000000000000000e+02 5.950000000000000000e+02
2.260000000000000000e+02 5.530000000000000000e+02
2.800000000000000000e+02 5.380000000000000000e+02
3.380000000000000000e+02 5.390000000000000000e+02
3.910000000000000000e+02 5.580000000000000000e+02
4.880000000000000000e+02 5.570000000000000000e+02
5.430000000000000000e+02 5.370000000000000000e+02
6.050000000000000000e+02 5.350000000000000000e+02
6.620000000000000000e+02 5.580000000000000000e+02
6.950000000000000000e+02 6.060000000000000000e+02
4.380000000000000000e+02 6.090000000000000000e+02
4.380000000000000000e+02 6.680000000000000000e+02
4.370000000000000000e+02 7.260000000000000000e+02
4.370000000000000000e+02 7.870000000000000000e+02
3.670000000000000000e+02 8.180000000000000000e+02
4.000000000000000000e+02 8.260000000000000000e+02
4.370000000000000000e+02 8.350000000000000000e+02
4.760000000000000000e+02 8.250000000000000000e+02
5.120000000000000000e+02 8.140000000000000000e+02
2.600000000000000000e+02 6.230000000000000000e+02
2.910000000000000000e+02 6.000000000000000000e+02
3.300000000000000000e+02 5.960000000000000000e+02
3.630000000000000000e+02 6.210000000000000000e+02
3.300000000000000000e+02 6.300000000000000000e+02
2.910000000000000000e+02 6.320000000000000000e+02
5.130000000000000000e+02 6.230000000000000000e+02
5.480000000000000000e+02 5.980000000000000000e+02
5.880000000000000000e+02 6.010000000000000000e+02
6.210000000000000000e+02 6.260000000000000000e+02
5.880000000000000000e+02 6.350000000000000000e+02
5.470000000000000000e+02 6.330000000000000000e+02
3.160000000000000000e+02 9.040000000000000000e+02
3.640000000000000000e+02 9.010000000000000000e+02
4.070000000000000000e+02 8.920000000000000000e+02
4.380000000000000000e+02 8.980000000000000000e+02
4.700000000000000000e+02 8.890000000000000000e+02
5.120000000000000000e+02 8.970000000000000000e+02
5.660000000000000000e+02 9.020000000000000000e+02
5.130000000000000000e+02 9.260000000000000000e+02
4.740000000000000000e+02 9.380000000000000000e+02
4.400000000000000000e+02 9.420000000000000000e+02
4.080000000000000000e+02 9.410000000000000000e+02
3.650000000000000000e+02 9.290000000000000000e+02
3.320000000000000000e+02 9.060000000000000000e+02
4.070000000000000000e+02 9.070000000000000000e+02
4.380000000000000000e+02 9.110000000000000000e+02
4.710000000000000000e+02 9.050000000000000000e+02
5.470000000000000000e+02 9.040000000000000000e+02
4.720000000000000000e+02 9.040000000000000000e+02
4.400000000000000000e+02 9.100000000000000000e+02
4.080000000000000000e+02 9.080000000000000000e+02
