1.310000000000000000e+02 6.210000000000000000e+02
1.390000000000000000e+02 7.040000000000000000e+02
1.490000000000000000e+02 7.870000000000000000e+02
1.630000000000000000e+02 8.680000000000000000e+02
1.870000000000000000e+02 9.440000000000000000e+02
2.290000000000000000e+02 1.010000000000000000e+03
2.870000000000000000e+02 1.060000000000000000e+03
3.560000000000000000e+02 1.098000000000000000e+03
4.330000000000000000e+02 1.113000000000000000e+03
5.150000000000000000e+02 1.101000000000000000e+03
5.880000000000000000e+02 1.065000000000000000e+03
6.480000000000000000e+02 1.014000000000000000e+03
6.910000000000000000e+02 9.490000000000000000e+02
7.170000000000000000e+02 8.700000000000000000e+02
7.310000000000000000e+02 7.870000000000000000e+02
7.420000000000000000e+02 7.000000000000000000e+02
7.480000000000000000e+02 6.090000000000000000e+02
1.770000000000000000e+02 5.760000000000000000e+02
2.130000000000000000e+02 5.390000000000000000e+02
2.690000000000000000e+02 5.320000000000000000e+02
3.250000000000000000e+02 5.460000000000000000e+02
3.800000000000000000e+02 5.680000000000000000e+02
4.850000000000000000e+02 5.680000000000000000e+02
5.420000000000000000e+02 5.480000000000000000e+02
5.990000000000000000e+02 5.340000000000000000e+02
6.600000000000000000e+02 5.410000000000000000e+02
6.980000000000000000e+02 5.800000000000000000e+02
4.340000000000000000e+02 6.070000000000000000e+02
4.340000000000000000e+02 6.600000000000000000e+02
4.340000000000000000e+02 7.130000000000000000e+02
4.350000000000000000e+02 7.690000000000000000e+02
3.730000000000000000e+02 8.010000000000000000e+02
4.030000000000000000e+02 8.100000000000000000e+02
4.360000000000000000e+02 8.170000000000000000e+02
4.700000000000000000e+02 8.100000000000000000e+02
5.010000000000000000e+02 7.990000000000000000e+02
2.500000000000000000e+02 6.270000000000000000e+02
2.790000000000000000e+02 6.120000000000000000e+02
3.140000000000000000e+02 6.100000000000000000e+02
3.500000000000000000e+02 6.250000000000000000e+02
3.140000000000000000e+02 6.350000000000000000e+02
2.780000000000000000e+02 6.370000000000000000e+02
5.220000000000000000e+02 6.230000000000000000e+02
5.570000000000000000e+02 6.080000000000000000e+02
5.940000000000000000e+02 6.100000000000000000e+02
6.260000000000000000e+02 6.230000000000000000e+02
5.940000000000000000e+02 6.350000000000000000e+02
5.570000000000000000e+02 6.320000000000000000e+02
3.300000000000000000e+02 9.150000000000000000e+02
3.660000000000000000e+02 9.020000000000000000e+02
4.020000000000000000e+02 8.950000000000000000e+02
4.360000000000000000e+02 9.040000000000000000e+02
4.690000000000000000e+02 8.950000000000000000e+02
5.070000000000000000e+02 9.010000000000000000e+02
5.530000000000000000e+02 9.160000000000000000e+02
5.110000000000000000e+02 9.400000000000000000e+02
4.710000000000000000e+02 9.490000000000000000e+02
4.380000000000000000e+02 9.510000000000000000e+02
4.030000000000000000e+02 9.480000000000000000e+02
3.670000000000000000e+02 9.370000000000000000e+02
3.440000000000000000e+02 9.160000000000000000e+02
4.010000000000000000e+02 9.130000000000000000e+02
4.350000000000000000e+02 9.180000000000000000e+02
4.690000000000000000e+02 9.140000000000000000e+02
5.390000000000000000e+02 9.150000000000000000e+02
4.710000000000000000e+02 9.170000000000000000e+02
4.380000000000000000e+02 9.200000000000000000e+02
4.040000000000000000e+02 9.150000000000000000e+02
