1.690000000000000000e+02 6.980000000000000000e+02
1.720000000000000000e+02 7.650000000000000000e+02
1.800000000000000000e+02 8.330000000000000000e+02
1.930000000000000000e+02 9.050000000000000000e+02
2.090000000000000000e+02 9.770000000000000000e+02
2.400000000000000000e+02 1.039000000000000000e+03
2.920000000000000000e+02 1.089000000000000000e+03
3.580000000000000000e+02 1.121000000000000000e+03
4.370000000000000000e+02 1.128000000000000000e+03
5.190000000000000000e+02 1.116000000000000000e+03
5.940000000000000000e+02 1.087000000000000000e+03
6.540000000000000000e+02 1.040000000000000000e+03
6.930000000000000000e+02 9.780000000000000000e+02
7.100000000000000000e+02 9.030000000000000000e+02
7.240000000000000000e+02 8.280000000000000000e+02
7.340000000000000000e+02 7.550000000000000000e+02
7.370000000000000000e+02 6.800000000000000000e+02
2.140000000000000000e+02 5.750000000000000000e+02
2.410000000000000000e+02 5.310000000000000000e+02
2.870000000000000000e+02 5.110000000000000000e+02
3.380000000000000000e+02 5.120000000000000000e+02
3.860000000000000000e+02 5.310000000000000000e+02
4.780000000000000000e+02 5.250000000000000000e+02
5.310000000000000000e+02 5.020000000000000000e+02
5.890000000000000000e+02 5.020000000000000000e+02
6.430000000000000000e+02 5.260000000000000000e+02
6.730000000000000000e+02 5.770000000000000000e+02
4.350000000000000000e+02 5.970000000000000000e+02
4.350000000000000000e+02 6.440000000000000000e+02
4.340000000000000000e+02 6.910000000000000000e+02
4.330000000000000000e+02 7.400000000000000000e+02
3.910000000000000000e+02 8.060000000000000000e+02
4.130000000000000000e+02 8.110000000000000000e+02
4.350000000000000000e+02 8.150000000000000000e+02
4.610000000000000000e+02 8.110000000000000000e+02
4.860000000000000000e+02 8.060000000000000000e+02
2.620000000000000000e+02 6.380000000000000000e+02
2.890000000000000000e+02 6.100000000000000000e+02
3.270000000000000000e+02 6.090000000000000000e+02
3.610000000000000000e+02 6.370000000000000000e+02
3.270000000000000000e+02 6.480000000000000000e+02
2.890000000000000000e+02 6.500000000000000000e+02
5.180000000000000000e+02 6.330000000000000000e+02
5.510000000000000000e+02 6.030000000000000000e+02
5.910000000000000000e+02 6.020000000000000000e+02
6.200000000000000000e+02 6.310000000000000000e+02
5.920000000000000000e+02 6.430000000000000000e+02
5.530000000000000000e+02 6.420000000000000000e+02
3.240000000000000000e+02 9.200000000000000000e+02
3.650000000000000000e+02 8.980000000000000000e+02
4.060000000000000000e+02 8.860000000000000000e+02
4.360000000000000000e+02 8.940000000000000000e+02
4.650000000000000000e+02 8.870000000000000000e+02
5.080000000000000000e+02 8.980000000000000000e+02
5.590000000000000000e+02 9.200000000000000000e+02
5.080000000000000000e+02 9.340000000000000000e+02
4.660000000000000000e+02 9.420000000000000000e+02
4.360000000000000000e+02 9.450000000000000000e+02
4.040000000000000000e+02 9.410000000000000000e+02
3.650000000000000000e+02 9.330000000000000000e+02
3.390000000000000000e+02 9.180000000000000000e+02
4.060000000000000000e+02 9.090000000000000000e+02
4.360000000000000000e+02 9.130000000000000000e+02
4.650000000000000000e+02 9.100000000000000000e+02
5.410000000000000000e+02 9.180000000000000000e+02
4.650000000000000000e+02 9.120000000000000000e+02
4.350000000000000000e+02 9.160000000000000000e+02
4.050000000000000000e+02 9.130000000000000000e+02
