1.430000000000000000e+02 6.520000000000000000e+02
1.500000000000000000e+02 7.320000000000000000e+02
1.640000000000000000e+02 8.130000000000000000e+02
1.790000000000000000e+02 8.910000000000000000e+02
2.010000000000000000e+02 9.680000000000000000e+02
2.410000000000000000e+02 1.034000000000000000e+03
2.960000000000000000e+02 1.090000000000000000e+03
3.610000000000000000e+02 1.134000000000000000e+03
4.410000000000000000e+02 1.148000000000000000e+03
5.230000000000000000e+02 1.133000000000000000e+03
5.900000000000000000e+02 1.087000000000000000e+03
6.440000000000000000e+02 1.028000000000000000e+03
6.820000000000000000e+02 9.580000000000000000e+02
7.000000000000000000e+02 8.800000000000000000e+02
7.110000000000000000e+02 8.020000000000000000e+02
7.220000000000000000e+02 7.220000000000000000e+02
7.260000000000000000e+02 6.430000000000000000e+02
1.960000000000000000e+02 5.920000000000000000e+02
2.300000000000000000e+02 5.540000000000000000e+02
2.810000000000000000e+02 5.390000000000000000e+02
3.370000000000000000e+02 5.410000000000000000e+02
3.930000000000000000e+02 5.520000000000000000e+02
4.890000000000000000e+02 5.570000000000000000e+02
5.450000000000000000e+02 5.430000000000000000e+02
5.990000000000000000e+02 5.350000000000000000e+02
6.530000000000000000e+02 5.460000000000000000e+02
6.840000000000000000e+02 5.850000000000000000e+02
4.430000000000000000e+02 5.970000000000000000e+02
4.440000000000000000e+02 6.510000000000000000e+02
4.450000000000000000e+02 7.040000000000000000e+02
4.460000000000000000e+02 7.600000000000000000e+02
3.780000000000000000e+02 7.960000000000000000e+02
4.080000000000000000e+02 8.100000000000000000e+02
4.430000000000000000e+02 8.190000000000000000e+02
4.770000000000000000e+02 8.100000000000000000e+02
5.070000000000000000e+02 7.970000000000000000e+02
2.600000000000000000e+02 6.260000000000000000e+02
2.900000000000000000e+02 6.040000000000000000e+02
3.280000000000000000e+02 6.000000000000000000e+02
3.670000000000000000e+02 6.180000000000000000e+02
3.300000000000000000e+02 6.290000000000000000e+02
2.910000000000000000e+02 6.340000000000000000e+02
5.120000000000000000e+02 6.160000000000000000e+02
5.490000000000000000e+02 5.970000000000000000e+02
5.870000000000000000e+02 5.990000000000000000e+02
6.180000000000000000e+02 6.200000000000000000e+02
5.870000000000000000e+02 6.300000000000000000e+02
5.480000000000000000e+02 6.260000000000000000e+02
3.270000000000000000e+02 9.210000000000000000e+02
3.660000000000000000e+02 8.980000000000000000e+02
4.050000000000000000e+02 8.850000000000000000e+02
4.390000000000000000e+02 8.930000000000000000e+02
4.730000000000000000e+02 8.840000000000000000e+02
5.140000000000000000e+02 8.960000000000000000e+02
5.540000000000000000e+02 9.150000000000000000e+02
5.150000000000000000e+02 9.410000000000000000e+02
4.770000000000000000e+02 9.560000000000000000e+02
4.420000000000000000e+02 9.590000000000000000e+02
4.060000000000000000e+02 9.560000000000000000e+02
3.680000000000000000e+02 9.450000000000000000e+02
3.440000000000000000e+02 9.210000000000000000e+02
4.050000000000000000e+02 9.120000000000000000e+02
4.390000000000000000e+02 9.130000000000000000e+02
4.740000000000000000e+02 9.100000000000000000e+02
5.360000000000000000e+02 9.160000000000000000e+02
4.750000000000000000e+02 9.140000000000000000e+02
4.410000000000000000e+02 9.180000000000000000e+02
4.070000000000000000e+02 9.160000000000000000e+02
