1.520000000000000000e+02 6.640000000000000000e+02
1.570000000000000000e+02 7.420000000000000000e+02
1.660000000000000000e+02 8.160000000000000000e+02
1.800000000000000000e+02 8.930000000000000000e+02
2.020000000000000000e+02 9.670000000000000000e+02
2.420000000000000000e+02 1.035000000000000000e+03
2.960000000000000000e+02 1.095000000000000000e+03
3.630000000000000000e+02 1.140000000000000000e+03
4.430000000000000000e+02 1.150000000000000000e+03
5.230000000000000000e+02 1.136000000000000000e+03
5.890000000000000000e+02 1.093000000000000000e+03
6.440000000000000000e+02 1.037000000000000000e+03
6.870000000000000000e+02 9.750000000000000000e+02
7.100000000000000000e+02 9.010000000000000000e+02
7.170000000000000000e+02 8.230000000000000000e+02
7.220000000000000000e+02 7.480000000000000000e+02
7.260000000000000000e+02 6.730000000000000000e+02
1.980000000000000000e+02 5.930000000000000000e+02
2.310000000000000000e+02 5.440000000000000000e+02
2.880000000000000000e+02 5.170000000000000000e+02
3.500000000000000000e+02 5.140000000000000000e+02
4.070000000000000000e+02 5.290000000000000000e+02
4.790000000000000000e+02 5.280000000000000000e+02
5.350000000000000000e+02 5.100000000000000000e+02
5.970000000000000000e+02 5.120000000000000000e+02
6.540000000000000000e+02 5.390000000000000000e+02
6.840000000000000000e+02 5.900000000000000000e+02
4.410000000000000000e+02 5.970000000000000000e+02
4.400000000000000000e+02 6.400000000000000000e+02
4.400000000000000000e+02 6.820000000000000000e+02
4.390000000000000000e+02 7.270000000000000000e+02
3.830000000000000000e+02 7.960000000000000000e+02
4.120000000000000000e+02 7.980000000000000000e+02
4.400000000000000000e+02 8.000000000000000000e+02
4.690000000000000000e+02 7.970000000000000000e+02
4.980000000000000000e+02 7.940000000000000000e+02
2.620000000000000000e+02 6.320000000000000000e+02
2.910000000000000000e+02 6.110000000000000000e+02
3.260000000000000000e+02 6.080000000000000000e+02
3.630000000000000000e+02 6.260000000000000000e+02
3.290000000000000000e+02 6.370000000000000000e+02
2.920000000000000000e+02 6.400000000000000000e+02
5.210000000000000000e+02 6.230000000000000000e+02
5.580000000000000000e+02 6.030000000000000000e+02
5.940000000000000000e+02 6.060000000000000000e+02
6.250000000000000000e+02 6.260000000000000000e+02
5.930000000000000000e+02 6.340000000000000000e+02
5.570000000000000000e+02 6.310000000000000000e+02
3.210000000000000000e+02 9.180000000000000000e+02
3.660000000000000000e+02 8.900000000000000000e+02
4.080000000000000000e+02 8.740000000000000000e+02
4.380000000000000000e+02 8.810000000000000000e+02
4.670000000000000000e+02 8.730000000000000000e+02
5.100000000000000000e+02 8.890000000000000000e+02
5.580000000000000000e+02 9.170000000000000000e+02
5.090000000000000000e+02 9.340000000000000000e+02
4.680000000000000000e+02 9.360000000000000000e+02
4.380000000000000000e+02 9.370000000000000000e+02
4.070000000000000000e+02 9.370000000000000000e+02
3.650000000000000000e+02 9.320000000000000000e+02
3.390000000000000000e+02 9.140000000000000000e+02
4.080000000000000000e+02 9.040000000000000000e+02
4.380000000000000000e+02 9.050000000000000000e+02
4.680000000000000000e+02 9.020000000000000000e+02
5.410000000000000000e+02 9.130000000000000000e+02
4.670000000000000000e+02 9.060000000000000000e+02
4.380000000000000000e+02 9.080000000000000000e+02
4.080000000000000000e+02 9.070000000000000000e+02
