1.490000000000000000e+02 6.060000000000000000e+02
1.590000000000000000e+02 6.890000000000000000e+02
1.770000000000000000e+02 7.710000000000000000e+02
1.930000000000000000e+02 8.500000000000000000e+02
2.120000000000000000e+02 9.270000000000000000e+02
2.540000000000000000e+02 9.970000000000000000e+02
3.080000000000000000e+02 1.059000000000000000e+03
3.690000000000000000e+02 1.104000000000000000e+03
4.400000000000000000e+02 1.119000000000000000e+03
5.120000000000000000e+02 1.107000000000000000e+03
5.690000000000000000e+02 1.061000000000000000e+03
6.140000000000000000e+02 9.950000000000000000e+02
6.520000000000000000e+02 9.200000000000000000e+02
6.700000000000000000e+02 8.420000000000000000e+02
6.850000000000000000e+02 7.610000000000000000e+02
6.980000000000000000e+02 6.800000000000000000e+02
7.020000000000000000e+02 5.990000000000000000e+02
1.960000000000000000e+02 5.810000000000000000e+02
2.310000000000000000e+02 5.380000000000000000e+02
2.870000000000000000e+02 5.190000000000000000e+02
3.450000000000000000e+02 5.230000000000000000e+02
4.000000000000000000e+02 5.420000000000000000e+02
4.830000000000000000e+02 5.430000000000000000e+02
5.350000000000000000e+02 5.240000000000000000e+02
5.910000000000000000e+02 5.170000000000000000e+02
6.450000000000000000e+02 5.320000000000000000e+02
6.760000000000000000e+02 5.730000000000000000e+02
4.430000000000000000e+02 6.070000000000000000e+02
4.460000000000000000e+02 6.740000000000000000e+02
4.480000000000000000e+02 7.390000000000000000e+02
4.500000000000000000e+02 8.060000000000000000e+02
3.890000000000000000e+02 8.320000000000000000e+02
4.180000000000000000e+02 8.420000000000000000e+02
4.490000000000000000e+02 8.510000000000000000e+02
4.780000000000000000e+02 8.420000000000000000e+02
5.060000000000000000e+02 8.320000000000000000e+02
2.690000000000000000e+02 6.240000000000000000e+02
3.000000000000000000e+02 6.100000000000000000e+02
3.370000000000000000e+02 6.100000000000000000e+02
3.710000000000000000e+02 6.290000000000000000e+02
3.360000000000000000e+02 6.380000000000000000e+02
2.990000000000000000e+02 6.390000000000000000e+02
5.080000000000000000e+02 6.260000000000000000e+02
5.410000000000000000e+02 6.070000000000000000e+02
5.770000000000000000e+02 6.060000000000000000e+02
6.090000000000000000e+02 6.170000000000000000e+02
5.810000000000000000e+02 6.350000000000000000e+02
5.430000000000000000e+02 6.350000000000000000e+02
3.390000000000000000e+02 9.270000000000000000e+02
3.730000000000000000e+02 9.170000000000000000e+02
4.110000000000000000e+02 9.120000000000000000e+02
4.470000000000000000e+02 9.260000000000000000e+02
4.830000000000000000e+02 9.120000000000000000e+02
5.170000000000000000e+02 9.190000000000000000e+02
5.460000000000000000e+02 9.300000000000000000e+02
5.170000000000000000e+02 9.600000000000000000e+02
4.830000000000000000e+02 9.800000000000000000e+02
4.460000000000000000e+02 9.850000000000000000e+02
4.070000000000000000e+02 9.790000000000000000e+02
3.720000000000000000e+02 9.580000000000000000e+02
3.550000000000000000e+02 9.310000000000000000e+02
4.090000000000000000e+02 9.340000000000000000e+02
4.460000000000000000e+02 9.410000000000000000e+02
4.830000000000000000e+02 9.350000000000000000e+02
5.310000000000000000e+02 9.330000000000000000e+02
4.820000000000000000e+02 9.390000000000000000e+02
4.460000000000000000e+02 9.470000000000000000e+02
4.090000000000000000e+02 9.380000000000000000e+02
