1.650000000000000000e+02 5.790000000000000000e+02
1.740000000000000000e+02 6.650000000000000000e+02
1.860000000000000000e+02 7.460000000000000000e+02
1.970000000000000000e+02 8.270000000000000000e+02
2.140000000000000000e+02 9.060000000000000000e+02
2.510000000000000000e+02 9.790000000000000000e+02
2.990000000000000000e+02 1.041000000000000000e+03
3.570000000000000000e+02 1.088000000000000000e+03
4.350000000000000000e+02 1.104000000000000000e+03
5.160000000000000000e+02 1.097000000000000000e+03
5.820000000000000000e+02 1.053000000000000000e+03
6.380000000000000000e+02 9.940000000000000000e+02
6.820000000000000000e+02 9.230000000000000000e+02
7.150000000000000000e+02 8.440000000000000000e+02
7.300000000000000000e+02 7.590000000000000000e+02
7.410000000000000000e+02 6.680000000000000000e+02
7.500000000000000000e+02 5.770000000000000000e+02
1.840000000000000000e+02 5.770000000000000000e+02
2.210000000000000000e+02 5.400000000000000000e+02
2.790000000000000000e+02 5.430000000000000000e+02
3.330000000000000000e+02 5.610000000000000000e+02
3.840000000000000000e+02 5.840000000000000000e+02
4.900000000000000000e+02 5.820000000000000000e+02
5.410000000000000000e+02 5.590000000000000000e+02
5.960000000000000000e+02 5.430000000000000000e+02
6.550000000000000000e+02 5.420000000000000000e+02
7.030000000000000000e+02 5.680000000000000000e+02
4.370000000000000000e+02 6.270000000000000000e+02
4.370000000000000000e+02 6.910000000000000000e+02
4.360000000000000000e+02 7.520000000000000000e+02
4.350000000000000000e+02 8.150000000000000000e+02
3.800000000000000000e+02 8.340000000000000000e+02
4.070000000000000000e+02 8.460000000000000000e+02
4.370000000000000000e+02 8.550000000000000000e+02
4.700000000000000000e+02 8.460000000000000000e+02
4.990000000000000000e+02 8.370000000000000000e+02
2.520000000000000000e+02 6.170000000000000000e+02
2.830000000000000000e+02 5.970000000000000000e+02
3.270000000000000000e+02 5.990000000000000000e+02
3.620000000000000000e+02 6.300000000000000000e+02
3.250000000000000000e+02 6.400000000000000000e+02
2.810000000000000000e+02 6.400000000000000000e+02
5.230000000000000000e+02 6.290000000000000000e+02
5.590000000000000000e+02 5.980000000000000000e+02
6.020000000000000000e+02 5.970000000000000000e+02
6.350000000000000000e+02 6.190000000000000000e+02
6.040000000000000000e+02 6.400000000000000000e+02
5.610000000000000000e+02 6.400000000000000000e+02
3.400000000000000000e+02 9.260000000000000000e+02
3.700000000000000000e+02 9.150000000000000000e+02
4.050000000000000000e+02 9.090000000000000000e+02
4.340000000000000000e+02 9.190000000000000000e+02
4.650000000000000000e+02 9.110000000000000000e+02
5.030000000000000000e+02 9.200000000000000000e+02
5.400000000000000000e+02 9.300000000000000000e+02
5.050000000000000000e+02 9.540000000000000000e+02
4.670000000000000000e+02 9.640000000000000000e+02
4.350000000000000000e+02 9.670000000000000000e+02
4.050000000000000000e+02 9.630000000000000000e+02
3.700000000000000000e+02 9.520000000000000000e+02
3.550000000000000000e+02 9.280000000000000000e+02
4.050000000000000000e+02 9.300000000000000000e+02
4.340000000000000000e+02 9.350000000000000000e+02
4.650000000000000000e+02 9.310000000000000000e+02
5.250000000000000000e+02 9.320000000000000000e+02
4.660000000000000000e+02 9.330000000000000000e+02
4.350000000000000000e+02 9.360000000000000000e+02
4.060000000000000000e+02 9.320000000000000000e+02
