1.260000000000000000e+02 6.300000000000000000e+02
1.360000000000000000e+02 7.110000000000000000e+02
1.510000000000000000e+02 7.870000000000000000e+02
1.680000000000000000e+02 8.630000000000000000e+02
1.930000000000000000e+02 9.350000000000000000e+02
2.350000000000000000e+02 9.990000000000000000e+02
2.970000000000000000e+02 1.047000000000000000e+03
3.630000000000000000e+02 1.084000000000000000e+03
4.370000000000000000e+02 1.095000000000000000e+03
5.090000000000000000e+02 1.084000000000000000e+03
5.740000000000000000e+02 1.050000000000000000e+03
6.340000000000000000e+02 1.002000000000000000e+03
6.770000000000000000e+02 9.390000000000000000e+02
7.040000000000000000e+02 8.680000000000000000e+02
7.260000000000000000e+02 7.930000000000000000e+02
7.440000000000000000e+02 7.160000000000000000e+02
7.530000000000000000e+02 6.370000000000000000e+02
1.760000000000000000e+02 5.830000000000000000e+02
2.170000000000000000e+02 5.390000000000000000e+02
2.780000000000000000e+02 5.210000000000000000e+02
3.400000000000000000e+02 5.290000000000000000e+02
3.990000000000000000e+02 5.540000000000000000e+02
4.860000000000000000e+02 5.570000000000000000e+02
5.430000000000000000e+02 5.310000000000000000e+02
6.050000000000000000e+02 5.180000000000000000e+02
6.650000000000000000e+02 5.320000000000000000e+02
7.060000000000000000e+02 5.760000000000000000e+02
4.420000000000000000e+02 6.140000000000000000e+02
4.410000000000000000e+02 6.690000000000000000e+02
4.390000000000000000e+02 7.230000000000000000e+02
4.380000000000000000e+02 7.780000000000000000e+02
3.840000000000000000e+02 8.210000000000000000e+02
4.110000000000000000e+02 8.320000000000000000e+02
4.400000000000000000e+02 8.410000000000000000e+02
4.690000000000000000e+02 8.330000000000000000e+02
4.970000000000000000e+02 8.240000000000000000e+02
2.430000000000000000e+02 6.390000000000000000e+02
2.790000000000000000e+02 6.160000000000000000e+02
3.230000000000000000e+02 6.170000000000000000e+02
3.620000000000000000e+02 6.450000000000000000e+02
3.230000000000000000e+02 6.580000000000000000e+02
2.770000000000000000e+02 6.600000000000000000e+02
5.230000000000000000e+02 6.470000000000000000e+02
5.620000000000000000e+02 6.180000000000000000e+02
6.060000000000000000e+02 6.170000000000000000e+02
6.410000000000000000e+02 6.390000000000000000e+02
6.100000000000000000e+02 6.610000000000000000e+02
5.630000000000000000e+02 6.600000000000000000e+02
3.200000000000000000e+02 9.180000000000000000e+02
3.720000000000000000e+02 9.060000000000000000e+02
4.150000000000000000e+02 8.960000000000000000e+02
4.440000000000000000e+02 9.070000000000000000e+02
4.740000000000000000e+02 8.990000000000000000e+02
5.130000000000000000e+02 9.100000000000000000e+02
5.600000000000000000e+02 9.240000000000000000e+02
5.120000000000000000e+02 9.510000000000000000e+02
4.710000000000000000e+02 9.660000000000000000e+02
4.390000000000000000e+02 9.690000000000000000e+02
4.080000000000000000e+02 9.640000000000000000e+02
3.680000000000000000e+02 9.470000000000000000e+02
3.380000000000000000e+02 9.200000000000000000e+02
4.130000000000000000e+02 9.200000000000000000e+02
4.430000000000000000e+02 9.250000000000000000e+02
4.740000000000000000e+02 9.220000000000000000e+02
5.410000000000000000e+02 9.260000000000000000e+02
4.710000000000000000e+02 9.260000000000000000e+02
4.400000000000000000e+02 9.300000000000000000e+02
4.110000000000000000e+02 9.240000000000000000e+02
