1.420000000000000000e+02 6.460000000000000000e+02
1.500000000000000000e+02 7.210000000000000000e+02
1.670000000000000000e+02 7.950000000000000000e+02
1.850000000000000000e+02 8.700000000000000000e+02
2.060000000000000000e+02 9.430000000000000000e+02
2.420000000000000000e+02 1.013000000000000000e+03
2.960000000000000000e+02 1.069000000000000000e+03
3.630000000000000000e+02 1.111000000000000000e+03
4.400000000000000000e+02 1.122000000000000000e+03
5.180000000000000000e+02 1.108000000000000000e+03
5.880000000000000000e+02 1.068000000000000000e+03
6.480000000000000000e+02 1.018000000000000000e+03
6.890000000000000000e+02 9.520000000000000000e+02
7.120000000000000000e+02 8.800000000000000000e+02
7.210000000000000000e+02 8.020000000000000000e+02
7.290000000000000000e+02 7.280000000000000000e+02
7.330000000000000000e+02 6.520000000000000000e+02
1.950000000000000000e+02 5.800000000000000000e+02
2.280000000000000000e+02 5.430000000000000000e+02
2.810000000000000000e+02 5.300000000000000000e+02
3.350000000000000000e+02 5.340000000000000000e+02
3.870000000000000000e+02 5.520000000000000000e+02
4.940000000000000000e+02 5.490000000000000000e+02
5.450000000000000000e+02 5.300000000000000000e+02
5.990000000000000000e+02 5.250000000000000000e+02
6.490000000000000000e+02 5.410000000000000000e+02
6.820000000000000000e+02 5.790000000000000000e+02
4.390000000000000000e+02 6.080000000000000000e+02
4.380000000000000000e+02 6.630000000000000000e+02
4.370000000000000000e+02 7.160000000000000000e+02
4.360000000000000000e+02 7.720000000000000000e+02
3.760000000000000000e+02 8.100000000000000000e+02
4.050000000000000000e+02 8.250000000000000000e+02
4.370000000000000000e+02 8.360000000000000000e+02
4.700000000000000000e+02 8.250000000000000000e+02
5.010000000000000000e+02 8.110000000000000000e+02
2.510000000000000000e+02 6.250000000000000000e+02
2.850000000000000000e+02 5.970000000000000000e+02
3.280000000000000000e+02 5.950000000000000000e+02
3.670000000000000000e+02 6.270000000000000000e+02
3.280000000000000000e+02 6.370000000000000000e+02
2.850000000000000000e+02 6.400000000000000000e+02
5.130000000000000000e+02 6.240000000000000000e+02
5.500000000000000000e+02 5.910000000000000000e+02
5.920000000000000000e+02 5.910000000000000000e+02
6.260000000000000000e+02 6.180000000000000000e+02
5.940000000000000000e+02 6.340000000000000000e+02
5.520000000000000000e+02 6.330000000000000000e+02
3.340000000000000000e+02 9.240000000000000000e+02
3.730000000000000000e+02 8.990000000000000000e+02
4.120000000000000000e+02 8.850000000000000000e+02
4.390000000000000000e+02 8.940000000000000000e+02
4.670000000000000000e+02 8.870000000000000000e+02
5.070000000000000000e+02 9.000000000000000000e+02
5.490000000000000000e+02 9.220000000000000000e+02
5.080000000000000000e+02 9.520000000000000000e+02
4.680000000000000000e+02 9.640000000000000000e+02
4.380000000000000000e+02 9.660000000000000000e+02
4.100000000000000000e+02 9.640000000000000000e+02
3.720000000000000000e+02 9.500000000000000000e+02
3.520000000000000000e+02 9.230000000000000000e+02
4.120000000000000000e+02 9.220000000000000000e+02
4.390000000000000000e+02 9.250000000000000000e+02
4.670000000000000000e+02 9.220000000000000000e+02
5.310000000000000000e+02 9.230000000000000000e+02
4.670000000000000000e+02 9.240000000000000000e+02
4.390000000000000000e+02 9.270000000000000000e+02
4.110000000000000000e+02 9.230000000000000000e+02
