1.320000000000000000e+02 6.600000000000000000e+02
1.410000000000000000e+02 7.370000000000000000e+02
1.540000000000000000e+02 8.150000000000000000e+02
1.700000000000000000e+02 8.890000000000000000e+02
1.950000000000000000e+02 9.630000000000000000e+02
2.390000000000000000e+02 1.025000000000000000e+03
2.990000000000000000e+02 1.077000000000000000e+03
3.650000000000000000e+02 1.117000000000000000e+03
4.410000000000000000e+02 1.129000000000000000e+03
5.180000000000000000e+02 1.117000000000000000e+03
5.860000000000000000e+02 1.075000000000000000e+03
6.430000000000000000e+02 1.020000000000000000e+03
6.830000000000000000e+02 9.540000000000000000e+02
7.050000000000000000e+02 8.800000000000000000e+02
7.220000000000000000e+02 8.040000000000000000e+02
7.320000000000000000e+02 7.250000000000000000e+02
7.360000000000000000e+02 6.460000000000000000e+02
1.970000000000000000e+02 5.780000000000000000e+02
2.330000000000000000e+02 5.430000000000000000e+02
2.860000000000000000e+02 5.300000000000000000e+02
3.420000000000000000e+02 5.360000000000000000e+02
3.990000000000000000e+02 5.500000000000000000e+02
4.930000000000000000e+02 5.550000000000000000e+02
5.450000000000000000e+02 5.390000000000000000e+02
6.000000000000000000e+02 5.290000000000000000e+02
6.530000000000000000e+02 5.450000000000000000e+02
6.830000000000000000e+02 5.890000000000000000e+02
4.410000000000000000e+02 6.040000000000000000e+02
4.420000000000000000e+02 6.490000000000000000e+02
4.420000000000000000e+02 6.930000000000000000e+02
4.430000000000000000e+02 7.410000000000000000e+02
3.810000000000000000e+02 7.940000000000000000e+02
4.090000000000000000e+02 8.010000000000000000e+02
4.410000000000000000e+02 8.080000000000000000e+02
4.720000000000000000e+02 8.010000000000000000e+02
5.020000000000000000e+02 7.920000000000000000e+02
2.540000000000000000e+02 6.320000000000000000e+02
2.860000000000000000e+02 6.090000000000000000e+02
3.270000000000000000e+02 6.070000000000000000e+02
3.650000000000000000e+02 6.340000000000000000e+02
3.250000000000000000e+02 6.460000000000000000e+02
2.840000000000000000e+02 6.480000000000000000e+02
5.140000000000000000e+02 6.330000000000000000e+02
5.470000000000000000e+02 6.060000000000000000e+02
5.890000000000000000e+02 6.070000000000000000e+02
6.240000000000000000e+02 6.290000000000000000e+02
5.910000000000000000e+02 6.460000000000000000e+02
5.490000000000000000e+02 6.450000000000000000e+02
3.290000000000000000e+02 9.200000000000000000e+02
3.680000000000000000e+02 8.970000000000000000e+02
4.080000000000000000e+02 8.800000000000000000e+02
4.390000000000000000e+02 8.900000000000000000e+02
4.670000000000000000e+02 8.790000000000000000e+02
5.060000000000000000e+02 8.970000000000000000e+02
5.460000000000000000e+02 9.220000000000000000e+02
5.050000000000000000e+02 9.490000000000000000e+02
4.680000000000000000e+02 9.610000000000000000e+02
4.380000000000000000e+02 9.640000000000000000e+02
4.050000000000000000e+02 9.590000000000000000e+02
3.660000000000000000e+02 9.450000000000000000e+02
3.460000000000000000e+02 9.210000000000000000e+02
4.070000000000000000e+02 9.150000000000000000e+02
4.380000000000000000e+02 9.180000000000000000e+02
4.670000000000000000e+02 9.160000000000000000e+02
5.280000000000000000e+02 9.230000000000000000e+02
4.670000000000000000e+02 9.190000000000000000e+02
4.380000000000000000e+02 9.230000000000000000e+02
4.070000000000000000e+02 9.190000000000000000e+02
