1.550000000000000000e+02 6.280000000000000000e+02
1.590000000000000000e+02 7.110000000000000000e+02
1.680000000000000000e+02 7.930000000000000000e+02
1.820000000000000000e+02 8.740000000000000000e+02
2.090000000000000000e+02 9.500000000000000000e+02
2.580000000000000000e+02 1.015000000000000000e+03
3.110000000000000000e+02 1.072000000000000000e+03
3.710000000000000000e+02 1.117000000000000000e+03
4.440000000000000000e+02 1.128000000000000000e+03
5.170000000000000000e+02 1.113000000000000000e+03
5.760000000000000000e+02 1.066000000000000000e+03
6.260000000000000000e+02 1.010000000000000000e+03
6.700000000000000000e+02 9.450000000000000000e+02
6.930000000000000000e+02 8.710000000000000000e+02
7.040000000000000000e+02 7.910000000000000000e+02
7.160000000000000000e+02 7.090000000000000000e+02
7.210000000000000000e+02 6.240000000000000000e+02
2.060000000000000000e+02 5.950000000000000000e+02
2.360000000000000000e+02 5.490000000000000000e+02
2.900000000000000000e+02 5.270000000000000000e+02
3.470000000000000000e+02 5.270000000000000000e+02
4.020000000000000000e+02 5.430000000000000000e+02
4.840000000000000000e+02 5.340000000000000000e+02
5.410000000000000000e+02 5.160000000000000000e+02
5.970000000000000000e+02 5.140000000000000000e+02
6.500000000000000000e+02 5.380000000000000000e+02
6.750000000000000000e+02 5.900000000000000000e+02
4.430000000000000000e+02 5.960000000000000000e+02
4.430000000000000000e+02 6.560000000000000000e+02
4.410000000000000000e+02 7.130000000000000000e+02
4.400000000000000000e+02 7.720000000000000000e+02
3.810000000000000000e+02 8.110000000000000000e+02
4.100000000000000000e+02 8.230000000000000000e+02
4.410000000000000000e+02 8.340000000000000000e+02
4.720000000000000000e+02 8.220000000000000000e+02
4.990000000000000000e+02 8.090000000000000000e+02
2.720000000000000000e+02 6.260000000000000000e+02
3.000000000000000000e+02 6.030000000000000000e+02
3.400000000000000000e+02 6.000000000000000000e+02
3.730000000000000000e+02 6.240000000000000000e+02
3.400000000000000000e+02 6.330000000000000000e+02
3.010000000000000000e+02 6.370000000000000000e+02
5.080000000000000000e+02 6.210000000000000000e+02
5.420000000000000000e+02 5.950000000000000000e+02
5.810000000000000000e+02 5.960000000000000000e+02
6.100000000000000000e+02 6.200000000000000000e+02
5.820000000000000000e+02 6.320000000000000000e+02
5.440000000000000000e+02 6.300000000000000000e+02
3.250000000000000000e+02 9.290000000000000000e+02
3.630000000000000000e+02 9.110000000000000000e+02
4.030000000000000000e+02 9.000000000000000000e+02
4.360000000000000000e+02 9.090000000000000000e+02
4.680000000000000000e+02 8.990000000000000000e+02
5.090000000000000000e+02 9.090000000000000000e+02
5.520000000000000000e+02 9.250000000000000000e+02
5.130000000000000000e+02 9.610000000000000000e+02
4.730000000000000000e+02 9.750000000000000000e+02
4.390000000000000000e+02 9.780000000000000000e+02
4.030000000000000000e+02 9.740000000000000000e+02
3.640000000000000000e+02 9.570000000000000000e+02
3.440000000000000000e+02 9.300000000000000000e+02
4.030000000000000000e+02 9.270000000000000000e+02
4.360000000000000000e+02 9.300000000000000000e+02
4.690000000000000000e+02 9.250000000000000000e+02
5.320000000000000000e+02 9.280000000000000000e+02
4.720000000000000000e+02 9.310000000000000000e+02
4.380000000000000000e+02 9.350000000000000000e+02
4.040000000000000000e+02 9.310000000000000000e+02
