1.540000000000000000e+02 5.980000000000000000e+02
1.610000000000000000e+02 6.800000000000000000e+02
1.760000000000000000e+02 7.610000000000000000e+02
1.930000000000000000e+02 8.410000000000000000e+02
2.140000000000000000e+02 9.220000000000000000e+02
2.530000000000000000e+02 9.950000000000000000e+02
3.070000000000000000e+02 1.055000000000000000e+03
3.700000000000000000e+02 1.098000000000000000e+03
4.460000000000000000e+02 1.110000000000000000e+03
5.250000000000000000e+02 1.096000000000000000e+03
5.930000000000000000e+02 1.056000000000000000e+03
6.480000000000000000e+02 9.960000000000000000e+02
6.860000000000000000e+02 9.240000000000000000e+02
7.040000000000000000e+02 8.470000000000000000e+02
7.220000000000000000e+02 7.680000000000000000e+02
7.370000000000000000e+02 6.870000000000000000e+02
7.440000000000000000e+02 6.030000000000000000e+02
1.970000000000000000e+02 5.610000000000000000e+02
2.350000000000000000e+02 5.290000000000000000e+02
2.870000000000000000e+02 5.280000000000000000e+02
3.350000000000000000e+02 5.490000000000000000e+02
3.800000000000000000e+02 5.740000000000000000e+02
4.990000000000000000e+02 5.750000000000000000e+02
5.480000000000000000e+02 5.520000000000000000e+02
6.010000000000000000e+02 5.350000000000000000e+02
6.570000000000000000e+02 5.410000000000000000e+02
6.960000000000000000e+02 5.790000000000000000e+02
4.390000000000000000e+02 6.150000000000000000e+02
4.370000000000000000e+02 6.710000000000000000e+02
4.350000000000000000e+02 7.270000000000000000e+02
4.330000000000000000e+02 7.840000000000000000e+02
3.800000000000000000e+02 8.240000000000000000e+02
4.050000000000000000e+02 8.330000000000000000e+02
4.320000000000000000e+02 8.390000000000000000e+02
4.630000000000000000e+02 8.330000000000000000e+02
4.910000000000000000e+02 8.260000000000000000e+02
2.470000000000000000e+02 6.260000000000000000e+02
2.790000000000000000e+02 6.010000000000000000e+02
3.220000000000000000e+02 6.050000000000000000e+02
3.590000000000000000e+02 6.400000000000000000e+02
3.180000000000000000e+02 6.460000000000000000e+02
2.750000000000000000e+02 6.450000000000000000e+02
5.240000000000000000e+02 6.400000000000000000e+02
5.590000000000000000e+02 6.070000000000000000e+02
6.040000000000000000e+02 6.050000000000000000e+02
6.380000000000000000e+02 6.300000000000000000e+02
6.070000000000000000e+02 6.470000000000000000e+02
5.640000000000000000e+02 6.470000000000000000e+02
3.290000000000000000e+02 9.260000000000000000e+02
3.680000000000000000e+02 9.110000000000000000e+02
4.040000000000000000e+02 8.990000000000000000e+02
4.350000000000000000e+02 9.100000000000000000e+02
4.660000000000000000e+02 9.000000000000000000e+02
5.070000000000000000e+02 9.120000000000000000e+02
5.580000000000000000e+02 9.240000000000000000e+02
5.110000000000000000e+02 9.540000000000000000e+02
4.720000000000000000e+02 9.670000000000000000e+02
4.380000000000000000e+02 9.700000000000000000e+02
4.050000000000000000e+02 9.660000000000000000e+02
3.700000000000000000e+02 9.500000000000000000e+02
3.460000000000000000e+02 9.290000000000000000e+02
4.030000000000000000e+02 9.250000000000000000e+02
4.350000000000000000e+02 9.300000000000000000e+02
4.670000000000000000e+02 9.250000000000000000e+02
5.400000000000000000e+02 9.260000000000000000e+02
4.700000000000000000e+02 9.290000000000000000e+02
4.380000000000000000e+02 9.330000000000000000e+02
4.050000000000000000e+02 9.270000000000000000e+02
