1.340000000000000000e+02 6.510000000000000000e+02
1.450000000000000000e+02 7.280000000000000000e+02
1.620000000000000000e+02 8.010000000000000000e+02
1.810000000000000000e+02 8.730000000000000000e+02
2.030000000000000000e+02 9.440000000000000000e+02
2.450000000000000000e+02 1.006000000000000000e+03
3.020000000000000000e+02 1.055000000000000000e+03
3.690000000000000000e+02 1.092000000000000000e+03
4.390000000000000000e+02 1.105000000000000000e+03
5.070000000000000000e+02 1.092000000000000000e+03
5.720000000000000000e+02 1.057000000000000000e+03
6.280000000000000000e+02 1.008000000000000000e+03
6.680000000000000000e+02 9.440000000000000000e+02
6.920000000000000000e+02 8.720000000000000000e+02
7.090000000000000000e+02 7.960000000000000000e+02
7.240000000000000000e+02 7.170000000000000000e+02
7.320000000000000000e+02 6.360000000000000000e+02
1.890000000000000000e+02 5.750000000000000000e+02
2.280000000000000000e+02 5.390000000000000000e+02
2.800000000000000000e+02 5.260000000000000000e+02
3.350000000000000000e+02 5.340000000000000000e+02
3.850000000000000000e+02 5.550000000000000000e+02
4.970000000000000000e+02 5.510000000000000000e+02
5.490000000000000000e+02 5.300000000000000000e+02
6.050000000000000000e+02 5.220000000000000000e+02
6.600000000000000000e+02 5.380000000000000000e+02
6.930000000000000000e+02 5.810000000000000000e+02
4.460000000000000000e+02 6.050000000000000000e+02
4.490000000000000000e+02 6.610000000000000000e+02
4.510000000000000000e+02 7.160000000000000000e+02
4.540000000000000000e+02 7.720000000000000000e+02
3.970000000000000000e+02 8.220000000000000000e+02
4.230000000000000000e+02 8.290000000000000000e+02
4.490000000000000000e+02 8.370000000000000000e+02
4.760000000000000000e+02 8.300000000000000000e+02
5.000000000000000000e+02 8.220000000000000000e+02
2.470000000000000000e+02 6.290000000000000000e+02
2.810000000000000000e+02 6.060000000000000000e+02
3.210000000000000000e+02 6.070000000000000000e+02
3.580000000000000000e+02 6.360000000000000000e+02
3.200000000000000000e+02 6.410000000000000000e+02
2.800000000000000000e+02 6.420000000000000000e+02
5.230000000000000000e+02 6.350000000000000000e+02
5.620000000000000000e+02 6.080000000000000000e+02
6.030000000000000000e+02 6.050000000000000000e+02
6.360000000000000000e+02 6.280000000000000000e+02
6.050000000000000000e+02 6.410000000000000000e+02
5.630000000000000000e+02 6.400000000000000000e+02
3.270000000000000000e+02 9.180000000000000000e+02
3.730000000000000000e+02 9.040000000000000000e+02
4.130000000000000000e+02 8.960000000000000000e+02
4.410000000000000000e+02 9.060000000000000000e+02
4.690000000000000000e+02 8.980000000000000000e+02
5.090000000000000000e+02 9.080000000000000000e+02
5.530000000000000000e+02 9.210000000000000000e+02
5.080000000000000000e+02 9.520000000000000000e+02
4.700000000000000000e+02 9.660000000000000000e+02
4.400000000000000000e+02 9.690000000000000000e+02
4.100000000000000000e+02 9.640000000000000000e+02
3.710000000000000000e+02 9.460000000000000000e+02
3.430000000000000000e+02 9.210000000000000000e+02
4.120000000000000000e+02 9.220000000000000000e+02
4.410000000000000000e+02 9.280000000000000000e+02
4.690000000000000000e+02 9.240000000000000000e+02
5.370000000000000000e+02 9.240000000000000000e+02
4.690000000000000000e+02 9.260000000000000000e+02
4.400000000000000000e+02 9.300000000000000000e+02
4.120000000000000000e+02 9.250000000000000000e+02
