1.540000000000000000e+02 6.050000000000000000e+02
1.600000000000000000e+02 6.860000000000000000e+02
1.750000000000000000e+02 7.660000000000000000e+02
1.940000000000000000e+02 8.430000000000000000e+02
2.190000000000000000e+02 9.170000000000000000e+02
2.570000000000000000e+02 9.870000000000000000e+02
3.070000000000000000e+02 1.042000000000000000e+03
3.670000000000000000e+02 1.088000000000000000e+03
4.410000000000000000e+02 1.100000000000000000e+03
5.130000000000000000e+02 1.085000000000000000e+03
5.740000000000000000e+02 1.039000000000000000e+03
6.280000000000000000e+02 9.840000000000000000e+02
6.690000000000000000e+02 9.170000000000000000e+02
6.950000000000000000e+02 8.430000000000000000e+02
7.130000000000000000e+02 7.650000000000000000e+02
7.300000000000000000e+02 6.840000000000000000e+02
7.350000000000000000e+02 6.000000000000000000e+02
1.960000000000000000e+02 5.660000000000000000e+02
2.320000000000000000e+02 5.350000000000000000e+02
2.860000000000000000e+02 5.320000000000000000e+02
3.380000000000000000e+02 5.460000000000000000e+02
3.860000000000000000e+02 5.700000000000000000e+02
4.910000000000000000e+02 5.700000000000000000e+02
5.410000000000000000e+02 5.450000000000000000e+02
5.930000000000000000e+02 5.290000000000000000e+02
6.480000000000000000e+02 5.270000000000000000e+02
6.890000000000000000e+02 5.560000000000000000e+02
4.420000000000000000e+02 6.240000000000000000e+02
4.430000000000000000e+02 6.870000000000000000e+02
4.440000000000000000e+02 7.470000000000000000e+02
4.460000000000000000e+02 8.090000000000000000e+02
3.800000000000000000e+02 8.380000000000000000e+02
4.110000000000000000e+02 8.500000000000000000e+02
4.440000000000000000e+02 8.610000000000000000e+02
4.780000000000000000e+02 8.510000000000000000e+02
5.080000000000000000e+02 8.370000000000000000e+02
2.460000000000000000e+02 6.270000000000000000e+02
2.810000000000000000e+02 6.010000000000000000e+02
3.240000000000000000e+02 6.020000000000000000e+02
3.610000000000000000e+02 6.380000000000000000e+02
3.210000000000000000e+02 6.450000000000000000e+02
2.770000000000000000e+02 6.450000000000000000e+02
5.230000000000000000e+02 6.380000000000000000e+02
5.590000000000000000e+02 6.000000000000000000e+02
6.010000000000000000e+02 5.970000000000000000e+02
6.360000000000000000e+02 6.210000000000000000e+02
6.060000000000000000e+02 6.410000000000000000e+02
5.630000000000000000e+02 6.430000000000000000e+02
3.230000000000000000e+02 9.310000000000000000e+02
3.720000000000000000e+02 9.200000000000000000e+02
4.120000000000000000e+02 9.090000000000000000e+02
4.410000000000000000e+02 9.170000000000000000e+02
4.690000000000000000e+02 9.090000000000000000e+02
5.060000000000000000e+02 9.210000000000000000e+02
5.510000000000000000e+02 9.310000000000000000e+02
5.070000000000000000e+02 9.610000000000000000e+02
4.690000000000000000e+02 9.770000000000000000e+02
4.390000000000000000e+02 9.800000000000000000e+02
4.080000000000000000e+02 9.770000000000000000e+02
3.670000000000000000e+02 9.610000000000000000e+02
3.460000000000000000e+02 9.350000000000000000e+02
4.110000000000000000e+02 9.320000000000000000e+02
4.410000000000000000e+02 9.360000000000000000e+02
4.690000000000000000e+02 9.330000000000000000e+02
5.300000000000000000e+02 9.360000000000000000e+02
4.690000000000000000e+02 9.380000000000000000e+02
4.400000000000000000e+02 9.410000000000000000e+02
4.100000000000000000e+02 9.370000000000000000e+02
