1.430000000000000000e+02 6.490000000000000000e+02
1.430000000000000000e+02 7.220000000000000000e+02
1.530000000000000000e+02 7.960000000000000000e+02
1.670000000000000000e+02 8.690000000000000000e+02
1.930000000000000000e+02 9.400000000000000000e+02
2.380000000000000000e+02 1.001000000000000000e+03
3.010000000000000000e+02 1.050000000000000000e+03
3.670000000000000000e+02 1.091000000000000000e+03
4.420000000000000000e+02 1.104000000000000000e+03
5.130000000000000000e+02 1.088000000000000000e+03
5.750000000000000000e+02 1.046000000000000000e+03
6.330000000000000000e+02 9.980000000000000000e+02
6.710000000000000000e+02 9.360000000000000000e+02
6.930000000000000000e+02 8.670000000000000000e+02
7.040000000000000000e+02 7.960000000000000000e+02
7.160000000000000000e+02 7.250000000000000000e+02
7.180000000000000000e+02 6.550000000000000000e+02
1.890000000000000000e+02 5.770000000000000000e+02
2.250000000000000000e+02 5.370000000000000000e+02
2.820000000000000000e+02 5.180000000000000000e+02
3.400000000000000000e+02 5.200000000000000000e+02
3.950000000000000000e+02 5.370000000000000000e+02
4.910000000000000000e+02 5.340000000000000000e+02
5.460000000000000000e+02 5.190000000000000000e+02
6.020000000000000000e+02 5.190000000000000000e+02
6.550000000000000000e+02 5.400000000000000000e+02
6.860000000000000000e+02 5.820000000000000000e+02
4.460000000000000000e+02 6.120000000000000000e+02
4.470000000000000000e+02 6.610000000000000000e+02
4.500000000000000000e+02 7.080000000000000000e+02
4.520000000000000000e+02 7.580000000000000000e+02
3.860000000000000000e+02 8.120000000000000000e+02
4.170000000000000000e+02 8.210000000000000000e+02
4.480000000000000000e+02 8.290000000000000000e+02
4.780000000000000000e+02 8.220000000000000000e+02
5.060000000000000000e+02 8.130000000000000000e+02
2.520000000000000000e+02 6.310000000000000000e+02
2.880000000000000000e+02 6.080000000000000000e+02
3.280000000000000000e+02 6.090000000000000000e+02
3.640000000000000000e+02 6.390000000000000000e+02
3.270000000000000000e+02 6.460000000000000000e+02
2.850000000000000000e+02 6.460000000000000000e+02
5.160000000000000000e+02 6.390000000000000000e+02
5.530000000000000000e+02 6.100000000000000000e+02
5.930000000000000000e+02 6.100000000000000000e+02
6.260000000000000000e+02 6.330000000000000000e+02
5.960000000000000000e+02 6.490000000000000000e+02
5.550000000000000000e+02 6.480000000000000000e+02
3.170000000000000000e+02 9.140000000000000000e+02
3.690000000000000000e+02 9.100000000000000000e+02
4.160000000000000000e+02 9.010000000000000000e+02
4.460000000000000000e+02 9.090000000000000000e+02
4.750000000000000000e+02 9.010000000000000000e+02
5.180000000000000000e+02 9.120000000000000000e+02
5.660000000000000000e+02 9.160000000000000000e+02
5.190000000000000000e+02 9.570000000000000000e+02
4.760000000000000000e+02 9.730000000000000000e+02
4.440000000000000000e+02 9.760000000000000000e+02
4.120000000000000000e+02 9.720000000000000000e+02
3.660000000000000000e+02 9.550000000000000000e+02
3.380000000000000000e+02 9.210000000000000000e+02
4.150000000000000000e+02 9.280000000000000000e+02
4.450000000000000000e+02 9.320000000000000000e+02
4.750000000000000000e+02 9.270000000000000000e+02
5.450000000000000000e+02 9.220000000000000000e+02
4.750000000000000000e+02 9.350000000000000000e+02
4.450000000000000000e+02 9.390000000000000000e+02
4.140000000000000000e+02 9.360000000000000000e+02
