1.420000000000000000e+02 6.170000000000000000e+02
1.480000000000000000e+02 7.000000000000000000e+02
1.550000000000000000e+02 7.810000000000000000e+02
1.660000000000000000e+02 8.600000000000000000e+02
1.870000000000000000e+02 9.370000000000000000e+02
2.320000000000000000e+02 1.001000000000000000e+03
2.930000000000000000e+02 1.051000000000000000e+03
3.650000000000000000e+02 1.092000000000000000e+03
4.430000000000000000e+02 1.101000000000000000e+03
5.220000000000000000e+02 1.089000000000000000e+03
5.890000000000000000e+02 1.054000000000000000e+03
6.480000000000000000e+02 1.004000000000000000e+03
6.910000000000000000e+02 9.380000000000000000e+02
7.120000000000000000e+02 8.640000000000000000e+02
7.250000000000000000e+02 7.820000000000000000e+02
7.350000000000000000e+02 6.950000000000000000e+02
7.380000000000000000e+02 6.110000000000000000e+02
1.980000000000000000e+02 5.910000000000000000e+02
2.330000000000000000e+02 5.510000000000000000e+02
2.890000000000000000e+02 5.400000000000000000e+02
3.470000000000000000e+02 5.490000000000000000e+02
3.980000000000000000e+02 5.730000000000000000e+02
4.740000000000000000e+02 5.640000000000000000e+02
5.320000000000000000e+02 5.410000000000000000e+02
5.920000000000000000e+02 5.270000000000000000e+02
6.540000000000000000e+02 5.400000000000000000e+02
6.920000000000000000e+02 5.870000000000000000e+02
4.410000000000000000e+02 6.110000000000000000e+02
4.410000000000000000e+02 6.770000000000000000e+02
4.400000000000000000e+02 7.410000000000000000e+02
4.400000000000000000e+02 8.070000000000000000e+02
3.740000000000000000e+02 8.280000000000000000e+02
4.060000000000000000e+02 8.430000000000000000e+02
4.400000000000000000e+02 8.550000000000000000e+02
4.750000000000000000e+02 8.440000000000000000e+02
5.070000000000000000e+02 8.300000000000000000e+02
2.620000000000000000e+02 6.240000000000000000e+02
2.950000000000000000e+02 6.080000000000000000e+02
3.370000000000000000e+02 6.080000000000000000e+02
3.730000000000000000e+02 6.340000000000000000e+02
3.360000000000000000e+02 6.420000000000000000e+02
2.940000000000000000e+02 6.410000000000000000e+02
5.120000000000000000e+02 6.300000000000000000e+02
5.490000000000000000e+02 6.030000000000000000e+02
5.890000000000000000e+02 6.010000000000000000e+02
6.240000000000000000e+02 6.170000000000000000e+02
5.930000000000000000e+02 6.370000000000000000e+02
5.520000000000000000e+02 6.370000000000000000e+02
3.180000000000000000e+02 9.110000000000000000e+02
3.650000000000000000e+02 9.140000000000000000e+02
4.040000000000000000e+02 9.120000000000000000e+02
4.370000000000000000e+02 9.210000000000000000e+02
4.700000000000000000e+02 9.130000000000000000e+02
5.090000000000000000e+02 9.160000000000000000e+02
5.600000000000000000e+02 9.140000000000000000e+02
5.120000000000000000e+02 9.390000000000000000e+02
4.730000000000000000e+02 9.490000000000000000e+02
4.390000000000000000e+02 9.530000000000000000e+02
4.050000000000000000e+02 9.480000000000000000e+02
3.640000000000000000e+02 9.360000000000000000e+02
3.350000000000000000e+02 9.140000000000000000e+02
4.040000000000000000e+02 9.250000000000000000e+02
4.370000000000000000e+02 9.320000000000000000e+02
4.700000000000000000e+02 9.270000000000000000e+02
5.440000000000000000e+02 9.170000000000000000e+02
4.720000000000000000e+02 9.260000000000000000e+02
4.380000000000000000e+02 9.300000000000000000e+02
4.050000000000000000e+02 9.240000000000000000e+02
