1.530000000000000000e+02 6.370000000000000000e+02
1.600000000000000000e+02 7.140000000000000000e+02
1.740000000000000000e+02 7.920000000000000000e+02
1.940000000000000000e+02 8.660000000000000000e+02
2.170000000000000000e+02 9.400000000000000000e+02
2.530000000000000000e+02 1.005000000000000000e+03
3.060000000000000000e+02 1.060000000000000000e+03
3.690000000000000000e+02 1.100000000000000000e+03
4.400000000000000000e+02 1.114000000000000000e+03
5.100000000000000000e+02 1.102000000000000000e+03
5.730000000000000000e+02 1.063000000000000000e+03
6.240000000000000000e+02 1.007000000000000000e+03
6.610000000000000000e+02 9.400000000000000000e+02
6.830000000000000000e+02 8.660000000000000000e+02
7.030000000000000000e+02 7.900000000000000000e+02
7.200000000000000000e+02 7.140000000000000000e+02
7.280000000000000000e+02 6.340000000000000000e+02
1.890000000000000000e+02 5.580000000000000000e+02
2.250000000000000000e+02 5.250000000000000000e+02
2.750000000000000000e+02 5.170000000000000000e+02
3.250000000000000000e+02 5.240000000000000000e+02
3.750000000000000000e+02 5.450000000000000000e+02
5.030000000000000000e+02 5.450000000000000000e+02
5.520000000000000000e+02 5.240000000000000000e+02
6.040000000000000000e+02 5.210000000000000000e+02
6.540000000000000000e+02 5.310000000000000000e+02
6.870000000000000000e+02 5.650000000000000000e+02
4.400000000000000000e+02 6.110000000000000000e+02
4.410000000000000000e+02 6.720000000000000000e+02
4.410000000000000000e+02 7.320000000000000000e+02
4.420000000000000000e+02 7.940000000000000000e+02
3.810000000000000000e+02 8.230000000000000000e+02
4.100000000000000000e+02 8.370000000000000000e+02
4.420000000000000000e+02 8.490000000000000000e+02
4.760000000000000000e+02 8.370000000000000000e+02
5.060000000000000000e+02 8.220000000000000000e+02
2.440000000000000000e+02 6.310000000000000000e+02
2.770000000000000000e+02 6.060000000000000000e+02
3.180000000000000000e+02 6.060000000000000000e+02
3.540000000000000000e+02 6.370000000000000000e+02
3.160000000000000000e+02 6.480000000000000000e+02
2.730000000000000000e+02 6.480000000000000000e+02
5.240000000000000000e+02 6.370000000000000000e+02
5.610000000000000000e+02 6.060000000000000000e+02
6.040000000000000000e+02 6.040000000000000000e+02
6.360000000000000000e+02 6.300000000000000000e+02
6.060000000000000000e+02 6.450000000000000000e+02
5.630000000000000000e+02 6.450000000000000000e+02
3.280000000000000000e+02 9.260000000000000000e+02
3.770000000000000000e+02 9.110000000000000000e+02
4.180000000000000000e+02 8.970000000000000000e+02
4.470000000000000000e+02 9.040000000000000000e+02
4.760000000000000000e+02 8.950000000000000000e+02
5.130000000000000000e+02 9.050000000000000000e+02
5.550000000000000000e+02 9.180000000000000000e+02
5.140000000000000000e+02 9.480000000000000000e+02
4.770000000000000000e+02 9.660000000000000000e+02
4.460000000000000000e+02 9.710000000000000000e+02
4.140000000000000000e+02 9.690000000000000000e+02
3.740000000000000000e+02 9.540000000000000000e+02
3.470000000000000000e+02 9.270000000000000000e+02
4.170000000000000000e+02 9.230000000000000000e+02
4.470000000000000000e+02 9.250000000000000000e+02
4.770000000000000000e+02 9.200000000000000000e+02
5.370000000000000000e+02 9.200000000000000000e+02
4.760000000000000000e+02 9.210000000000000000e+02
4.460000000000000000e+02 9.280000000000000000e+02
4.160000000000000000e+02 9.260000000000000000e+02
