1.340000000000000000e+02 6.430000000000000000e+02
1.420000000000000000e+02 7.280000000000000000e+02
1.540000000000000000e+02 8.080000000000000000e+02
1.720000000000000000e+02 8.870000000000000000e+02
1.960000000000000000e+02 9.620000000000000000e+02
2.400000000000000000e+02 1.025000000000000000e+03
2.970000000000000000e+02 1.073000000000000000e+03
3.630000000000000000e+02 1.103000000000000000e+03
4.380000000000000000e+02 1.109000000000000000e+03
5.160000000000000000e+02 1.100000000000000000e+03
5.860000000000000000e+02 1.066000000000000000e+03
6.480000000000000000e+02 1.020000000000000000e+03
6.960000000000000000e+02 9.570000000000000000e+02
7.210000000000000000e+02 8.820000000000000000e+02
7.380000000000000000e+02 8.020000000000000000e+02
7.490000000000000000e+02 7.200000000000000000e+02
7.540000000000000000e+02 6.340000000000000000e+02
1.880000000000000000e+02 5.830000000000000000e+02
2.210000000000000000e+02 5.420000000000000000e+02
2.750000000000000000e+02 5.270000000000000000e+02
3.310000000000000000e+02 5.330000000000000000e+02
3.850000000000000000e+02 5.510000000000000000e+02
4.890000000000000000e+02 5.550000000000000000e+02
5.430000000000000000e+02 5.370000000000000000e+02
6.010000000000000000e+02 5.330000000000000000e+02
6.560000000000000000e+02 5.510000000000000000e+02
6.900000000000000000e+02 5.930000000000000000e+02
4.410000000000000000e+02 6.050000000000000000e+02
4.410000000000000000e+02 6.650000000000000000e+02
4.410000000000000000e+02 7.240000000000000000e+02
4.420000000000000000e+02 7.850000000000000000e+02
3.820000000000000000e+02 8.150000000000000000e+02
4.100000000000000000e+02 8.270000000000000000e+02
4.410000000000000000e+02 8.390000000000000000e+02
4.730000000000000000e+02 8.290000000000000000e+02
5.020000000000000000e+02 8.160000000000000000e+02
2.550000000000000000e+02 6.230000000000000000e+02
2.860000000000000000e+02 5.940000000000000000e+02
3.270000000000000000e+02 5.950000000000000000e+02
3.600000000000000000e+02 6.280000000000000000e+02
3.240000000000000000e+02 6.400000000000000000e+02
2.820000000000000000e+02 6.400000000000000000e+02
5.180000000000000000e+02 6.320000000000000000e+02
5.520000000000000000e+02 6.000000000000000000e+02
5.940000000000000000e+02 6.000000000000000000e+02
6.250000000000000000e+02 6.280000000000000000e+02
5.960000000000000000e+02 6.460000000000000000e+02
5.530000000000000000e+02 6.450000000000000000e+02
3.250000000000000000e+02 9.180000000000000000e+02
3.740000000000000000e+02 9.070000000000000000e+02
4.120000000000000000e+02 8.990000000000000000e+02
4.400000000000000000e+02 9.080000000000000000e+02
4.690000000000000000e+02 9.020000000000000000e+02
5.060000000000000000e+02 9.100000000000000000e+02
5.510000000000000000e+02 9.210000000000000000e+02
5.040000000000000000e+02 9.360000000000000000e+02
4.680000000000000000e+02 9.400000000000000000e+02
4.390000000000000000e+02 9.410000000000000000e+02
4.090000000000000000e+02 9.370000000000000000e+02
3.730000000000000000e+02 9.320000000000000000e+02
3.390000000000000000e+02 9.180000000000000000e+02
4.110000000000000000e+02 9.130000000000000000e+02
4.400000000000000000e+02 9.190000000000000000e+02
4.700000000000000000e+02 9.160000000000000000e+02
5.350000000000000000e+02 9.210000000000000000e+02
4.690000000000000000e+02 9.180000000000000000e+02
4.390000000000000000e+02 9.200000000000000000e+02
4.100000000000000000e+02 9.150000000000000000e+02
