1.580000000000000000e+02 6.490000000000000000e+02
1.670000000000000000e+02 7.250000000000000000e+02
1.810000000000000000e+02 8.010000000000000000e+02
1.940000000000000000e+02 8.770000000000000000e+02
2.150000000000000000e+02 9.510000000000000000e+02
2.490000000000000000e+02 1.015000000000000000e+03
3.020000000000000000e+02 1.061000000000000000e+03
3.660000000000000000e+02 1.096000000000000000e+03
4.390000000000000000e+02 1.109000000000000000e+03
5.170000000000000000e+02 1.101000000000000000e+03
5.870000000000000000e+02 1.073000000000000000e+03
6.470000000000000000e+02 1.029000000000000000e+03
6.880000000000000000e+02 9.680000000000000000e+02
7.110000000000000000e+02 8.910000000000000000e+02
7.220000000000000000e+02 8.110000000000000000e+02
7.310000000000000000e+02 7.280000000000000000e+02
7.370000000000000000e+02 6.460000000000000000e+02
1.900000000000000000e+02 5.690000000000000000e+02
2.240000000000000000e+02 5.320000000000000000e+02
2.770000000000000000e+02 5.240000000000000000e+02
3.290000000000000000e+02 5.360000000000000000e+02
3.830000000000000000e+02 5.550000000000000000e+02
4.890000000000000000e+02 5.520000000000000000e+02
5.450000000000000000e+02 5.340000000000000000e+02
6.020000000000000000e+02 5.250000000000000000e+02
6.590000000000000000e+02 5.320000000000000000e+02
6.980000000000000000e+02 5.700000000000000000e+02
4.360000000000000000e+02 6.060000000000000000e+02
4.370000000000000000e+02 6.570000000000000000e+02
4.370000000000000000e+02 7.060000000000000000e+02
4.380000000000000000e+02 7.600000000000000000e+02
3.820000000000000000e+02 8.000000000000000000e+02
4.090000000000000000e+02 8.080000000000000000e+02
4.400000000000000000e+02 8.130000000000000000e+02
4.710000000000000000e+02 8.060000000000000000e+02
5.000000000000000000e+02 7.980000000000000000e+02
2.530000000000000000e+02 6.340000000000000000e+02
2.810000000000000000e+02 6.140000000000000000e+02
3.200000000000000000e+02 6.120000000000000000e+02
3.580000000000000000e+02 6.340000000000000000e+02
3.200000000000000000e+02 6.490000000000000000e+02
2.800000000000000000e+02 6.510000000000000000e+02
5.250000000000000000e+02 6.300000000000000000e+02
5.620000000000000000e+02 6.070000000000000000e+02
6.030000000000000000e+02 6.080000000000000000e+02
6.340000000000000000e+02 6.270000000000000000e+02
6.040000000000000000e+02 6.450000000000000000e+02
5.630000000000000000e+02 6.430000000000000000e+02
3.370000000000000000e+02 9.230000000000000000e+02
3.750000000000000000e+02 9.070000000000000000e+02
4.090000000000000000e+02 8.970000000000000000e+02
4.400000000000000000e+02 9.040000000000000000e+02
4.700000000000000000e+02 8.960000000000000000e+02
5.070000000000000000e+02 9.060000000000000000e+02
5.490000000000000000e+02 9.220000000000000000e+02
5.110000000000000000e+02 9.440000000000000000e+02
4.720000000000000000e+02 9.510000000000000000e+02
4.410000000000000000e+02 9.540000000000000000e+02
4.100000000000000000e+02 9.510000000000000000e+02
3.730000000000000000e+02 9.440000000000000000e+02
3.520000000000000000e+02 9.240000000000000000e+02
4.080000000000000000e+02 9.170000000000000000e+02
4.390000000000000000e+02 9.190000000000000000e+02
4.710000000000000000e+02 9.160000000000000000e+02
5.350000000000000000e+02 9.210000000000000000e+02
4.710000000000000000e+02 9.170000000000000000e+02
4.410000000000000000e+02 9.210000000000000000e+02
4.100000000000000000e+02 9.180000000000000000e+02
