1.560000000000000000e+02 6.520000000000000000e+02
1.660000000000000000e+02 7.250000000000000000e+02
1.850000000000000000e+02 7.950000000000000000e+02
2.040000000000000000e+02 8.660000000000000000e+02
2.250000000000000000e+02 9.360000000000000000e+02
2.630000000000000000e+02 1.000000000000000000e+03
3.140000000000000000e+02 1.054000000000000000e+03
3.730000000000000000e+02 1.095000000000000000e+03
4.400000000000000000e+02 1.108000000000000000e+03
5.100000000000000000e+02 1.094000000000000000e+03
5.740000000000000000e+02 1.056000000000000000e+03
6.280000000000000000e+02 1.002000000000000000e+03
6.700000000000000000e+02 9.390000000000000000e+02
6.940000000000000000e+02 8.700000000000000000e+02
7.130000000000000000e+02 7.970000000000000000e+02
7.300000000000000000e+02 7.230000000000000000e+02
7.390000000000000000e+02 6.460000000000000000e+02
1.860000000000000000e+02 5.780000000000000000e+02
2.190000000000000000e+02 5.370000000000000000e+02
2.710000000000000000e+02 5.190000000000000000e+02
3.260000000000000000e+02 5.240000000000000000e+02
3.790000000000000000e+02 5.420000000000000000e+02
4.920000000000000000e+02 5.390000000000000000e+02
5.480000000000000000e+02 5.190000000000000000e+02
6.060000000000000000e+02 5.150000000000000000e+02
6.620000000000000000e+02 5.350000000000000000e+02
6.950000000000000000e+02 5.780000000000000000e+02
4.390000000000000000e+02 6.030000000000000000e+02
4.400000000000000000e+02 6.590000000000000000e+02
4.400000000000000000e+02 7.130000000000000000e+02
4.410000000000000000e+02 7.680000000000000000e+02
3.900000000000000000e+02 8.210000000000000000e+02
4.150000000000000000e+02 8.290000000000000000e+02
4.410000000000000000e+02 8.360000000000000000e+02
4.690000000000000000e+02 8.290000000000000000e+02
4.950000000000000000e+02 8.200000000000000000e+02
2.430000000000000000e+02 6.350000000000000000e+02
2.770000000000000000e+02 6.120000000000000000e+02
3.160000000000000000e+02 6.110000000000000000e+02
3.540000000000000000e+02 6.380000000000000000e+02
3.160000000000000000e+02 6.460000000000000000e+02
2.750000000000000000e+02 6.480000000000000000e+02
5.270000000000000000e+02 6.350000000000000000e+02
5.640000000000000000e+02 6.100000000000000000e+02
6.040000000000000000e+02 6.090000000000000000e+02
6.380000000000000000e+02 6.320000000000000000e+02
6.050000000000000000e+02 6.440000000000000000e+02
5.640000000000000000e+02 6.420000000000000000e+02
3.290000000000000000e+02 9.230000000000000000e+02
3.700000000000000000e+02 9.090000000000000000e+02
4.100000000000000000e+02 8.990000000000000000e+02
4.380000000000000000e+02 9.080000000000000000e+02
4.640000000000000000e+02 9.000000000000000000e+02
5.060000000000000000e+02 9.100000000000000000e+02
5.540000000000000000e+02 9.240000000000000000e+02
5.070000000000000000e+02 9.570000000000000000e+02
4.660000000000000000e+02 9.710000000000000000e+02
4.370000000000000000e+02 9.740000000000000000e+02
4.070000000000000000e+02 9.690000000000000000e+02
3.690000000000000000e+02 9.510000000000000000e+02
3.450000000000000000e+02 9.250000000000000000e+02
4.090000000000000000e+02 9.260000000000000000e+02
4.380000000000000000e+02 9.310000000000000000e+02
4.650000000000000000e+02 9.270000000000000000e+02
5.360000000000000000e+02 9.260000000000000000e+02
4.650000000000000000e+02 9.290000000000000000e+02
4.370000000000000000e+02 9.340000000000000000e+02
4.080000000000000000e+02 9.280000000000000000e+02
