1.630000000000000000e+02 5.730000000000000000e+02
1.630000000000000000e+02 6.580000000000000000e+02
1.740000000000000000e+02 7.400000000000000000e+02
1.920000000000000000e+02 8.230000000000000000e+02
2.200000000000000000e+02 9.000000000000000000e+02
2.600000000000000000e+02 9.670000000000000000e+02
3.100000000000000000e+02 1.024000000000000000e+03
3.690000000000000000e+02 1.070000000000000000e+03
4.390000000000000000e+02 1.081000000000000000e+03
5.090000000000000000e+02 1.069000000000000000e+03
5.640000000000000000e+02 1.023000000000000000e+03
6.120000000000000000e+02 9.660000000000000000e+02
6.550000000000000000e+02 8.960000000000000000e+02
6.860000000000000000e+02 8.200000000000000000e+02
7.080000000000000000e+02 7.420000000000000000e+02
7.180000000000000000e+02 6.640000000000000000e+02
7.200000000000000000e+02 5.820000000000000000e+02
1.870000000000000000e+02 5.640000000000000000e+02
2.230000000000000000e+02 5.260000000000000000e+02
2.770000000000000000e+02 5.180000000000000000e+02
3.330000000000000000e+02 5.270000000000000000e+02
3.860000000000000000e+02 5.450000000000000000e+02
4.950000000000000000e+02 5.490000000000000000e+02
5.470000000000000000e+02 5.290000000000000000e+02
6.020000000000000000e+02 5.200000000000000000e+02
6.550000000000000000e+02 5.220000000000000000e+02
6.960000000000000000e+02 5.540000000000000000e+02
4.430000000000000000e+02 6.390000000000000000e+02
4.390000000000000000e+02 6.900000000000000000e+02
4.350000000000000000e+02 7.370000000000000000e+02
4.310000000000000000e+02 7.870000000000000000e+02
3.690000000000000000e+02 8.300000000000000000e+02
4.030000000000000000e+02 8.410000000000000000e+02
4.380000000000000000e+02 8.510000000000000000e+02
4.750000000000000000e+02 8.410000000000000000e+02
5.090000000000000000e+02 8.300000000000000000e+02
2.310000000000000000e+02 6.460000000000000000e+02
2.690000000000000000e+02 6.340000000000000000e+02
3.110000000000000000e+02 6.370000000000000000e+02
3.510000000000000000e+02 6.610000000000000000e+02
3.080000000000000000e+02 6.720000000000000000e+02
2.650000000000000000e+02 6.710000000000000000e+02
5.290000000000000000e+02 6.610000000000000000e+02
5.660000000000000000e+02 6.380000000000000000e+02
6.080000000000000000e+02 6.360000000000000000e+02
6.440000000000000000e+02 6.460000000000000000e+02
6.130000000000000000e+02 6.710000000000000000e+02
5.700000000000000000e+02 6.730000000000000000e+02
3.190000000000000000e+02 9.360000000000000000e+02
3.600000000000000000e+02 9.110000000000000000e+02
4.080000000000000000e+02 8.940000000000000000e+02
4.420000000000000000e+02 9.060000000000000000e+02
4.750000000000000000e+02 8.950000000000000000e+02
5.210000000000000000e+02 9.100000000000000000e+02
5.630000000000000000e+02 9.350000000000000000e+02
5.220000000000000000e+02 9.780000000000000000e+02
4.790000000000000000e+02 1.000000000000000000e+03
4.420000000000000000e+02 1.004000000000000000e+03
4.060000000000000000e+02 1.001000000000000000e+03
3.580000000000000000e+02 9.810000000000000000e+02
3.400000000000000000e+02 9.360000000000000000e+02
4.090000000000000000e+02 9.380000000000000000e+02
4.430000000000000000e+02 9.420000000000000000e+02
4.770000000000000000e+02 9.380000000000000000e+02
5.400000000000000000e+02 9.370000000000000000e+02
4.760000000000000000e+02 9.430000000000000000e+02
4.410000000000000000e+02 9.480000000000000000e+02
4.070000000000000000e+02 9.440000000000000000e+02
