1.370000000000000000e+02 6.350000000000000000e+02
1.440000000000000000e+02 7.120000000000000000e+02
1.560000000000000000e+02 7.870000000000000000e+02
1.650000000000000000e+02 8.640000000000000000e+02
1.920000000000000000e+02 9.340000000000000000e+02
2.420000000000000000e+02 9.960000000000000000e+02
3.010000000000000000e+02 1.048000000000000000e+03
3.670000000000000000e+02 1.094000000000000000e+03
4.400000000000000000e+02 1.107000000000000000e+03
5.120000000000000000e+02 1.092000000000000000e+03
5.760000000000000000e+02 1.044000000000000000e+03
6.350000000000000000e+02 9.890000000000000000e+02
6.820000000000000000e+02 9.240000000000000000e+02
7.060000000000000000e+02 8.550000000000000000e+02
7.190000000000000000e+02 7.780000000000000000e+02
7.330000000000000000e+02 7.030000000000000000e+02
7.420000000000000000e+02 6.240000000000000000e+02
1.820000000000000000e+02 5.710000000000000000e+02
2.200000000000000000e+02 5.310000000000000000e+02
2.770000000000000000e+02 5.160000000000000000e+02
3.360000000000000000e+02 5.230000000000000000e+02
3.920000000000000000e+02 5.480000000000000000e+02
4.840000000000000000e+02 5.460000000000000000e+02
5.400000000000000000e+02 5.210000000000000000e+02
6.010000000000000000e+02 5.170000000000000000e+02
6.590000000000000000e+02 5.360000000000000000e+02
6.960000000000000000e+02 5.780000000000000000e+02
4.410000000000000000e+02 6.200000000000000000e+02
4.450000000000000000e+02 6.760000000000000000e+02
4.490000000000000000e+02 7.310000000000000000e+02
4.520000000000000000e+02 7.880000000000000000e+02
3.910000000000000000e+02 8.290000000000000000e+02
4.180000000000000000e+02 8.380000000000000000e+02
4.470000000000000000e+02 8.460000000000000000e+02
4.730000000000000000e+02 8.380000000000000000e+02
4.980000000000000000e+02 8.290000000000000000e+02
2.460000000000000000e+02 6.350000000000000000e+02
2.770000000000000000e+02 6.110000000000000000e+02
3.190000000000000000e+02 6.110000000000000000e+02
3.550000000000000000e+02 6.400000000000000000e+02
3.170000000000000000e+02 6.500000000000000000e+02
2.750000000000000000e+02 6.510000000000000000e+02
5.220000000000000000e+02 6.420000000000000000e+02
5.580000000000000000e+02 6.150000000000000000e+02
6.000000000000000000e+02 6.140000000000000000e+02
6.320000000000000000e+02 6.380000000000000000e+02
6.020000000000000000e+02 6.540000000000000000e+02
5.590000000000000000e+02 6.530000000000000000e+02
3.250000000000000000e+02 9.190000000000000000e+02
3.720000000000000000e+02 9.080000000000000000e+02
4.140000000000000000e+02 8.990000000000000000e+02
4.420000000000000000e+02 9.070000000000000000e+02
4.700000000000000000e+02 8.970000000000000000e+02
5.050000000000000000e+02 9.030000000000000000e+02
5.420000000000000000e+02 9.120000000000000000e+02
5.070000000000000000e+02 9.440000000000000000e+02
4.730000000000000000e+02 9.630000000000000000e+02
4.430000000000000000e+02 9.680000000000000000e+02
4.130000000000000000e+02 9.660000000000000000e+02
3.710000000000000000e+02 9.500000000000000000e+02
3.430000000000000000e+02 9.200000000000000000e+02
4.130000000000000000e+02 9.270000000000000000e+02
4.420000000000000000e+02 9.310000000000000000e+02
4.710000000000000000e+02 9.250000000000000000e+02
5.240000000000000000e+02 9.140000000000000000e+02
4.710000000000000000e+02 9.240000000000000000e+02
4.430000000000000000e+02 9.320000000000000000e+02
4.130000000000000000e+02 9.280000000000000000e+02
