1.600000000000000000e+02 6.330000000000000000e+02
1.630000000000000000e+02 7.100000000000000000e+02
1.750000000000000000e+02 7.880000000000000000e+02
1.890000000000000000e+02 8.660000000000000000e+02
2.120000000000000000e+02 9.420000000000000000e+02
2.530000000000000000e+02 1.009000000000000000e+03
3.100000000000000000e+02 1.061000000000000000e+03
3.740000000000000000e+02 1.098000000000000000e+03
4.450000000000000000e+02 1.110000000000000000e+03
5.190000000000000000e+02 1.095000000000000000e+03
5.850000000000000000e+02 1.052000000000000000e+03
6.430000000000000000e+02 1.001000000000000000e+03
6.820000000000000000e+02 9.360000000000000000e+02
7.060000000000000000e+02 8.610000000000000000e+02
7.200000000000000000e+02 7.830000000000000000e+02
7.320000000000000000e+02 7.040000000000000000e+02
7.370000000000000000e+02 6.270000000000000000e+02
1.860000000000000000e+02 5.820000000000000000e+02
2.210000000000000000e+02 5.410000000000000000e+02
2.770000000000000000e+02 5.290000000000000000e+02
3.360000000000000000e+02 5.370000000000000000e+02
3.920000000000000000e+02 5.560000000000000000e+02
4.900000000000000000e+02 5.540000000000000000e+02
5.440000000000000000e+02 5.320000000000000000e+02
6.030000000000000000e+02 5.240000000000000000e+02
6.580000000000000000e+02 5.400000000000000000e+02
6.930000000000000000e+02 5.820000000000000000e+02
4.400000000000000000e+02 6.110000000000000000e+02
4.410000000000000000e+02 6.570000000000000000e+02
4.430000000000000000e+02 7.030000000000000000e+02
4.450000000000000000e+02 7.510000000000000000e+02
3.870000000000000000e+02 8.050000000000000000e+02
4.140000000000000000e+02 8.090000000000000000e+02
4.440000000000000000e+02 8.130000000000000000e+02
4.720000000000000000e+02 8.080000000000000000e+02
5.000000000000000000e+02 8.020000000000000000e+02
2.560000000000000000e+02 6.220000000000000000e+02
2.870000000000000000e+02 6.020000000000000000e+02
3.270000000000000000e+02 6.020000000000000000e+02
3.600000000000000000e+02 6.310000000000000000e+02
3.250000000000000000e+02 6.400000000000000000e+02
2.840000000000000000e+02 6.400000000000000000e+02
5.240000000000000000e+02 6.310000000000000000e+02
5.580000000000000000e+02 6.020000000000000000e+02
5.980000000000000000e+02 6.030000000000000000e+02
6.300000000000000000e+02 6.230000000000000000e+02
6.010000000000000000e+02 6.400000000000000000e+02
5.610000000000000000e+02 6.400000000000000000e+02
3.470000000000000000e+02 9.260000000000000000e+02
3.820000000000000000e+02 9.030000000000000000e+02
4.170000000000000000e+02 8.860000000000000000e+02
4.420000000000000000e+02 8.940000000000000000e+02
4.690000000000000000e+02 8.840000000000000000e+02
5.040000000000000000e+02 9.000000000000000000e+02
5.380000000000000000e+02 9.250000000000000000e+02
5.050000000000000000e+02 9.560000000000000000e+02
4.710000000000000000e+02 9.680000000000000000e+02
4.430000000000000000e+02 9.720000000000000000e+02
4.160000000000000000e+02 9.680000000000000000e+02
3.800000000000000000e+02 9.520000000000000000e+02
3.630000000000000000e+02 9.260000000000000000e+02
4.170000000000000000e+02 9.130000000000000000e+02
4.420000000000000000e+02 9.160000000000000000e+02
4.690000000000000000e+02 9.120000000000000000e+02
5.230000000000000000e+02 9.260000000000000000e+02
4.700000000000000000e+02 9.300000000000000000e+02
4.430000000000000000e+02 9.330000000000000000e+02
4.170000000000000000e+02 9.290000000000000000e+02
