1.300000000000000000e+02 5.890000000000000000e+02
1.370000000000000000e+02 6.740000000000000000e+02
1.520000000000000000e+02 7.560000000000000000e+02
1.700000000000000000e+02 8.370000000000000000e+02
1.970000000000000000e+02 9.150000000000000000e+02
2.420000000000000000e+02 9.830000000000000000e+02
3.010000000000000000e+02 1.036000000000000000e+03
3.690000000000000000e+02 1.077000000000000000e+03
4.440000000000000000e+02 1.086000000000000000e+03
5.160000000000000000e+02 1.074000000000000000e+03
5.770000000000000000e+02 1.029000000000000000e+03
6.260000000000000000e+02 9.720000000000000000e+02
6.630000000000000000e+02 9.020000000000000000e+02
6.880000000000000000e+02 8.290000000000000000e+02
7.080000000000000000e+02 7.530000000000000000e+02
7.220000000000000000e+02 6.740000000000000000e+02
7.250000000000000000e+02 5.910000000000000000e+02
1.750000000000000000e+02 5.640000000000000000e+02
2.160000000000000000e+02 5.280000000000000000e+02
2.740000000000000000e+02 5.230000000000000000e+02
3.310000000000000000e+02 5.330000000000000000e+02
3.870000000000000000e+02 5.540000000000000000e+02
5.010000000000000000e+02 5.550000000000000000e+02
5.520000000000000000e+02 5.350000000000000000e+02
6.050000000000000000e+02 5.240000000000000000e+02
6.570000000000000000e+02 5.250000000000000000e+02
6.970000000000000000e+02 5.570000000000000000e+02
4.460000000000000000e+02 6.390000000000000000e+02
4.430000000000000000e+02 6.910000000000000000e+02
4.410000000000000000e+02 7.400000000000000000e+02
4.380000000000000000e+02 7.920000000000000000e+02
3.800000000000000000e+02 8.300000000000000000e+02
4.110000000000000000e+02 8.400000000000000000e+02
4.440000000000000000e+02 8.480000000000000000e+02
4.760000000000000000e+02 8.390000000000000000e+02
5.060000000000000000e+02 8.280000000000000000e+02
2.310000000000000000e+02 6.450000000000000000e+02
2.700000000000000000e+02 6.300000000000000000e+02
3.140000000000000000e+02 6.330000000000000000e+02
3.540000000000000000e+02 6.630000000000000000e+02
3.090000000000000000e+02 6.730000000000000000e+02
2.650000000000000000e+02 6.700000000000000000e+02
5.290000000000000000e+02 6.620000000000000000e+02
5.640000000000000000e+02 6.320000000000000000e+02
6.070000000000000000e+02 6.290000000000000000e+02
6.450000000000000000e+02 6.430000000000000000e+02
6.140000000000000000e+02 6.690000000000000000e+02
5.700000000000000000e+02 6.720000000000000000e+02
3.290000000000000000e+02 9.330000000000000000e+02
3.700000000000000000e+02 9.070000000000000000e+02
4.150000000000000000e+02 8.900000000000000000e+02
4.480000000000000000e+02 9.010000000000000000e+02
4.800000000000000000e+02 8.900000000000000000e+02
5.210000000000000000e+02 9.070000000000000000e+02
5.600000000000000000e+02 9.340000000000000000e+02
5.240000000000000000e+02 9.740000000000000000e+02
4.840000000000000000e+02 9.920000000000000000e+02
4.480000000000000000e+02 9.950000000000000000e+02
4.130000000000000000e+02 9.910000000000000000e+02
3.700000000000000000e+02 9.740000000000000000e+02
3.490000000000000000e+02 9.350000000000000000e+02
4.150000000000000000e+02 9.340000000000000000e+02
4.490000000000000000e+02 9.380000000000000000e+02
4.810000000000000000e+02 9.330000000000000000e+02
5.400000000000000000e+02 9.350000000000000000e+02
4.810000000000000000e+02 9.350000000000000000e+02
4.480000000000000000e+02 9.390000000000000000e+02
4.150000000000000000e+02 9.350000000000000000e+02
