1.350000000000000000e+02 6.420000000000000000e+02
1.490000000000000000e+02 7.200000000000000000e+02
1.660000000000000000e+02 7.990000000000000000e+02
1.780000000000000000e+02 8.760000000000000000e+02
1.970000000000000000e+02 9.530000000000000000e+02
2.400000000000000000e+02 1.021000000000000000e+03
2.960000000000000000e+02 1.078000000000000000e+03
3.620000000000000000e+02 1.119000000000000000e+03
4.400000000000000000e+02 1.130000000000000000e+03
5.160000000000000000e+02 1.115000000000000000e+03
5.760000000000000000e+02 1.074000000000000000e+03
6.240000000000000000e+02 1.018000000000000000e+03
6.610000000000000000e+02 9.540000000000000000e+02
6.820000000000000000e+02 8.870000000000000000e+02
6.950000000000000000e+02 8.130000000000000000e+02
7.090000000000000000e+02 7.410000000000000000e+02
7.220000000000000000e+02 6.650000000000000000e+02
1.750000000000000000e+02 5.800000000000000000e+02
2.130000000000000000e+02 5.340000000000000000e+02
2.730000000000000000e+02 5.190000000000000000e+02
3.360000000000000000e+02 5.210000000000000000e+02
3.990000000000000000e+02 5.370000000000000000e+02
4.970000000000000000e+02 5.400000000000000000e+02
5.540000000000000000e+02 5.280000000000000000e+02
6.110000000000000000e+02 5.300000000000000000e+02
6.620000000000000000e+02 5.490000000000000000e+02
6.910000000000000000e+02 5.950000000000000000e+02
4.490000000000000000e+02 6.010000000000000000e+02
4.500000000000000000e+02 6.470000000000000000e+02
4.510000000000000000e+02 6.930000000000000000e+02
4.520000000000000000e+02 7.420000000000000000e+02
3.900000000000000000e+02 8.060000000000000000e+02
4.190000000000000000e+02 8.080000000000000000e+02
4.480000000000000000e+02 8.130000000000000000e+02
4.750000000000000000e+02 8.070000000000000000e+02
5.020000000000000000e+02 8.040000000000000000e+02
2.470000000000000000e+02 6.310000000000000000e+02
2.800000000000000000e+02 6.110000000000000000e+02
3.220000000000000000e+02 6.080000000000000000e+02
3.610000000000000000e+02 6.300000000000000000e+02
3.220000000000000000e+02 6.430000000000000000e+02
2.790000000000000000e+02 6.460000000000000000e+02
5.170000000000000000e+02 6.340000000000000000e+02
5.520000000000000000e+02 6.130000000000000000e+02
5.950000000000000000e+02 6.180000000000000000e+02
6.270000000000000000e+02 6.380000000000000000e+02
5.950000000000000000e+02 6.510000000000000000e+02
5.530000000000000000e+02 6.480000000000000000e+02
3.240000000000000000e+02 9.170000000000000000e+02
3.690000000000000000e+02 8.970000000000000000e+02
4.180000000000000000e+02 8.790000000000000000e+02
4.490000000000000000e+02 8.880000000000000000e+02
4.790000000000000000e+02 8.780000000000000000e+02
5.220000000000000000e+02 8.940000000000000000e+02
5.610000000000000000e+02 9.130000000000000000e+02
5.230000000000000000e+02 9.540000000000000000e+02
4.830000000000000000e+02 9.710000000000000000e+02
4.500000000000000000e+02 9.750000000000000000e+02
4.160000000000000000e+02 9.720000000000000000e+02
3.680000000000000000e+02 9.540000000000000000e+02
3.430000000000000000e+02 9.190000000000000000e+02
4.170000000000000000e+02 9.170000000000000000e+02
4.480000000000000000e+02 9.200000000000000000e+02
4.790000000000000000e+02 9.170000000000000000e+02
5.420000000000000000e+02 9.170000000000000000e+02
4.810000000000000000e+02 9.190000000000000000e+02
4.500000000000000000e+02 9.240000000000000000e+02
4.190000000000000000e+02 9.200000000000000000e+02
