1.400000000000000000e+02 6.490000000000000000e+02
1.500000000000000000e+02 7.260000000000000000e+02
1.630000000000000000e+02 8.030000000000000000e+02
1.780000000000000000e+02 8.790000000000000000e+02
2.010000000000000000e+02 9.510000000000000000e+02
2.420000000000000000e+02 1.010000000000000000e+03
3.010000000000000000e+02 1.059000000000000000e+03
3.710000000000000000e+02 1.094000000000000000e+03
4.430000000000000000e+02 1.106000000000000000e+03
5.140000000000000000e+02 1.094000000000000000e+03
5.790000000000000000e+02 1.056000000000000000e+03
6.330000000000000000e+02 1.004000000000000000e+03
6.690000000000000000e+02 9.400000000000000000e+02
6.880000000000000000e+02 8.680000000000000000e+02
7.010000000000000000e+02 7.920000000000000000e+02
7.140000000000000000e+02 7.160000000000000000e+02
7.190000000000000000e+02 6.380000000000000000e+02
1.900000000000000000e+02 5.600000000000000000e+02
2.250000000000000000e+02 5.240000000000000000e+02
2.770000000000000000e+02 5.190000000000000000e+02
3.300000000000000000e+02 5.300000000000000000e+02
3.810000000000000000e+02 5.520000000000000000e+02
5.020000000000000000e+02 5.480000000000000000e+02
5.500000000000000000e+02 5.250000000000000000e+02
6.030000000000000000e+02 5.140000000000000000e+02
6.550000000000000000e+02 5.240000000000000000e+02
6.860000000000000000e+02 5.660000000000000000e+02
4.450000000000000000e+02 6.130000000000000000e+02
4.460000000000000000e+02 6.670000000000000000e+02
4.460000000000000000e+02 7.200000000000000000e+02
4.470000000000000000e+02 7.740000000000000000e+02
3.900000000000000000e+02 8.220000000000000000e+02
4.170000000000000000e+02 8.300000000000000000e+02
4.450000000000000000e+02 8.350000000000000000e+02
4.740000000000000000e+02 8.300000000000000000e+02
5.010000000000000000e+02 8.220000000000000000e+02
2.480000000000000000e+02 6.290000000000000000e+02
2.800000000000000000e+02 6.030000000000000000e+02
3.240000000000000000e+02 6.040000000000000000e+02
3.590000000000000000e+02 6.390000000000000000e+02
3.210000000000000000e+02 6.510000000000000000e+02
2.760000000000000000e+02 6.510000000000000000e+02
5.230000000000000000e+02 6.390000000000000000e+02
5.590000000000000000e+02 6.050000000000000000e+02
6.030000000000000000e+02 6.030000000000000000e+02
6.350000000000000000e+02 6.310000000000000000e+02
6.070000000000000000e+02 6.520000000000000000e+02
5.620000000000000000e+02 6.520000000000000000e+02
3.260000000000000000e+02 9.220000000000000000e+02
3.710000000000000000e+02 9.070000000000000000e+02
4.140000000000000000e+02 8.970000000000000000e+02
4.430000000000000000e+02 9.070000000000000000e+02
4.710000000000000000e+02 8.990000000000000000e+02
5.130000000000000000e+02 9.110000000000000000e+02
5.610000000000000000e+02 9.230000000000000000e+02
5.140000000000000000e+02 9.500000000000000000e+02
4.740000000000000000e+02 9.620000000000000000e+02
4.440000000000000000e+02 9.650000000000000000e+02
4.120000000000000000e+02 9.600000000000000000e+02
3.710000000000000000e+02 9.450000000000000000e+02
3.440000000000000000e+02 9.240000000000000000e+02
4.130000000000000000e+02 9.220000000000000000e+02
4.420000000000000000e+02 9.260000000000000000e+02
4.720000000000000000e+02 9.230000000000000000e+02
5.430000000000000000e+02 9.250000000000000000e+02
4.730000000000000000e+02 9.220000000000000000e+02
4.440000000000000000e+02 9.260000000000000000e+02
4.140000000000000000e+02 9.210000000000000000e+02
