1.150000000000000000e+02 6.680000000000000000e+02
1.270000000000000000e+02 7.470000000000000000e+02
1.440000000000000000e+02 8.210000000000000000e+02
1.640000000000000000e+02 8.940000000000000000e+02
1.870000000000000000e+02 9.670000000000000000e+02
2.260000000000000000e+02 1.032000000000000000e+03
2.870000000000000000e+02 1.080000000000000000e+03
3.590000000000000000e+02 1.111000000000000000e+03
4.440000000000000000e+02 1.120000000000000000e+03
5.280000000000000000e+02 1.111000000000000000e+03
5.950000000000000000e+02 1.077000000000000000e+03
6.470000000000000000e+02 1.029000000000000000e+03
6.810000000000000000e+02 9.660000000000000000e+02
7.030000000000000000e+02 8.950000000000000000e+02
7.200000000000000000e+02 8.250000000000000000e+02
7.350000000000000000e+02 7.510000000000000000e+02
7.480000000000000000e+02 6.760000000000000000e+02
1.750000000000000000e+02 5.930000000000000000e+02
2.110000000000000000e+02 5.450000000000000000e+02
2.700000000000000000e+02 5.210000000000000000e+02
3.350000000000000000e+02 5.190000000000000000e+02
4.000000000000000000e+02 5.340000000000000000e+02
4.840000000000000000e+02 5.360000000000000000e+02
5.470000000000000000e+02 5.220000000000000000e+02
6.120000000000000000e+02 5.240000000000000000e+02
6.690000000000000000e+02 5.490000000000000000e+02
7.010000000000000000e+02 5.980000000000000000e+02
4.460000000000000000e+02 6.010000000000000000e+02
4.470000000000000000e+02 6.380000000000000000e+02
4.480000000000000000e+02 6.740000000000000000e+02
4.480000000000000000e+02 7.150000000000000000e+02
3.900000000000000000e+02 7.900000000000000000e+02
4.170000000000000000e+02 7.950000000000000000e+02
4.460000000000000000e+02 7.990000000000000000e+02
4.720000000000000000e+02 7.960000000000000000e+02
4.980000000000000000e+02 7.910000000000000000e+02
2.460000000000000000e+02 6.400000000000000000e+02
2.800000000000000000e+02 6.160000000000000000e+02
3.220000000000000000e+02 6.140000000000000000e+02
3.600000000000000000e+02 6.380000000000000000e+02
3.210000000000000000e+02 6.540000000000000000e+02
2.790000000000000000e+02 6.560000000000000000e+02
5.230000000000000000e+02 6.390000000000000000e+02
5.600000000000000000e+02 6.160000000000000000e+02
6.010000000000000000e+02 6.170000000000000000e+02
6.330000000000000000e+02 6.420000000000000000e+02
6.020000000000000000e+02 6.570000000000000000e+02
5.610000000000000000e+02 6.550000000000000000e+02
3.340000000000000000e+02 9.210000000000000000e+02
3.750000000000000000e+02 8.890000000000000000e+02
4.130000000000000000e+02 8.730000000000000000e+02
4.420000000000000000e+02 8.810000000000000000e+02
4.700000000000000000e+02 8.730000000000000000e+02
5.080000000000000000e+02 8.880000000000000000e+02
5.470000000000000000e+02 9.190000000000000000e+02
5.090000000000000000e+02 9.340000000000000000e+02
4.730000000000000000e+02 9.420000000000000000e+02
4.440000000000000000e+02 9.440000000000000000e+02
4.140000000000000000e+02 9.430000000000000000e+02
3.760000000000000000e+02 9.380000000000000000e+02
3.530000000000000000e+02 9.180000000000000000e+02
4.140000000000000000e+02 9.040000000000000000e+02
4.420000000000000000e+02 9.070000000000000000e+02
4.710000000000000000e+02 9.040000000000000000e+02
5.270000000000000000e+02 9.160000000000000000e+02
4.710000000000000000e+02 9.090000000000000000e+02
4.430000000000000000e+02 9.130000000000000000e+02
4.150000000000000000e+02 9.100000000000000000e+02
