1.500000000000000000e+02 6.480000000000000000e+02
1.560000000000000000e+02 7.240000000000000000e+02
1.670000000000000000e+02 7.980000000000000000e+02
1.810000000000000000e+02 8.700000000000000000e+02
2.060000000000000000e+02 9.400000000000000000e+02
2.460000000000000000e+02 1.004000000000000000e+03
3.020000000000000000e+02 1.058000000000000000e+03
3.680000000000000000e+02 1.102000000000000000e+03
4.410000000000000000e+02 1.115000000000000000e+03
5.150000000000000000e+02 1.100000000000000000e+03
5.780000000000000000e+02 1.053000000000000000e+03
6.300000000000000000e+02 9.970000000000000000e+02
6.670000000000000000e+02 9.350000000000000000e+02
6.870000000000000000e+02 8.670000000000000000e+02
6.980000000000000000e+02 7.980000000000000000e+02
7.080000000000000000e+02 7.290000000000000000e+02
7.120000000000000000e+02 6.580000000000000000e+02
1.910000000000000000e+02 5.650000000000000000e+02
2.200000000000000000e+02 5.170000000000000000e+02
2.740000000000000000e+02 4.940000000000000000e+02
3.320000000000000000e+02 5.000000000000000000e+02
3.860000000000000000e+02 5.290000000000000000e+02
4.990000000000000000e+02 5.350000000000000000e+02
5.500000000000000000e+02 5.130000000000000000e+02
6.080000000000000000e+02 5.130000000000000000e+02
6.600000000000000000e+02 5.370000000000000000e+02
6.840000000000000000e+02 5.850000000000000000e+02
4.430000000000000000e+02 6.100000000000000000e+02
4.420000000000000000e+02 6.680000000000000000e+02
4.400000000000000000e+02 7.240000000000000000e+02
4.390000000000000000e+02 7.810000000000000000e+02
3.870000000000000000e+02 8.200000000000000000e+02
4.130000000000000000e+02 8.310000000000000000e+02
4.420000000000000000e+02 8.380000000000000000e+02
4.700000000000000000e+02 8.300000000000000000e+02
4.970000000000000000e+02 8.180000000000000000e+02
2.550000000000000000e+02 6.230000000000000000e+02
2.870000000000000000e+02 6.000000000000000000e+02
3.270000000000000000e+02 6.010000000000000000e+02
3.670000000000000000e+02 6.310000000000000000e+02
3.270000000000000000e+02 6.380000000000000000e+02
2.840000000000000000e+02 6.390000000000000000e+02
5.140000000000000000e+02 6.350000000000000000e+02
5.520000000000000000e+02 6.080000000000000000e+02
5.920000000000000000e+02 6.100000000000000000e+02
6.230000000000000000e+02 6.340000000000000000e+02
5.920000000000000000e+02 6.470000000000000000e+02
5.500000000000000000e+02 6.440000000000000000e+02
3.390000000000000000e+02 9.330000000000000000e+02
3.820000000000000000e+02 9.170000000000000000e+02
4.200000000000000000e+02 9.020000000000000000e+02
4.450000000000000000e+02 9.100000000000000000e+02
4.680000000000000000e+02 9.010000000000000000e+02
5.040000000000000000e+02 9.130000000000000000e+02
5.450000000000000000e+02 9.260000000000000000e+02
5.060000000000000000e+02 9.510000000000000000e+02
4.730000000000000000e+02 9.660000000000000000e+02
4.470000000000000000e+02 9.690000000000000000e+02
4.200000000000000000e+02 9.680000000000000000e+02
3.830000000000000000e+02 9.580000000000000000e+02
3.580000000000000000e+02 9.350000000000000000e+02
4.200000000000000000e+02 9.290000000000000000e+02
4.450000000000000000e+02 9.310000000000000000e+02
4.690000000000000000e+02 9.260000000000000000e+02
5.270000000000000000e+02 9.270000000000000000e+02
4.710000000000000000e+02 9.240000000000000000e+02
4.460000000000000000e+02 9.290000000000000000e+02
4.210000000000000000e+02 9.270000000000000000e+02
