1.340000000000000000e+02 6.160000000000000000e+02
1.410000000000000000e+02 7.020000000000000000e+02
1.540000000000000000e+02 7.850000000000000000e+02
1.700000000000000000e+02 8.630000000000000000e+02
1.980000000000000000e+02 9.370000000000000000e+02
2.440000000000000000e+02 1.001000000000000000e+03
3.040000000000000000e+02 1.052000000000000000e+03
3.730000000000000000e+02 1.092000000000000000e+03
4.460000000000000000e+02 1.103000000000000000e+03
5.180000000000000000e+02 1.093000000000000000e+03
5.810000000000000000e+02 1.049000000000000000e+03
6.360000000000000000e+02 9.950000000000000000e+02
6.790000000000000000e+02 9.320000000000000000e+02
7.030000000000000000e+02 8.600000000000000000e+02
7.170000000000000000e+02 7.840000000000000000e+02
7.280000000000000000e+02 7.050000000000000000e+02
7.320000000000000000e+02 6.240000000000000000e+02
1.700000000000000000e+02 5.920000000000000000e+02
2.040000000000000000e+02 5.440000000000000000e+02
2.640000000000000000e+02 5.260000000000000000e+02
3.260000000000000000e+02 5.270000000000000000e+02
3.880000000000000000e+02 5.450000000000000000e+02
4.940000000000000000e+02 5.470000000000000000e+02
5.560000000000000000e+02 5.340000000000000000e+02
6.170000000000000000e+02 5.350000000000000000e+02
6.730000000000000000e+02 5.570000000000000000e+02
7.010000000000000000e+02 6.020000000000000000e+02
4.420000000000000000e+02 6.190000000000000000e+02
4.450000000000000000e+02 6.780000000000000000e+02
4.480000000000000000e+02 7.340000000000000000e+02
4.510000000000000000e+02 7.930000000000000000e+02
3.840000000000000000e+02 8.260000000000000000e+02
4.150000000000000000e+02 8.350000000000000000e+02
4.480000000000000000e+02 8.430000000000000000e+02
4.800000000000000000e+02 8.340000000000000000e+02
5.080000000000000000e+02 8.240000000000000000e+02
2.410000000000000000e+02 6.320000000000000000e+02
2.740000000000000000e+02 6.080000000000000000e+02
3.160000000000000000e+02 6.090000000000000000e+02
3.570000000000000000e+02 6.380000000000000000e+02
3.150000000000000000e+02 6.460000000000000000e+02
2.720000000000000000e+02 6.470000000000000000e+02
5.190000000000000000e+02 6.380000000000000000e+02
5.560000000000000000e+02 6.110000000000000000e+02
5.980000000000000000e+02 6.130000000000000000e+02
6.300000000000000000e+02 6.340000000000000000e+02
5.990000000000000000e+02 6.490000000000000000e+02
5.560000000000000000e+02 6.470000000000000000e+02
3.350000000000000000e+02 9.170000000000000000e+02
3.800000000000000000e+02 9.130000000000000000e+02
4.200000000000000000e+02 9.080000000000000000e+02
4.470000000000000000e+02 9.150000000000000000e+02
4.710000000000000000e+02 9.070000000000000000e+02
5.070000000000000000e+02 9.100000000000000000e+02
5.470000000000000000e+02 9.160000000000000000e+02
5.090000000000000000e+02 9.420000000000000000e+02
4.730000000000000000e+02 9.580000000000000000e+02
4.460000000000000000e+02 9.610000000000000000e+02
4.180000000000000000e+02 9.590000000000000000e+02
3.780000000000000000e+02 9.480000000000000000e+02
3.510000000000000000e+02 9.200000000000000000e+02
4.190000000000000000e+02 9.270000000000000000e+02
4.470000000000000000e+02 9.310000000000000000e+02
4.720000000000000000e+02 9.250000000000000000e+02
5.310000000000000000e+02 9.170000000000000000e+02
4.720000000000000000e+02 9.230000000000000000e+02
4.460000000000000000e+02 9.280000000000000000e+02
4.190000000000000000e+02 9.250000000000000000e+02
