1.570000000000000000e+02 6.440000000000000000e+02
1.650000000000000000e+02 7.200000000000000000e+02
1.760000000000000000e+02 7.970000000000000000e+02
1.850000000000000000e+02 8.760000000000000000e+02
2.030000000000000000e+02 9.540000000000000000e+02
2.460000000000000000e+02 1.020000000000000000e+03
3.040000000000000000e+02 1.076000000000000000e+03
3.690000000000000000e+02 1.120000000000000000e+03
4.440000000000000000e+02 1.130000000000000000e+03
5.190000000000000000e+02 1.117000000000000000e+03
5.820000000000000000e+02 1.074000000000000000e+03
6.320000000000000000e+02 1.016000000000000000e+03
6.690000000000000000e+02 9.470000000000000000e+02
6.860000000000000000e+02 8.700000000000000000e+02
6.990000000000000000e+02 7.910000000000000000e+02
7.120000000000000000e+02 7.120000000000000000e+02
7.190000000000000000e+02 6.330000000000000000e+02
1.880000000000000000e+02 5.840000000000000000e+02
2.210000000000000000e+02 5.390000000000000000e+02
2.770000000000000000e+02 5.190000000000000000e+02
3.390000000000000000e+02 5.200000000000000000e+02
3.970000000000000000e+02 5.420000000000000000e+02
4.780000000000000000e+02 5.390000000000000000e+02
5.370000000000000000e+02 5.190000000000000000e+02
6.010000000000000000e+02 5.160000000000000000e+02
6.580000000000000000e+02 5.400000000000000000e+02
6.910000000000000000e+02 5.890000000000000000e+02
4.370000000000000000e+02 6.050000000000000000e+02
4.370000000000000000e+02 6.610000000000000000e+02
4.370000000000000000e+02 7.160000000000000000e+02
4.370000000000000000e+02 7.730000000000000000e+02
3.810000000000000000e+02 8.220000000000000000e+02
4.110000000000000000e+02 8.270000000000000000e+02
4.400000000000000000e+02 8.330000000000000000e+02
4.690000000000000000e+02 8.260000000000000000e+02
4.990000000000000000e+02 8.200000000000000000e+02
2.570000000000000000e+02 6.230000000000000000e+02
2.890000000000000000e+02 6.040000000000000000e+02
3.270000000000000000e+02 6.030000000000000000e+02
3.640000000000000000e+02 6.260000000000000000e+02
3.270000000000000000e+02 6.360000000000000000e+02
2.870000000000000000e+02 6.380000000000000000e+02
5.140000000000000000e+02 6.260000000000000000e+02
5.510000000000000000e+02 6.020000000000000000e+02
5.920000000000000000e+02 6.030000000000000000e+02
6.250000000000000000e+02 6.210000000000000000e+02
5.940000000000000000e+02 6.370000000000000000e+02
5.520000000000000000e+02 6.360000000000000000e+02
3.310000000000000000e+02 9.180000000000000000e+02
3.720000000000000000e+02 9.060000000000000000e+02
4.100000000000000000e+02 8.980000000000000000e+02
4.430000000000000000e+02 9.080000000000000000e+02
4.740000000000000000e+02 8.990000000000000000e+02
5.150000000000000000e+02 9.100000000000000000e+02
5.590000000000000000e+02 9.240000000000000000e+02
5.160000000000000000e+02 9.480000000000000000e+02
4.770000000000000000e+02 9.600000000000000000e+02
4.430000000000000000e+02 9.610000000000000000e+02
4.090000000000000000e+02 9.560000000000000000e+02
3.710000000000000000e+02 9.400000000000000000e+02
3.440000000000000000e+02 9.180000000000000000e+02
4.090000000000000000e+02 9.210000000000000000e+02
4.420000000000000000e+02 9.270000000000000000e+02
4.740000000000000000e+02 9.240000000000000000e+02
5.440000000000000000e+02 9.250000000000000000e+02
4.750000000000000000e+02 9.240000000000000000e+02
4.430000000000000000e+02 9.270000000000000000e+02
4.100000000000000000e+02 9.210000000000000000e+02
