1.500000000000000000e+02 6.530000000000000000e+02
1.580000000000000000e+02 7.310000000000000000e+02
1.700000000000000000e+02 8.080000000000000000e+02
1.880000000000000000e+02 8.810000000000000000e+02
2.160000000000000000e+02 9.520000000000000000e+02
2.610000000000000000e+02 1.013000000000000000e+03
3.170000000000000000e+02 1.069000000000000000e+03
3.800000000000000000e+02 1.111000000000000000e+03
4.520000000000000000e+02 1.118000000000000000e+03
5.220000000000000000e+02 1.104000000000000000e+03
5.810000000000000000e+02 1.061000000000000000e+03
6.330000000000000000e+02 1.007000000000000000e+03
6.750000000000000000e+02 9.470000000000000000e+02
6.980000000000000000e+02 8.790000000000000000e+02
7.120000000000000000e+02 8.040000000000000000e+02
7.240000000000000000e+02 7.310000000000000000e+02
7.300000000000000000e+02 6.550000000000000000e+02
1.820000000000000000e+02 5.740000000000000000e+02
2.210000000000000000e+02 5.310000000000000000e+02
2.820000000000000000e+02 5.220000000000000000e+02
3.420000000000000000e+02 5.320000000000000000e+02
4.000000000000000000e+02 5.540000000000000000e+02
4.850000000000000000e+02 5.520000000000000000e+02
5.460000000000000000e+02 5.330000000000000000e+02
6.060000000000000000e+02 5.250000000000000000e+02
6.660000000000000000e+02 5.390000000000000000e+02
7.010000000000000000e+02 5.860000000000000000e+02
4.450000000000000000e+02 6.070000000000000000e+02
4.460000000000000000e+02 6.610000000000000000e+02
4.470000000000000000e+02 7.140000000000000000e+02
4.480000000000000000e+02 7.700000000000000000e+02
3.850000000000000000e+02 8.170000000000000000e+02
4.150000000000000000e+02 8.240000000000000000e+02
4.440000000000000000e+02 8.310000000000000000e+02
4.730000000000000000e+02 8.230000000000000000e+02
5.010000000000000000e+02 8.150000000000000000e+02
2.460000000000000000e+02 6.300000000000000000e+02
2.770000000000000000e+02 6.040000000000000000e+02
3.200000000000000000e+02 6.010000000000000000e+02
3.600000000000000000e+02 6.270000000000000000e+02
3.200000000000000000e+02 6.390000000000000000e+02
2.770000000000000000e+02 6.430000000000000000e+02
5.200000000000000000e+02 6.310000000000000000e+02
5.600000000000000000e+02 6.060000000000000000e+02
6.040000000000000000e+02 6.080000000000000000e+02
6.360000000000000000e+02 6.340000000000000000e+02
6.050000000000000000e+02 6.470000000000000000e+02
5.610000000000000000e+02 6.430000000000000000e+02
3.330000000000000000e+02 9.230000000000000000e+02
3.710000000000000000e+02 9.070000000000000000e+02
4.110000000000000000e+02 8.980000000000000000e+02
4.410000000000000000e+02 9.070000000000000000e+02
4.710000000000000000e+02 8.970000000000000000e+02
5.100000000000000000e+02 9.070000000000000000e+02
5.520000000000000000e+02 9.210000000000000000e+02
5.110000000000000000e+02 9.470000000000000000e+02
4.750000000000000000e+02 9.610000000000000000e+02
4.430000000000000000e+02 9.650000000000000000e+02
4.100000000000000000e+02 9.610000000000000000e+02
3.710000000000000000e+02 9.470000000000000000e+02
3.470000000000000000e+02 9.230000000000000000e+02
4.100000000000000000e+02 9.220000000000000000e+02
4.400000000000000000e+02 9.250000000000000000e+02
4.720000000000000000e+02 9.210000000000000000e+02
5.370000000000000000e+02 9.210000000000000000e+02
4.740000000000000000e+02 9.230000000000000000e+02
4.430000000000000000e+02 9.280000000000000000e+02
4.110000000000000000e+02 9.240000000000000000e+02
