1.440000000000000000e+02 6.440000000000000000e+02
1.520000000000000000e+02 7.260000000000000000e+02
1.640000000000000000e+02 8.060000000000000000e+02
1.780000000000000000e+02 8.840000000000000000e+02
2.020000000000000000e+02 9.580000000000000000e+02
2.430000000000000000e+02 1.022000000000000000e+03
2.990000000000000000e+02 1.073000000000000000e+03
3.660000000000000000e+02 1.113000000000000000e+03
4.410000000000000000e+02 1.122000000000000000e+03
5.180000000000000000e+02 1.108000000000000000e+03
5.830000000000000000e+02 1.070000000000000000e+03
6.380000000000000000e+02 1.020000000000000000e+03
6.760000000000000000e+02 9.540000000000000000e+02
6.990000000000000000e+02 8.800000000000000000e+02
7.160000000000000000e+02 8.030000000000000000e+02
7.320000000000000000e+02 7.190000000000000000e+02
7.410000000000000000e+02 6.320000000000000000e+02
2.010000000000000000e+02 5.810000000000000000e+02
2.360000000000000000e+02 5.400000000000000000e+02
2.900000000000000000e+02 5.260000000000000000e+02
3.480000000000000000e+02 5.300000000000000000e+02
4.040000000000000000e+02 5.480000000000000000e+02
4.860000000000000000e+02 5.440000000000000000e+02
5.400000000000000000e+02 5.210000000000000000e+02
6.000000000000000000e+02 5.150000000000000000e+02
6.580000000000000000e+02 5.320000000000000000e+02
6.920000000000000000e+02 5.790000000000000000e+02
4.420000000000000000e+02 5.980000000000000000e+02
4.400000000000000000e+02 6.550000000000000000e+02
4.370000000000000000e+02 7.110000000000000000e+02
4.340000000000000000e+02 7.690000000000000000e+02
3.790000000000000000e+02 8.110000000000000000e+02
4.060000000000000000e+02 8.200000000000000000e+02
4.350000000000000000e+02 8.280000000000000000e+02
4.660000000000000000e+02 8.200000000000000000e+02
4.950000000000000000e+02 8.110000000000000000e+02
2.650000000000000000e+02 6.240000000000000000e+02
2.960000000000000000e+02 6.090000000000000000e+02
3.330000000000000000e+02 6.060000000000000000e+02
3.680000000000000000e+02 6.250000000000000000e+02
3.340000000000000000e+02 6.360000000000000000e+02
2.960000000000000000e+02 6.390000000000000000e+02
5.180000000000000000e+02 6.240000000000000000e+02
5.540000000000000000e+02 6.070000000000000000e+02
5.910000000000000000e+02 6.090000000000000000e+02
6.240000000000000000e+02 6.220000000000000000e+02
5.920000000000000000e+02 6.380000000000000000e+02
5.550000000000000000e+02 6.360000000000000000e+02
3.280000000000000000e+02 9.240000000000000000e+02
3.650000000000000000e+02 9.100000000000000000e+02
4.010000000000000000e+02 9.010000000000000000e+02
4.350000000000000000e+02 9.080000000000000000e+02
4.680000000000000000e+02 8.990000000000000000e+02
5.090000000000000000e+02 9.070000000000000000e+02
5.550000000000000000e+02 9.180000000000000000e+02
5.130000000000000000e+02 9.420000000000000000e+02
4.730000000000000000e+02 9.520000000000000000e+02
4.380000000000000000e+02 9.560000000000000000e+02
4.030000000000000000e+02 9.530000000000000000e+02
3.650000000000000000e+02 9.420000000000000000e+02
3.440000000000000000e+02 9.230000000000000000e+02
4.010000000000000000e+02 9.180000000000000000e+02
4.350000000000000000e+02 9.220000000000000000e+02
4.690000000000000000e+02 9.170000000000000000e+02
5.380000000000000000e+02 9.180000000000000000e+02
4.720000000000000000e+02 9.200000000000000000e+02
4.380000000000000000e+02 9.250000000000000000e+02
4.030000000000000000e+02 9.210000000000000000e+02
