1.770000000000000000e+02 6.210000000000000000e+02
1.800000000000000000e+02 6.990000000000000000e+02
1.890000000000000000e+02 7.790000000000000000e+02
2.000000000000000000e+02 8.570000000000000000e+02
2.220000000000000000e+02 9.340000000000000000e+02
2.630000000000000000e+02 1.003000000000000000e+03
3.140000000000000000e+02 1.069000000000000000e+03
3.740000000000000000e+02 1.124000000000000000e+03
4.450000000000000000e+02 1.138000000000000000e+03
5.180000000000000000e+02 1.123000000000000000e+03
5.780000000000000000e+02 1.067000000000000000e+03
6.260000000000000000e+02 1.000000000000000000e+03
6.660000000000000000e+02 9.280000000000000000e+02
6.910000000000000000e+02 8.490000000000000000e+02
7.070000000000000000e+02 7.680000000000000000e+02
7.220000000000000000e+02 6.870000000000000000e+02
7.240000000000000000e+02 6.050000000000000000e+02
2.020000000000000000e+02 5.810000000000000000e+02
2.350000000000000000e+02 5.440000000000000000e+02
2.860000000000000000e+02 5.360000000000000000e+02
3.420000000000000000e+02 5.410000000000000000e+02
3.970000000000000000e+02 5.610000000000000000e+02
4.890000000000000000e+02 5.580000000000000000e+02
5.410000000000000000e+02 5.370000000000000000e+02
5.980000000000000000e+02 5.300000000000000000e+02
6.520000000000000000e+02 5.430000000000000000e+02
6.860000000000000000e+02 5.850000000000000000e+02
4.420000000000000000e+02 6.130000000000000000e+02
4.410000000000000000e+02 6.760000000000000000e+02
4.400000000000000000e+02 7.400000000000000000e+02
4.390000000000000000e+02 8.040000000000000000e+02
3.820000000000000000e+02 8.240000000000000000e+02
4.100000000000000000e+02 8.350000000000000000e+02
4.380000000000000000e+02 8.480000000000000000e+02
4.680000000000000000e+02 8.370000000000000000e+02
4.970000000000000000e+02 8.250000000000000000e+02
2.600000000000000000e+02 6.190000000000000000e+02
2.900000000000000000e+02 5.960000000000000000e+02
3.310000000000000000e+02 5.950000000000000000e+02
3.640000000000000000e+02 6.220000000000000000e+02
3.290000000000000000e+02 6.300000000000000000e+02
2.880000000000000000e+02 6.330000000000000000e+02
5.160000000000000000e+02 6.230000000000000000e+02
5.510000000000000000e+02 5.950000000000000000e+02
5.930000000000000000e+02 5.930000000000000000e+02
6.240000000000000000e+02 6.150000000000000000e+02
5.960000000000000000e+02 6.300000000000000000e+02
5.550000000000000000e+02 6.300000000000000000e+02
3.250000000000000000e+02 9.090000000000000000e+02
3.640000000000000000e+02 9.090000000000000000e+02
4.030000000000000000e+02 9.050000000000000000e+02
4.370000000000000000e+02 9.170000000000000000e+02
4.690000000000000000e+02 9.070000000000000000e+02
5.100000000000000000e+02 9.120000000000000000e+02
5.550000000000000000e+02 9.160000000000000000e+02
5.100000000000000000e+02 9.540000000000000000e+02
4.700000000000000000e+02 9.730000000000000000e+02
4.350000000000000000e+02 9.750000000000000000e+02
4.000000000000000000e+02 9.670000000000000000e+02
3.620000000000000000e+02 9.440000000000000000e+02
3.400000000000000000e+02 9.150000000000000000e+02
4.020000000000000000e+02 9.270000000000000000e+02
4.360000000000000000e+02 9.340000000000000000e+02
4.690000000000000000e+02 9.310000000000000000e+02
5.410000000000000000e+02 9.200000000000000000e+02
4.700000000000000000e+02 9.290000000000000000e+02
4.360000000000000000e+02 9.330000000000000000e+02
4.020000000000000000e+02 9.260000000000000000e+02
