1.340000000000000000e+02 6.320000000000000000e+02
1.450000000000000000e+02 7.170000000000000000e+02
1.610000000000000000e+02 7.980000000000000000e+02
1.730000000000000000e+02 8.790000000000000000e+02
1.960000000000000000e+02 9.540000000000000000e+02
2.380000000000000000e+02 1.018000000000000000e+03
2.990000000000000000e+02 1.068000000000000000e+03
3.700000000000000000e+02 1.102000000000000000e+03
4.470000000000000000e+02 1.112000000000000000e+03
5.240000000000000000e+02 1.098000000000000000e+03
5.890000000000000000e+02 1.059000000000000000e+03
6.400000000000000000e+02 1.007000000000000000e+03
6.730000000000000000e+02 9.420000000000000000e+02
6.920000000000000000e+02 8.680000000000000000e+02
7.070000000000000000e+02 7.910000000000000000e+02
7.250000000000000000e+02 7.120000000000000000e+02
7.350000000000000000e+02 6.290000000000000000e+02
1.720000000000000000e+02 5.640000000000000000e+02
2.100000000000000000e+02 5.240000000000000000e+02
2.680000000000000000e+02 5.160000000000000000e+02
3.270000000000000000e+02 5.270000000000000000e+02
3.860000000000000000e+02 5.490000000000000000e+02
4.990000000000000000e+02 5.490000000000000000e+02
5.530000000000000000e+02 5.280000000000000000e+02
6.090000000000000000e+02 5.170000000000000000e+02
6.650000000000000000e+02 5.220000000000000000e+02
7.030000000000000000e+02 5.620000000000000000e+02
4.420000000000000000e+02 6.220000000000000000e+02
4.400000000000000000e+02 6.750000000000000000e+02
4.380000000000000000e+02 7.290000000000000000e+02
4.360000000000000000e+02 7.840000000000000000e+02
3.880000000000000000e+02 8.200000000000000000e+02
4.130000000000000000e+02 8.300000000000000000e+02
4.400000000000000000e+02 8.380000000000000000e+02
4.670000000000000000e+02 8.290000000000000000e+02
4.930000000000000000e+02 8.200000000000000000e+02
2.470000000000000000e+02 6.360000000000000000e+02
2.810000000000000000e+02 6.120000000000000000e+02
3.230000000000000000e+02 6.130000000000000000e+02
3.610000000000000000e+02 6.420000000000000000e+02
3.220000000000000000e+02 6.530000000000000000e+02
2.780000000000000000e+02 6.540000000000000000e+02
5.180000000000000000e+02 6.450000000000000000e+02
5.540000000000000000e+02 6.160000000000000000e+02
5.970000000000000000e+02 6.160000000000000000e+02
6.300000000000000000e+02 6.410000000000000000e+02
5.990000000000000000e+02 6.580000000000000000e+02
5.560000000000000000e+02 6.560000000000000000e+02
3.290000000000000000e+02 9.200000000000000000e+02
3.780000000000000000e+02 9.050000000000000000e+02
4.180000000000000000e+02 8.950000000000000000e+02
4.460000000000000000e+02 9.020000000000000000e+02
4.730000000000000000e+02 8.950000000000000000e+02
5.130000000000000000e+02 9.060000000000000000e+02
5.580000000000000000e+02 9.200000000000000000e+02
5.140000000000000000e+02 9.480000000000000000e+02
4.760000000000000000e+02 9.600000000000000000e+02
4.450000000000000000e+02 9.620000000000000000e+02
4.150000000000000000e+02 9.590000000000000000e+02
3.770000000000000000e+02 9.470000000000000000e+02
3.500000000000000000e+02 9.220000000000000000e+02
4.160000000000000000e+02 9.220000000000000000e+02
4.460000000000000000e+02 9.240000000000000000e+02
4.740000000000000000e+02 9.220000000000000000e+02
5.380000000000000000e+02 9.220000000000000000e+02
4.740000000000000000e+02 9.210000000000000000e+02
4.450000000000000000e+02 9.240000000000000000e+02
4.170000000000000000e+02 9.210000000000000000e+02
