1.100000000000000000e+02 6.300000000000000000e+02
1.160000000000000000e+02 7.110000000000000000e+02
1.250000000000000000e+02 7.900000000000000000e+02
1.390000000000000000e+02 8.680000000000000000e+02
1.600000000000000000e+02 9.460000000000000000e+02
2.070000000000000000e+02 1.013000000000000000e+03
2.750000000000000000e+02 1.062000000000000000e+03
3.570000000000000000e+02 1.098000000000000000e+03
4.490000000000000000e+02 1.107000000000000000e+03
5.380000000000000000e+02 1.097000000000000000e+03
6.170000000000000000e+02 1.057000000000000000e+03
6.770000000000000000e+02 1.003000000000000000e+03
7.130000000000000000e+02 9.340000000000000000e+02
7.300000000000000000e+02 8.590000000000000000e+02
7.390000000000000000e+02 7.850000000000000000e+02
7.470000000000000000e+02 7.130000000000000000e+02
7.500000000000000000e+02 6.390000000000000000e+02
1.840000000000000000e+02 5.770000000000000000e+02
2.270000000000000000e+02 5.390000000000000000e+02
2.850000000000000000e+02 5.280000000000000000e+02
3.470000000000000000e+02 5.330000000000000000e+02
4.050000000000000000e+02 5.530000000000000000e+02
4.790000000000000000e+02 5.570000000000000000e+02
5.360000000000000000e+02 5.390000000000000000e+02
5.990000000000000000e+02 5.360000000000000000e+02
6.560000000000000000e+02 5.530000000000000000e+02
6.950000000000000000e+02 5.930000000000000000e+02
4.420000000000000000e+02 6.190000000000000000e+02
4.420000000000000000e+02 6.690000000000000000e+02
4.430000000000000000e+02 7.180000000000000000e+02
4.430000000000000000e+02 7.690000000000000000e+02
3.870000000000000000e+02 8.140000000000000000e+02
4.140000000000000000e+02 8.230000000000000000e+02
4.420000000000000000e+02 8.300000000000000000e+02
4.700000000000000000e+02 8.240000000000000000e+02
4.950000000000000000e+02 8.170000000000000000e+02
2.490000000000000000e+02 6.270000000000000000e+02
2.830000000000000000e+02 6.080000000000000000e+02
3.250000000000000000e+02 6.110000000000000000e+02
3.610000000000000000e+02 6.370000000000000000e+02
3.220000000000000000e+02 6.460000000000000000e+02
2.800000000000000000e+02 6.450000000000000000e+02
5.210000000000000000e+02 6.430000000000000000e+02
5.570000000000000000e+02 6.190000000000000000e+02
5.970000000000000000e+02 6.200000000000000000e+02
6.300000000000000000e+02 6.410000000000000000e+02
5.990000000000000000e+02 6.560000000000000000e+02
5.570000000000000000e+02 6.550000000000000000e+02
3.350000000000000000e+02 9.230000000000000000e+02
3.780000000000000000e+02 8.960000000000000000e+02
4.170000000000000000e+02 8.810000000000000000e+02
4.460000000000000000e+02 8.890000000000000000e+02
4.740000000000000000e+02 8.820000000000000000e+02
5.120000000000000000e+02 8.980000000000000000e+02
5.530000000000000000e+02 9.230000000000000000e+02
5.130000000000000000e+02 9.420000000000000000e+02
4.770000000000000000e+02 9.480000000000000000e+02
4.460000000000000000e+02 9.500000000000000000e+02
4.160000000000000000e+02 9.470000000000000000e+02
3.780000000000000000e+02 9.410000000000000000e+02
3.520000000000000000e+02 9.220000000000000000e+02
4.160000000000000000e+02 9.110000000000000000e+02
4.450000000000000000e+02 9.140000000000000000e+02
4.750000000000000000e+02 9.120000000000000000e+02
5.350000000000000000e+02 9.210000000000000000e+02
4.750000000000000000e+02 9.100000000000000000e+02
4.450000000000000000e+02 9.130000000000000000e+02
4.170000000000000000e+02 9.100000000000000000e+02
