1.260000000000000000e+02 6.520000000000000000e+02
1.370000000000000000e+02 7.320000000000000000e+02
1.520000000000000000e+02 8.100000000000000000e+02
1.710000000000000000e+02 8.860000000000000000e+02
1.980000000000000000e+02 9.560000000000000000e+02
2.440000000000000000e+02 1.017000000000000000e+03
3.030000000000000000e+02 1.065000000000000000e+03
3.680000000000000000e+02 1.102000000000000000e+03
4.410000000000000000e+02 1.112000000000000000e+03
5.170000000000000000e+02 1.101000000000000000e+03
5.830000000000000000e+02 1.062000000000000000e+03
6.440000000000000000e+02 1.014000000000000000e+03
6.900000000000000000e+02 9.540000000000000000e+02
7.190000000000000000e+02 8.830000000000000000e+02
7.390000000000000000e+02 8.060000000000000000e+02
7.550000000000000000e+02 7.250000000000000000e+02
7.660000000000000000e+02 6.440000000000000000e+02
1.890000000000000000e+02 5.650000000000000000e+02
2.280000000000000000e+02 5.280000000000000000e+02
2.820000000000000000e+02 5.160000000000000000e+02
3.400000000000000000e+02 5.230000000000000000e+02
3.950000000000000000e+02 5.470000000000000000e+02
4.850000000000000000e+02 5.480000000000000000e+02
5.390000000000000000e+02 5.270000000000000000e+02
5.960000000000000000e+02 5.220000000000000000e+02
6.510000000000000000e+02 5.370000000000000000e+02
6.900000000000000000e+02 5.740000000000000000e+02
4.400000000000000000e+02 6.100000000000000000e+02
4.420000000000000000e+02 6.610000000000000000e+02
4.440000000000000000e+02 7.110000000000000000e+02
4.460000000000000000e+02 7.630000000000000000e+02
3.900000000000000000e+02 8.170000000000000000e+02
4.160000000000000000e+02 8.220000000000000000e+02
4.430000000000000000e+02 8.280000000000000000e+02
4.680000000000000000e+02 8.210000000000000000e+02
4.920000000000000000e+02 8.140000000000000000e+02
2.500000000000000000e+02 6.300000000000000000e+02
2.810000000000000000e+02 6.080000000000000000e+02
3.210000000000000000e+02 6.070000000000000000e+02
3.520000000000000000e+02 6.330000000000000000e+02
3.180000000000000000e+02 6.450000000000000000e+02
2.790000000000000000e+02 6.460000000000000000e+02
5.230000000000000000e+02 6.370000000000000000e+02
5.590000000000000000e+02 6.120000000000000000e+02
5.990000000000000000e+02 6.130000000000000000e+02
6.290000000000000000e+02 6.370000000000000000e+02
6.000000000000000000e+02 6.510000000000000000e+02
5.600000000000000000e+02 6.490000000000000000e+02
3.360000000000000000e+02 9.220000000000000000e+02
3.750000000000000000e+02 9.000000000000000000e+02
4.110000000000000000e+02 8.860000000000000000e+02
4.380000000000000000e+02 8.930000000000000000e+02
4.640000000000000000e+02 8.840000000000000000e+02
4.990000000000000000e+02 8.970000000000000000e+02
5.350000000000000000e+02 9.180000000000000000e+02
5.000000000000000000e+02 9.400000000000000000e+02
4.660000000000000000e+02 9.500000000000000000e+02
4.390000000000000000e+02 9.530000000000000000e+02
4.090000000000000000e+02 9.500000000000000000e+02
3.740000000000000000e+02 9.410000000000000000e+02
3.520000000000000000e+02 9.200000000000000000e+02
4.100000000000000000e+02 9.110000000000000000e+02
4.370000000000000000e+02 9.140000000000000000e+02
4.640000000000000000e+02 9.110000000000000000e+02
5.200000000000000000e+02 9.180000000000000000e+02
4.650000000000000000e+02 9.130000000000000000e+02
4.380000000000000000e+02 9.180000000000000000e+02
4.110000000000000000e+02 9.140000000000000000e+02
