1.320000000000000000e+02 6.830000000000000000e+02
1.360000000000000000e+02 7.610000000000000000e+02
1.420000000000000000e+02 8.400000000000000000e+02
1.580000000000000000e+02 9.170000000000000000e+02
1.920000000000000000e+02 9.860000000000000000e+02
2.440000000000000000e+02 1.041000000000000000e+03
3.110000000000000000e+02 1.075000000000000000e+03
3.820000000000000000e+02 1.092000000000000000e+03
4.550000000000000000e+02 1.095000000000000000e+03
5.210000000000000000e+02 1.082000000000000000e+03
5.780000000000000000e+02 1.052000000000000000e+03
6.340000000000000000e+02 1.015000000000000000e+03
6.760000000000000000e+02 9.690000000000000000e+02
7.080000000000000000e+02 9.090000000000000000e+02
7.240000000000000000e+02 8.410000000000000000e+02
7.340000000000000000e+02 7.690000000000000000e+02
7.380000000000000000e+02 6.970000000000000000e+02
1.870000000000000000e+02 5.760000000000000000e+02
2.240000000000000000e+02 5.300000000000000000e+02
2.820000000000000000e+02 5.090000000000000000e+02
3.450000000000000000e+02 5.110000000000000000e+02
4.070000000000000000e+02 5.300000000000000000e+02
4.740000000000000000e+02 5.260000000000000000e+02
5.350000000000000000e+02 5.110000000000000000e+02
5.980000000000000000e+02 5.160000000000000000e+02
6.540000000000000000e+02 5.390000000000000000e+02
6.890000000000000000e+02 5.870000000000000000e+02
4.450000000000000000e+02 5.990000000000000000e+02
4.440000000000000000e+02 6.490000000000000000e+02
4.440000000000000000e+02 6.990000000000000000e+02
4.430000000000000000e+02 7.490000000000000000e+02
3.750000000000000000e+02 8.140000000000000000e+02
4.080000000000000000e+02 8.190000000000000000e+02
4.400000000000000000e+02 8.240000000000000000e+02
4.710000000000000000e+02 8.190000000000000000e+02
5.040000000000000000e+02 8.140000000000000000e+02
2.490000000000000000e+02 6.290000000000000000e+02
2.830000000000000000e+02 6.100000000000000000e+02
3.240000000000000000e+02 6.070000000000000000e+02
3.600000000000000000e+02 6.320000000000000000e+02
3.240000000000000000e+02 6.410000000000000000e+02
2.830000000000000000e+02 6.420000000000000000e+02
5.220000000000000000e+02 6.370000000000000000e+02
5.580000000000000000e+02 6.140000000000000000e+02
5.960000000000000000e+02 6.180000000000000000e+02
6.280000000000000000e+02 6.380000000000000000e+02
5.950000000000000000e+02 6.500000000000000000e+02
5.560000000000000000e+02 6.470000000000000000e+02
3.290000000000000000e+02 9.340000000000000000e+02
3.710000000000000000e+02 9.120000000000000000e+02
4.110000000000000000e+02 8.980000000000000000e+02
4.410000000000000000e+02 9.070000000000000000e+02
4.700000000000000000e+02 8.980000000000000000e+02
5.080000000000000000e+02 9.110000000000000000e+02
5.530000000000000000e+02 9.270000000000000000e+02
5.090000000000000000e+02 9.390000000000000000e+02
4.740000000000000000e+02 9.430000000000000000e+02
4.440000000000000000e+02 9.470000000000000000e+02
4.140000000000000000e+02 9.460000000000000000e+02
3.730000000000000000e+02 9.440000000000000000e+02
3.450000000000000000e+02 9.320000000000000000e+02
4.130000000000000000e+02 9.220000000000000000e+02
4.430000000000000000e+02 9.230000000000000000e+02
4.710000000000000000e+02 9.190000000000000000e+02
5.340000000000000000e+02 9.270000000000000000e+02
4.720000000000000000e+02 9.160000000000000000e+02
4.430000000000000000e+02 9.190000000000000000e+02
4.140000000000000000e+02 9.180000000000000000e+02
