1.380000000000000000e+02 6.200000000000000000e+02
1.440000000000000000e+02 7.040000000000000000e+02
1.590000000000000000e+02 7.870000000000000000e+02
1.730000000000000000e+02 8.680000000000000000e+02
1.990000000000000000e+02 9.450000000000000000e+02
2.440000000000000000e+02 1.010000000000000000e+03
3.040000000000000000e+02 1.060000000000000000e+03
3.690000000000000000e+02 1.101000000000000000e+03
4.380000000000000000e+02 1.114000000000000000e+03
5.090000000000000000e+02 1.099000000000000000e+03
5.820000000000000000e+02 1.056000000000000000e+03
6.460000000000000000e+02 1.005000000000000000e+03
6.910000000000000000e+02 9.380000000000000000e+02
7.130000000000000000e+02 8.600000000000000000e+02
7.250000000000000000e+02 7.780000000000000000e+02
7.410000000000000000e+02 6.980000000000000000e+02
7.470000000000000000e+02 6.140000000000000000e+02
1.880000000000000000e+02 5.710000000000000000e+02
2.270000000000000000e+02 5.350000000000000000e+02
2.810000000000000000e+02 5.250000000000000000e+02
3.360000000000000000e+02 5.360000000000000000e+02
3.880000000000000000e+02 5.570000000000000000e+02
4.910000000000000000e+02 5.570000000000000000e+02
5.460000000000000000e+02 5.350000000000000000e+02
6.010000000000000000e+02 5.220000000000000000e+02
6.560000000000000000e+02 5.310000000000000000e+02
6.920000000000000000e+02 5.690000000000000000e+02
4.390000000000000000e+02 6.180000000000000000e+02
4.400000000000000000e+02 6.750000000000000000e+02
4.410000000000000000e+02 7.300000000000000000e+02
4.420000000000000000e+02 7.860000000000000000e+02
3.870000000000000000e+02 8.250000000000000000e+02
4.130000000000000000e+02 8.350000000000000000e+02
4.410000000000000000e+02 8.430000000000000000e+02
4.680000000000000000e+02 8.340000000000000000e+02
4.920000000000000000e+02 8.240000000000000000e+02
2.570000000000000000e+02 6.300000000000000000e+02
2.910000000000000000e+02 6.120000000000000000e+02
3.320000000000000000e+02 6.110000000000000000e+02
3.650000000000000000e+02 6.400000000000000000e+02
3.290000000000000000e+02 6.480000000000000000e+02
2.880000000000000000e+02 6.480000000000000000e+02
5.160000000000000000e+02 6.370000000000000000e+02
5.510000000000000000e+02 6.090000000000000000e+02
5.900000000000000000e+02 6.070000000000000000e+02
6.230000000000000000e+02 6.260000000000000000e+02
5.930000000000000000e+02 6.440000000000000000e+02
5.530000000000000000e+02 6.440000000000000000e+02
3.280000000000000000e+02 9.320000000000000000e+02
3.750000000000000000e+02 9.120000000000000000e+02
4.130000000000000000e+02 9.000000000000000000e+02
4.400000000000000000e+02 9.080000000000000000e+02
4.680000000000000000e+02 8.990000000000000000e+02
5.020000000000000000e+02 9.070000000000000000e+02
5.430000000000000000e+02 9.280000000000000000e+02
5.020000000000000000e+02 9.460000000000000000e+02
4.680000000000000000e+02 9.560000000000000000e+02
4.380000000000000000e+02 9.600000000000000000e+02
4.090000000000000000e+02 9.590000000000000000e+02
3.730000000000000000e+02 9.520000000000000000e+02
3.480000000000000000e+02 9.300000000000000000e+02
4.120000000000000000e+02 9.250000000000000000e+02
4.400000000000000000e+02 9.270000000000000000e+02
4.680000000000000000e+02 9.240000000000000000e+02
5.250000000000000000e+02 9.270000000000000000e+02
4.670000000000000000e+02 9.220000000000000000e+02
4.380000000000000000e+02 9.260000000000000000e+02
4.100000000000000000e+02 9.250000000000000000e+02
