1.450000000000000000e+02 6.280000000000000000e+02
1.520000000000000000e+02 7.070000000000000000e+02
1.660000000000000000e+02 7.830000000000000000e+02
1.820000000000000000e+02 8.570000000000000000e+02
2.070000000000000000e+02 9.280000000000000000e+02
2.500000000000000000e+02 9.930000000000000000e+02
3.050000000000000000e+02 1.048000000000000000e+03
3.690000000000000000e+02 1.090000000000000000e+03
4.450000000000000000e+02 1.103000000000000000e+03
5.200000000000000000e+02 1.089000000000000000e+03
5.870000000000000000e+02 1.045000000000000000e+03
6.440000000000000000e+02 9.890000000000000000e+02
6.850000000000000000e+02 9.220000000000000000e+02
7.060000000000000000e+02 8.480000000000000000e+02
7.180000000000000000e+02 7.710000000000000000e+02
7.280000000000000000e+02 6.950000000000000000e+02
7.320000000000000000e+02 6.160000000000000000e+02
1.950000000000000000e+02 5.780000000000000000e+02
2.380000000000000000e+02 5.520000000000000000e+02
2.910000000000000000e+02 5.450000000000000000e+02
3.450000000000000000e+02 5.510000000000000000e+02
3.960000000000000000e+02 5.670000000000000000e+02
4.820000000000000000e+02 5.650000000000000000e+02
5.330000000000000000e+02 5.450000000000000000e+02
5.860000000000000000e+02 5.390000000000000000e+02
6.400000000000000000e+02 5.470000000000000000e+02
6.820000000000000000e+02 5.730000000000000000e+02
4.390000000000000000e+02 6.170000000000000000e+02
4.400000000000000000e+02 6.660000000000000000e+02
4.400000000000000000e+02 7.160000000000000000e+02
4.400000000000000000e+02 7.680000000000000000e+02
3.900000000000000000e+02 8.160000000000000000e+02
4.150000000000000000e+02 8.250000000000000000e+02
4.430000000000000000e+02 8.310000000000000000e+02
4.710000000000000000e+02 8.250000000000000000e+02
4.960000000000000000e+02 8.160000000000000000e+02
2.530000000000000000e+02 6.220000000000000000e+02
2.850000000000000000e+02 5.960000000000000000e+02
3.300000000000000000e+02 5.940000000000000000e+02
3.680000000000000000e+02 6.290000000000000000e+02
3.290000000000000000e+02 6.400000000000000000e+02
2.840000000000000000e+02 6.420000000000000000e+02
5.130000000000000000e+02 6.270000000000000000e+02
5.490000000000000000e+02 5.900000000000000000e+02
5.930000000000000000e+02 5.900000000000000000e+02
6.260000000000000000e+02 6.170000000000000000e+02
5.970000000000000000e+02 6.380000000000000000e+02
5.520000000000000000e+02 6.370000000000000000e+02
3.400000000000000000e+02 9.320000000000000000e+02
3.760000000000000000e+02 9.100000000000000000e+02
4.180000000000000000e+02 8.940000000000000000e+02
4.430000000000000000e+02 9.040000000000000000e+02
4.690000000000000000e+02 8.940000000000000000e+02
5.160000000000000000e+02 9.110000000000000000e+02
5.590000000000000000e+02 9.310000000000000000e+02
5.190000000000000000e+02 9.750000000000000000e+02
4.740000000000000000e+02 9.930000000000000000e+02
4.450000000000000000e+02 9.960000000000000000e+02
4.150000000000000000e+02 9.930000000000000000e+02
3.750000000000000000e+02 9.760000000000000000e+02
3.590000000000000000e+02 9.330000000000000000e+02
4.180000000000000000e+02 9.380000000000000000e+02
4.440000000000000000e+02 9.390000000000000000e+02
4.710000000000000000e+02 9.370000000000000000e+02
5.390000000000000000e+02 9.330000000000000000e+02
4.710000000000000000e+02 9.390000000000000000e+02
4.430000000000000000e+02 9.420000000000000000e+02
4.180000000000000000e+02 9.390000000000000000e+02
