1.480000000000000000e+02 6.540000000000000000e+02
1.570000000000000000e+02 7.310000000000000000e+02
1.670000000000000000e+02 8.030000000000000000e+02
1.770000000000000000e+02 8.760000000000000000e+02
1.990000000000000000e+02 9.430000000000000000e+02
2.380000000000000000e+02 1.001000000000000000e+03
2.970000000000000000e+02 1.050000000000000000e+03
3.680000000000000000e+02 1.088000000000000000e+03
4.420000000000000000e+02 1.102000000000000000e+03
5.140000000000000000e+02 1.089000000000000000e+03
5.830000000000000000e+02 1.048000000000000000e+03
6.390000000000000000e+02 9.950000000000000000e+02
6.840000000000000000e+02 9.380000000000000000e+02
7.100000000000000000e+02 8.730000000000000000e+02
7.220000000000000000e+02 8.000000000000000000e+02
7.300000000000000000e+02 7.290000000000000000e+02
7.340000000000000000e+02 6.530000000000000000e+02
1.830000000000000000e+02 5.840000000000000000e+02
2.120000000000000000e+02 5.340000000000000000e+02
2.690000000000000000e+02 5.090000000000000000e+02
3.280000000000000000e+02 5.120000000000000000e+02
3.820000000000000000e+02 5.360000000000000000e+02
4.970000000000000000e+02 5.270000000000000000e+02
5.510000000000000000e+02 5.020000000000000000e+02
6.100000000000000000e+02 4.970000000000000000e+02
6.670000000000000000e+02 5.230000000000000000e+02
6.970000000000000000e+02 5.760000000000000000e+02
4.410000000000000000e+02 6.210000000000000000e+02
4.410000000000000000e+02 6.770000000000000000e+02
4.410000000000000000e+02 7.330000000000000000e+02
4.410000000000000000e+02 7.890000000000000000e+02
3.820000000000000000e+02 8.190000000000000000e+02
4.100000000000000000e+02 8.320000000000000000e+02
4.390000000000000000e+02 8.420000000000000000e+02
4.690000000000000000e+02 8.330000000000000000e+02
4.970000000000000000e+02 8.210000000000000000e+02
2.460000000000000000e+02 6.380000000000000000e+02
2.800000000000000000e+02 6.190000000000000000e+02
3.230000000000000000e+02 6.180000000000000000e+02
3.620000000000000000e+02 6.440000000000000000e+02
3.230000000000000000e+02 6.550000000000000000e+02
2.790000000000000000e+02 6.560000000000000000e+02
5.210000000000000000e+02 6.430000000000000000e+02
5.590000000000000000e+02 6.170000000000000000e+02
6.020000000000000000e+02 6.170000000000000000e+02
6.350000000000000000e+02 6.390000000000000000e+02
6.040000000000000000e+02 6.550000000000000000e+02
5.600000000000000000e+02 6.540000000000000000e+02
3.360000000000000000e+02 9.210000000000000000e+02
3.770000000000000000e+02 9.020000000000000000e+02
4.150000000000000000e+02 8.890000000000000000e+02
4.400000000000000000e+02 8.960000000000000000e+02
4.660000000000000000e+02 8.910000000000000000e+02
5.030000000000000000e+02 9.050000000000000000e+02
5.440000000000000000e+02 9.260000000000000000e+02
5.030000000000000000e+02 9.600000000000000000e+02
4.650000000000000000e+02 9.740000000000000000e+02
4.370000000000000000e+02 9.760000000000000000e+02
4.090000000000000000e+02 9.720000000000000000e+02
3.720000000000000000e+02 9.560000000000000000e+02
3.560000000000000000e+02 9.220000000000000000e+02
4.140000000000000000e+02 9.220000000000000000e+02
4.400000000000000000e+02 9.260000000000000000e+02
4.660000000000000000e+02 9.240000000000000000e+02
5.250000000000000000e+02 9.250000000000000000e+02
4.640000000000000000e+02 9.260000000000000000e+02
4.380000000000000000e+02 9.280000000000000000e+02
4.120000000000000000e+02 9.240000000000000000e+02
