1.360000000000000000e+02 6.250000000000000000e+02
1.470000000000000000e+02 7.030000000000000000e+02
1.670000000000000000e+02 7.780000000000000000e+02
1.850000000000000000e+02 8.520000000000000000e+02
2.040000000000000000e+02 9.280000000000000000e+02
2.460000000000000000e+02 9.970000000000000000e+02
3.010000000000000000e+02 1.054000000000000000e+03
3.650000000000000000e+02 1.101000000000000000e+03
4.410000000000000000e+02 1.114000000000000000e+03
5.160000000000000000e+02 1.100000000000000000e+03
5.800000000000000000e+02 1.054000000000000000e+03
6.360000000000000000e+02 9.990000000000000000e+02
6.790000000000000000e+02 9.320000000000000000e+02
6.970000000000000000e+02 8.590000000000000000e+02
7.110000000000000000e+02 7.830000000000000000e+02
7.260000000000000000e+02 7.090000000000000000e+02
7.360000000000000000e+02 6.310000000000000000e+02
1.760000000000000000e+02 5.890000000000000000e+02
2.180000000000000000e+02 5.480000000000000000e+02
2.790000000000000000e+02 5.320000000000000000e+02
3.430000000000000000e+02 5.350000000000000000e+02
4.020000000000000000e+02 5.530000000000000000e+02
4.840000000000000000e+02 5.490000000000000000e+02
5.450000000000000000e+02 5.310000000000000000e+02
6.070000000000000000e+02 5.330000000000000000e+02
6.650000000000000000e+02 5.530000000000000000e+02
7.010000000000000000e+02 5.980000000000000000e+02
4.450000000000000000e+02 6.150000000000000000e+02
4.470000000000000000e+02 6.740000000000000000e+02
4.480000000000000000e+02 7.330000000000000000e+02
4.500000000000000000e+02 7.930000000000000000e+02
3.920000000000000000e+02 8.240000000000000000e+02
4.190000000000000000e+02 8.370000000000000000e+02
4.470000000000000000e+02 8.470000000000000000e+02
4.740000000000000000e+02 8.370000000000000000e+02
4.980000000000000000e+02 8.260000000000000000e+02
2.450000000000000000e+02 6.220000000000000000e+02
2.810000000000000000e+02 5.980000000000000000e+02
3.250000000000000000e+02 5.990000000000000000e+02
3.630000000000000000e+02 6.300000000000000000e+02
3.240000000000000000e+02 6.390000000000000000e+02
2.800000000000000000e+02 6.400000000000000000e+02
5.180000000000000000e+02 6.320000000000000000e+02
5.530000000000000000e+02 6.010000000000000000e+02
5.960000000000000000e+02 6.020000000000000000e+02
6.300000000000000000e+02 6.270000000000000000e+02
5.990000000000000000e+02 6.450000000000000000e+02
5.560000000000000000e+02 6.430000000000000000e+02
3.390000000000000000e+02 9.320000000000000000e+02
3.770000000000000000e+02 9.080000000000000000e+02
4.160000000000000000e+02 8.950000000000000000e+02
4.440000000000000000e+02 9.050000000000000000e+02
4.740000000000000000e+02 8.970000000000000000e+02
5.070000000000000000e+02 9.120000000000000000e+02
5.360000000000000000e+02 9.330000000000000000e+02
5.070000000000000000e+02 9.620000000000000000e+02
4.730000000000000000e+02 9.780000000000000000e+02
4.410000000000000000e+02 9.820000000000000000e+02
4.100000000000000000e+02 9.780000000000000000e+02
3.730000000000000000e+02 9.620000000000000000e+02
3.580000000000000000e+02 9.330000000000000000e+02
4.150000000000000000e+02 9.240000000000000000e+02
4.430000000000000000e+02 9.270000000000000000e+02
4.740000000000000000e+02 9.240000000000000000e+02
5.160000000000000000e+02 9.330000000000000000e+02
4.720000000000000000e+02 9.280000000000000000e+02
4.410000000000000000e+02 9.320000000000000000e+02
4.120000000000000000e+02 9.280000000000000000e+02
