1.420000000000000000e+02 6.950000000000000000e+02
1.470000000000000000e+02 7.690000000000000000e+02
1.550000000000000000e+02 8.390000000000000000e+02
1.660000000000000000e+02 9.100000000000000000e+02
1.900000000000000000e+02 9.730000000000000000e+02
2.290000000000000000e+02 1.023000000000000000e+03
2.900000000000000000e+02 1.055000000000000000e+03
3.590000000000000000e+02 1.073000000000000000e+03
4.370000000000000000e+02 1.076000000000000000e+03
5.200000000000000000e+02 1.071000000000000000e+03
5.930000000000000000e+02 1.057000000000000000e+03
6.600000000000000000e+02 1.027000000000000000e+03
7.050000000000000000e+02 9.750000000000000000e+02
7.280000000000000000e+02 9.080000000000000000e+02
7.390000000000000000e+02 8.330000000000000000e+02
7.440000000000000000e+02 7.590000000000000000e+02
7.480000000000000000e+02 6.870000000000000000e+02
1.960000000000000000e+02 6.140000000000000000e+02
2.270000000000000000e+02 5.650000000000000000e+02
2.820000000000000000e+02 5.410000000000000000e+02
3.450000000000000000e+02 5.360000000000000000e+02
4.070000000000000000e+02 5.480000000000000000e+02
4.750000000000000000e+02 5.480000000000000000e+02
5.360000000000000000e+02 5.280000000000000000e+02
5.990000000000000000e+02 5.250000000000000000e+02
6.560000000000000000e+02 5.450000000000000000e+02
6.900000000000000000e+02 5.900000000000000000e+02
4.380000000000000000e+02 5.970000000000000000e+02
4.380000000000000000e+02 6.290000000000000000e+02
4.380000000000000000e+02 6.590000000000000000e+02
4.390000000000000000e+02 6.930000000000000000e+02
3.870000000000000000e+02 7.700000000000000000e+02
4.140000000000000000e+02 7.730000000000000000e+02
4.420000000000000000e+02 7.760000000000000000e+02
4.700000000000000000e+02 7.710000000000000000e+02
4.980000000000000000e+02 7.670000000000000000e+02
2.590000000000000000e+02 6.450000000000000000e+02
2.910000000000000000e+02 6.260000000000000000e+02
3.280000000000000000e+02 6.190000000000000000e+02
3.660000000000000000e+02 6.350000000000000000e+02
3.300000000000000000e+02 6.480000000000000000e+02
2.930000000000000000e+02 6.520000000000000000e+02
5.170000000000000000e+02 6.290000000000000000e+02
5.540000000000000000e+02 6.100000000000000000e+02
5.920000000000000000e+02 6.130000000000000000e+02
6.250000000000000000e+02 6.310000000000000000e+02
5.930000000000000000e+02 6.420000000000000000e+02
5.550000000000000000e+02 6.400000000000000000e+02
3.430000000000000000e+02 8.960000000000000000e+02
3.820000000000000000e+02 8.640000000000000000e+02
4.150000000000000000e+02 8.460000000000000000e+02
4.400000000000000000e+02 8.510000000000000000e+02
4.680000000000000000e+02 8.460000000000000000e+02
5.040000000000000000e+02 8.610000000000000000e+02
5.460000000000000000e+02 8.910000000000000000e+02
5.040000000000000000e+02 8.940000000000000000e+02
4.690000000000000000e+02 8.910000000000000000e+02
4.410000000000000000e+02 8.920000000000000000e+02
4.150000000000000000e+02 8.930000000000000000e+02
3.810000000000000000e+02 8.990000000000000000e+02
3.610000000000000000e+02 8.900000000000000000e+02
4.150000000000000000e+02 8.720000000000000000e+02
4.410000000000000000e+02 8.730000000000000000e+02
4.680000000000000000e+02 8.710000000000000000e+02
5.300000000000000000e+02 8.870000000000000000e+02
4.670000000000000000e+02 8.620000000000000000e+02
4.400000000000000000e+02 8.640000000000000000e+02
4.140000000000000000e+02 8.640000000000000000e+02
