1.440000000000000000e+02 6.330000000000000000e+02
1.500000000000000000e+02 7.110000000000000000e+02
1.620000000000000000e+02 7.870000000000000000e+02
1.740000000000000000e+02 8.640000000000000000e+02
1.950000000000000000e+02 9.350000000000000000e+02
2.370000000000000000e+02 9.950000000000000000e+02
2.990000000000000000e+02 1.038000000000000000e+03
3.670000000000000000e+02 1.074000000000000000e+03
4.410000000000000000e+02 1.087000000000000000e+03
5.150000000000000000e+02 1.075000000000000000e+03
5.840000000000000000e+02 1.040000000000000000e+03
6.510000000000000000e+02 9.990000000000000000e+02
6.930000000000000000e+02 9.370000000000000000e+02
7.140000000000000000e+02 8.640000000000000000e+02
7.250000000000000000e+02 7.870000000000000000e+02
7.360000000000000000e+02 7.120000000000000000e+02
7.390000000000000000e+02 6.390000000000000000e+02
1.870000000000000000e+02 5.710000000000000000e+02
2.220000000000000000e+02 5.310000000000000000e+02
2.770000000000000000e+02 5.150000000000000000e+02
3.340000000000000000e+02 5.220000000000000000e+02
3.840000000000000000e+02 5.470000000000000000e+02
4.900000000000000000e+02 5.490000000000000000e+02
5.420000000000000000e+02 5.280000000000000000e+02
5.970000000000000000e+02 5.230000000000000000e+02
6.530000000000000000e+02 5.350000000000000000e+02
6.910000000000000000e+02 5.730000000000000000e+02
4.430000000000000000e+02 6.180000000000000000e+02
4.430000000000000000e+02 6.720000000000000000e+02
4.440000000000000000e+02 7.230000000000000000e+02
4.440000000000000000e+02 7.760000000000000000e+02
3.810000000000000000e+02 8.170000000000000000e+02
4.110000000000000000e+02 8.280000000000000000e+02
4.430000000000000000e+02 8.370000000000000000e+02
4.750000000000000000e+02 8.300000000000000000e+02
5.050000000000000000e+02 8.200000000000000000e+02
2.500000000000000000e+02 6.290000000000000000e+02
2.880000000000000000e+02 6.100000000000000000e+02
3.270000000000000000e+02 6.130000000000000000e+02
3.640000000000000000e+02 6.440000000000000000e+02
3.250000000000000000e+02 6.480000000000000000e+02
2.840000000000000000e+02 6.460000000000000000e+02
5.200000000000000000e+02 6.460000000000000000e+02
5.560000000000000000e+02 6.180000000000000000e+02
5.950000000000000000e+02 6.160000000000000000e+02
6.310000000000000000e+02 6.360000000000000000e+02
5.990000000000000000e+02 6.510000000000000000e+02
5.580000000000000000e+02 6.520000000000000000e+02
3.260000000000000000e+02 9.170000000000000000e+02
3.760000000000000000e+02 9.120000000000000000e+02
4.150000000000000000e+02 9.040000000000000000e+02
4.410000000000000000e+02 9.120000000000000000e+02
4.670000000000000000e+02 9.060000000000000000e+02
5.080000000000000000e+02 9.170000000000000000e+02
5.590000000000000000e+02 9.240000000000000000e+02
5.100000000000000000e+02 9.520000000000000000e+02
4.670000000000000000e+02 9.640000000000000000e+02
4.400000000000000000e+02 9.650000000000000000e+02
4.130000000000000000e+02 9.620000000000000000e+02
3.730000000000000000e+02 9.470000000000000000e+02
3.460000000000000000e+02 9.200000000000000000e+02
4.140000000000000000e+02 9.260000000000000000e+02
4.400000000000000000e+02 9.310000000000000000e+02
4.660000000000000000e+02 9.280000000000000000e+02
5.390000000000000000e+02 9.270000000000000000e+02
4.670000000000000000e+02 9.340000000000000000e+02
4.400000000000000000e+02 9.370000000000000000e+02
4.140000000000000000e+02 9.320000000000000000e+02
