1.360000000000000000e+02 6.560000000000000000e+02
1.480000000000000000e+02 7.360000000000000000e+02
1.640000000000000000e+02 8.130000000000000000e+02
1.810000000000000000e+02 8.890000000000000000e+02
2.050000000000000000e+02 9.640000000000000000e+02
2.450000000000000000e+02 1.025000000000000000e+03
3.030000000000000000e+02 1.073000000000000000e+03
3.680000000000000000e+02 1.106000000000000000e+03
4.480000000000000000e+02 1.116000000000000000e+03
5.270000000000000000e+02 1.102000000000000000e+03
5.910000000000000000e+02 1.068000000000000000e+03
6.440000000000000000e+02 1.020000000000000000e+03
6.770000000000000000e+02 9.550000000000000000e+02
6.940000000000000000e+02 8.810000000000000000e+02
7.080000000000000000e+02 8.060000000000000000e+02
7.230000000000000000e+02 7.290000000000000000e+02
7.360000000000000000e+02 6.490000000000000000e+02
1.850000000000000000e+02 5.760000000000000000e+02
2.260000000000000000e+02 5.380000000000000000e+02
2.820000000000000000e+02 5.250000000000000000e+02
3.420000000000000000e+02 5.320000000000000000e+02
4.000000000000000000e+02 5.500000000000000000e+02
4.800000000000000000e+02 5.520000000000000000e+02
5.380000000000000000e+02 5.370000000000000000e+02
5.980000000000000000e+02 5.300000000000000000e+02
6.560000000000000000e+02 5.450000000000000000e+02
6.930000000000000000e+02 5.890000000000000000e+02
4.370000000000000000e+02 6.030000000000000000e+02
4.370000000000000000e+02 6.530000000000000000e+02
4.380000000000000000e+02 7.030000000000000000e+02
4.400000000000000000e+02 7.550000000000000000e+02
3.790000000000000000e+02 8.120000000000000000e+02
4.100000000000000000e+02 8.170000000000000000e+02
4.430000000000000000e+02 8.230000000000000000e+02
4.760000000000000000e+02 8.160000000000000000e+02
5.080000000000000000e+02 8.080000000000000000e+02
2.420000000000000000e+02 6.280000000000000000e+02
2.750000000000000000e+02 6.050000000000000000e+02
3.180000000000000000e+02 6.030000000000000000e+02
3.570000000000000000e+02 6.310000000000000000e+02
3.170000000000000000e+02 6.420000000000000000e+02
2.730000000000000000e+02 6.440000000000000000e+02
5.230000000000000000e+02 6.320000000000000000e+02
5.620000000000000000e+02 6.050000000000000000e+02
6.050000000000000000e+02 6.070000000000000000e+02
6.380000000000000000e+02 6.290000000000000000e+02
6.060000000000000000e+02 6.460000000000000000e+02
5.620000000000000000e+02 6.430000000000000000e+02
3.210000000000000000e+02 9.190000000000000000e+02
3.660000000000000000e+02 9.020000000000000000e+02
4.110000000000000000e+02 8.870000000000000000e+02
4.450000000000000000e+02 8.960000000000000000e+02
4.760000000000000000e+02 8.860000000000000000e+02
5.210000000000000000e+02 8.970000000000000000e+02
5.630000000000000000e+02 9.110000000000000000e+02
5.220000000000000000e+02 9.410000000000000000e+02
4.800000000000000000e+02 9.570000000000000000e+02
4.470000000000000000e+02 9.610000000000000000e+02
4.110000000000000000e+02 9.580000000000000000e+02
3.670000000000000000e+02 9.450000000000000000e+02
3.410000000000000000e+02 9.200000000000000000e+02
4.100000000000000000e+02 9.180000000000000000e+02
4.450000000000000000e+02 9.210000000000000000e+02
4.760000000000000000e+02 9.170000000000000000e+02
5.450000000000000000e+02 9.130000000000000000e+02
4.780000000000000000e+02 9.200000000000000000e+02
4.460000000000000000e+02 9.250000000000000000e+02
4.120000000000000000e+02 9.210000000000000000e+02
