1.500000000000000000e+02 6.270000000000000000e+02
1.600000000000000000e+02 7.110000000000000000e+02
1.770000000000000000e+02 7.900000000000000000e+02
1.890000000000000000e+02 8.690000000000000000e+02
2.110000000000000000e+02 9.430000000000000000e+02
2.530000000000000000e+02 1.006000000000000000e+03
3.090000000000000000e+02 1.053000000000000000e+03
3.720000000000000000e+02 1.092000000000000000e+03
4.450000000000000000e+02 1.106000000000000000e+03
5.200000000000000000e+02 1.096000000000000000e+03
5.890000000000000000e+02 1.062000000000000000e+03
6.500000000000000000e+02 1.010000000000000000e+03
6.870000000000000000e+02 9.420000000000000000e+02
7.020000000000000000e+02 8.640000000000000000e+02
7.140000000000000000e+02 7.850000000000000000e+02
7.300000000000000000e+02 7.090000000000000000e+02
7.410000000000000000e+02 6.280000000000000000e+02
1.850000000000000000e+02 5.700000000000000000e+02
2.220000000000000000e+02 5.340000000000000000e+02
2.760000000000000000e+02 5.220000000000000000e+02
3.320000000000000000e+02 5.300000000000000000e+02
3.860000000000000000e+02 5.510000000000000000e+02
4.890000000000000000e+02 5.590000000000000000e+02
5.480000000000000000e+02 5.440000000000000000e+02
6.050000000000000000e+02 5.350000000000000000e+02
6.620000000000000000e+02 5.460000000000000000e+02
7.000000000000000000e+02 5.870000000000000000e+02
4.360000000000000000e+02 6.130000000000000000e+02
4.350000000000000000e+02 6.660000000000000000e+02
4.330000000000000000e+02 7.200000000000000000e+02
4.320000000000000000e+02 7.750000000000000000e+02
3.850000000000000000e+02 8.150000000000000000e+02
4.090000000000000000e+02 8.230000000000000000e+02
4.360000000000000000e+02 8.280000000000000000e+02
4.630000000000000000e+02 8.230000000000000000e+02
4.900000000000000000e+02 8.150000000000000000e+02
2.500000000000000000e+02 6.230000000000000000e+02
2.840000000000000000e+02 6.040000000000000000e+02
3.260000000000000000e+02 6.030000000000000000e+02
3.610000000000000000e+02 6.310000000000000000e+02
3.220000000000000000e+02 6.410000000000000000e+02
2.800000000000000000e+02 6.420000000000000000e+02
5.180000000000000000e+02 6.350000000000000000e+02
5.540000000000000000e+02 6.080000000000000000e+02
5.970000000000000000e+02 6.100000000000000000e+02
6.320000000000000000e+02 6.300000000000000000e+02
5.990000000000000000e+02 6.480000000000000000e+02
5.560000000000000000e+02 6.460000000000000000e+02
3.360000000000000000e+02 9.240000000000000000e+02
3.780000000000000000e+02 9.180000000000000000e+02
4.130000000000000000e+02 9.080000000000000000e+02
4.380000000000000000e+02 9.170000000000000000e+02
4.610000000000000000e+02 9.090000000000000000e+02
4.970000000000000000e+02 9.190000000000000000e+02
5.380000000000000000e+02 9.270000000000000000e+02
4.970000000000000000e+02 9.520000000000000000e+02
4.620000000000000000e+02 9.630000000000000000e+02
4.380000000000000000e+02 9.660000000000000000e+02
4.110000000000000000e+02 9.620000000000000000e+02
3.770000000000000000e+02 9.500000000000000000e+02
3.510000000000000000e+02 9.270000000000000000e+02
4.130000000000000000e+02 9.290000000000000000e+02
4.380000000000000000e+02 9.350000000000000000e+02
4.610000000000000000e+02 9.310000000000000000e+02
5.220000000000000000e+02 9.280000000000000000e+02
4.610000000000000000e+02 9.300000000000000000e+02
4.380000000000000000e+02 9.340000000000000000e+02
4.130000000000000000e+02 9.300000000000000000e+02
