1.530000000000000000e+02 6.230000000000000000e+02
1.600000000000000000e+02 7.100000000000000000e+02
1.740000000000000000e+02 7.950000000000000000e+02
1.910000000000000000e+02 8.770000000000000000e+02
2.190000000000000000e+02 9.540000000000000000e+02
2.650000000000000000e+02 1.020000000000000000e+03
3.150000000000000000e+02 1.077000000000000000e+03
3.740000000000000000e+02 1.122000000000000000e+03
4.440000000000000000e+02 1.131000000000000000e+03
5.130000000000000000e+02 1.114000000000000000e+03
5.720000000000000000e+02 1.065000000000000000e+03
6.240000000000000000e+02 1.007000000000000000e+03
6.680000000000000000e+02 9.400000000000000000e+02
6.950000000000000000e+02 8.640000000000000000e+02
7.080000000000000000e+02 7.830000000000000000e+02
7.190000000000000000e+02 7.000000000000000000e+02
7.230000000000000000e+02 6.160000000000000000e+02
1.900000000000000000e+02 5.770000000000000000e+02
2.190000000000000000e+02 5.300000000000000000e+02
2.760000000000000000e+02 5.160000000000000000e+02
3.320000000000000000e+02 5.240000000000000000e+02
3.890000000000000000e+02 5.430000000000000000e+02
4.850000000000000000e+02 5.430000000000000000e+02
5.420000000000000000e+02 5.210000000000000000e+02
6.000000000000000000e+02 5.140000000000000000e+02
6.580000000000000000e+02 5.290000000000000000e+02
6.890000000000000000e+02 5.740000000000000000e+02
4.380000000000000000e+02 6.120000000000000000e+02
4.390000000000000000e+02 6.700000000000000000e+02
4.390000000000000000e+02 7.280000000000000000e+02
4.400000000000000000e+02 7.880000000000000000e+02
3.840000000000000000e+02 8.190000000000000000e+02
4.100000000000000000e+02 8.290000000000000000e+02
4.400000000000000000e+02 8.370000000000000000e+02
4.690000000000000000e+02 8.270000000000000000e+02
4.960000000000000000e+02 8.150000000000000000e+02
2.610000000000000000e+02 6.220000000000000000e+02
2.910000000000000000e+02 6.060000000000000000e+02
3.310000000000000000e+02 6.050000000000000000e+02
3.660000000000000000e+02 6.270000000000000000e+02
3.290000000000000000e+02 6.390000000000000000e+02
2.890000000000000000e+02 6.400000000000000000e+02
5.160000000000000000e+02 6.260000000000000000e+02
5.490000000000000000e+02 6.050000000000000000e+02
5.890000000000000000e+02 6.050000000000000000e+02
6.190000000000000000e+02 6.210000000000000000e+02
5.910000000000000000e+02 6.380000000000000000e+02
5.510000000000000000e+02 6.360000000000000000e+02
3.470000000000000000e+02 9.270000000000000000e+02
3.810000000000000000e+02 9.100000000000000000e+02
4.160000000000000000e+02 8.970000000000000000e+02
4.430000000000000000e+02 9.050000000000000000e+02
4.670000000000000000e+02 8.950000000000000000e+02
5.030000000000000000e+02 9.060000000000000000e+02
5.420000000000000000e+02 9.200000000000000000e+02
5.060000000000000000e+02 9.460000000000000000e+02
4.720000000000000000e+02 9.620000000000000000e+02
4.450000000000000000e+02 9.660000000000000000e+02
4.160000000000000000e+02 9.640000000000000000e+02
3.830000000000000000e+02 9.520000000000000000e+02
3.650000000000000000e+02 9.280000000000000000e+02
4.150000000000000000e+02 9.230000000000000000e+02
4.430000000000000000e+02 9.240000000000000000e+02
4.690000000000000000e+02 9.210000000000000000e+02
5.240000000000000000e+02 9.220000000000000000e+02
4.700000000000000000e+02 9.230000000000000000e+02
4.440000000000000000e+02 9.270000000000000000e+02
4.170000000000000000e+02 9.240000000000000000e+02
