1.310000000000000000e+02 6.450000000000000000e+02
1.430000000000000000e+02 7.260000000000000000e+02
1.580000000000000000e+02 8.080000000000000000e+02
1.740000000000000000e+02 8.890000000000000000e+02
1.980000000000000000e+02 9.670000000000000000e+02
2.440000000000000000e+02 1.033000000000000000e+03
2.990000000000000000e+02 1.088000000000000000e+03
3.640000000000000000e+02 1.132000000000000000e+03
4.380000000000000000e+02 1.144000000000000000e+03
5.160000000000000000e+02 1.129000000000000000e+03
5.840000000000000000e+02 1.086000000000000000e+03
6.440000000000000000e+02 1.033000000000000000e+03
6.890000000000000000e+02 9.660000000000000000e+02
7.130000000000000000e+02 8.860000000000000000e+02
7.250000000000000000e+02 8.030000000000000000e+02
7.370000000000000000e+02 7.180000000000000000e+02
7.450000000000000000e+02 6.330000000000000000e+02
1.790000000000000000e+02 5.890000000000000000e+02
2.180000000000000000e+02 5.460000000000000000e+02
2.760000000000000000e+02 5.340000000000000000e+02
3.380000000000000000e+02 5.440000000000000000e+02
3.970000000000000000e+02 5.640000000000000000e+02
4.880000000000000000e+02 5.600000000000000000e+02
5.420000000000000000e+02 5.370000000000000000e+02
6.010000000000000000e+02 5.270000000000000000e+02
6.580000000000000000e+02 5.400000000000000000e+02
6.940000000000000000e+02 5.850000000000000000e+02
4.440000000000000000e+02 6.050000000000000000e+02
4.450000000000000000e+02 6.510000000000000000e+02
4.460000000000000000e+02 6.970000000000000000e+02
4.470000000000000000e+02 7.450000000000000000e+02
3.900000000000000000e+02 8.010000000000000000e+02
4.160000000000000000e+02 8.080000000000000000e+02
4.460000000000000000e+02 8.130000000000000000e+02
4.730000000000000000e+02 8.080000000000000000e+02
4.990000000000000000e+02 7.990000000000000000e+02
2.550000000000000000e+02 6.260000000000000000e+02
2.870000000000000000e+02 6.060000000000000000e+02
3.260000000000000000e+02 6.030000000000000000e+02
3.610000000000000000e+02 6.250000000000000000e+02
3.250000000000000000e+02 6.360000000000000000e+02
2.860000000000000000e+02 6.390000000000000000e+02
5.220000000000000000e+02 6.260000000000000000e+02
5.580000000000000000e+02 6.030000000000000000e+02
5.970000000000000000e+02 6.050000000000000000e+02
6.280000000000000000e+02 6.250000000000000000e+02
5.980000000000000000e+02 6.370000000000000000e+02
5.590000000000000000e+02 6.350000000000000000e+02
3.500000000000000000e+02 9.260000000000000000e+02
3.820000000000000000e+02 8.970000000000000000e+02
4.150000000000000000e+02 8.780000000000000000e+02
4.420000000000000000e+02 8.870000000000000000e+02
4.700000000000000000e+02 8.780000000000000000e+02
5.030000000000000000e+02 8.970000000000000000e+02
5.340000000000000000e+02 9.270000000000000000e+02
5.020000000000000000e+02 9.480000000000000000e+02
4.690000000000000000e+02 9.620000000000000000e+02
4.400000000000000000e+02 9.650000000000000000e+02
4.110000000000000000e+02 9.620000000000000000e+02
3.800000000000000000e+02 9.500000000000000000e+02
3.670000000000000000e+02 9.240000000000000000e+02
4.150000000000000000e+02 9.120000000000000000e+02
4.420000000000000000e+02 9.130000000000000000e+02
4.690000000000000000e+02 9.110000000000000000e+02
5.160000000000000000e+02 9.260000000000000000e+02
4.690000000000000000e+02 9.150000000000000000e+02
4.410000000000000000e+02 9.180000000000000000e+02
4.140000000000000000e+02 9.160000000000000000e+02
