1.470000000000000000e+02 5.970000000000000000e+02
1.550000000000000000e+02 6.860000000000000000e+02
1.690000000000000000e+02 7.700000000000000000e+02
1.830000000000000000e+02 8.520000000000000000e+02
2.050000000000000000e+02 9.330000000000000000e+02
2.440000000000000000e+02 1.006000000000000000e+03
2.990000000000000000e+02 1.065000000000000000e+03
3.650000000000000000e+02 1.108000000000000000e+03
4.420000000000000000e+02 1.121000000000000000e+03
5.180000000000000000e+02 1.108000000000000000e+03
5.800000000000000000e+02 1.062000000000000000e+03
6.320000000000000000e+02 1.002000000000000000e+03
6.690000000000000000e+02 9.290000000000000000e+02
6.880000000000000000e+02 8.480000000000000000e+02
6.990000000000000000e+02 7.640000000000000000e+02
7.140000000000000000e+02 6.800000000000000000e+02
7.210000000000000000e+02 5.930000000000000000e+02
1.880000000000000000e+02 5.710000000000000000e+02
2.280000000000000000e+02 5.400000000000000000e+02
2.840000000000000000e+02 5.360000000000000000e+02
3.370000000000000000e+02 5.480000000000000000e+02
3.890000000000000000e+02 5.670000000000000000e+02
4.920000000000000000e+02 5.660000000000000000e+02
5.420000000000000000e+02 5.460000000000000000e+02
5.930000000000000000e+02 5.360000000000000000e+02
6.460000000000000000e+02 5.370000000000000000e+02
6.840000000000000000e+02 5.650000000000000000e+02
4.410000000000000000e+02 6.180000000000000000e+02
4.430000000000000000e+02 6.720000000000000000e+02
4.450000000000000000e+02 7.270000000000000000e+02
4.470000000000000000e+02 7.840000000000000000e+02
3.880000000000000000e+02 8.240000000000000000e+02
4.150000000000000000e+02 8.330000000000000000e+02
4.440000000000000000e+02 8.400000000000000000e+02
4.720000000000000000e+02 8.310000000000000000e+02
4.970000000000000000e+02 8.200000000000000000e+02
2.550000000000000000e+02 6.180000000000000000e+02
2.910000000000000000e+02 6.000000000000000000e+02
3.330000000000000000e+02 6.020000000000000000e+02
3.690000000000000000e+02 6.340000000000000000e+02
3.290000000000000000e+02 6.420000000000000000e+02
2.860000000000000000e+02 6.400000000000000000e+02
5.090000000000000000e+02 6.330000000000000000e+02
5.470000000000000000e+02 6.000000000000000000e+02
5.890000000000000000e+02 5.990000000000000000e+02
6.220000000000000000e+02 6.170000000000000000e+02
5.930000000000000000e+02 6.390000000000000000e+02
5.500000000000000000e+02 6.400000000000000000e+02
3.360000000000000000e+02 9.320000000000000000e+02
3.780000000000000000e+02 9.170000000000000000e+02
4.190000000000000000e+02 9.060000000000000000e+02
4.440000000000000000e+02 9.140000000000000000e+02
4.700000000000000000e+02 9.040000000000000000e+02
5.090000000000000000e+02 9.130000000000000000e+02
5.450000000000000000e+02 9.260000000000000000e+02
5.110000000000000000e+02 9.590000000000000000e+02
4.730000000000000000e+02 9.760000000000000000e+02
4.440000000000000000e+02 9.810000000000000000e+02
4.160000000000000000e+02 9.790000000000000000e+02
3.770000000000000000e+02 9.640000000000000000e+02
3.560000000000000000e+02 9.340000000000000000e+02
4.170000000000000000e+02 9.340000000000000000e+02
4.440000000000000000e+02 9.370000000000000000e+02
4.700000000000000000e+02 9.320000000000000000e+02
5.270000000000000000e+02 9.280000000000000000e+02
4.710000000000000000e+02 9.320000000000000000e+02
4.440000000000000000e+02 9.370000000000000000e+02
4.180000000000000000e+02 9.340000000000000000e+02
