1.300000000000000000e+02 6.450000000000000000e+02
1.410000000000000000e+02 7.250000000000000000e+02
1.540000000000000000e+02 8.030000000000000000e+02
1.680000000000000000e+02 8.840000000000000000e+02
1.880000000000000000e+02 9.610000000000000000e+02
2.310000000000000000e+02 1.026000000000000000e+03
2.960000000000000000e+02 1.074000000000000000e+03
3.640000000000000000e+02 1.112000000000000000e+03
4.420000000000000000e+02 1.123000000000000000e+03
5.200000000000000000e+02 1.112000000000000000e+03
5.880000000000000000e+02 1.071000000000000000e+03
6.530000000000000000e+02 1.025000000000000000e+03
6.940000000000000000e+02 9.630000000000000000e+02
7.100000000000000000e+02 8.850000000000000000e+02
7.170000000000000000e+02 8.050000000000000000e+02
7.270000000000000000e+02 7.270000000000000000e+02
7.340000000000000000e+02 6.490000000000000000e+02
1.790000000000000000e+02 5.880000000000000000e+02
2.170000000000000000e+02 5.440000000000000000e+02
2.760000000000000000e+02 5.260000000000000000e+02
3.370000000000000000e+02 5.280000000000000000e+02
3.990000000000000000e+02 5.430000000000000000e+02
4.760000000000000000e+02 5.460000000000000000e+02
5.390000000000000000e+02 5.290000000000000000e+02
6.020000000000000000e+02 5.250000000000000000e+02
6.620000000000000000e+02 5.430000000000000000e+02
6.980000000000000000e+02 5.900000000000000000e+02
4.390000000000000000e+02 6.010000000000000000e+02
4.390000000000000000e+02 6.540000000000000000e+02
4.390000000000000000e+02 7.060000000000000000e+02
4.390000000000000000e+02 7.610000000000000000e+02
3.920000000000000000e+02 8.020000000000000000e+02
4.160000000000000000e+02 8.110000000000000000e+02
4.420000000000000000e+02 8.170000000000000000e+02
4.680000000000000000e+02 8.090000000000000000e+02
4.930000000000000000e+02 7.990000000000000000e+02
2.510000000000000000e+02 6.220000000000000000e+02
2.850000000000000000e+02 6.020000000000000000e+02
3.280000000000000000e+02 6.010000000000000000e+02
3.680000000000000000e+02 6.260000000000000000e+02
3.260000000000000000e+02 6.410000000000000000e+02
2.830000000000000000e+02 6.440000000000000000e+02
5.180000000000000000e+02 6.280000000000000000e+02
5.570000000000000000e+02 6.040000000000000000e+02
6.000000000000000000e+02 6.050000000000000000e+02
6.330000000000000000e+02 6.260000000000000000e+02
6.020000000000000000e+02 6.460000000000000000e+02
5.580000000000000000e+02 6.440000000000000000e+02
3.340000000000000000e+02 9.200000000000000000e+02
3.780000000000000000e+02 9.040000000000000000e+02
4.160000000000000000e+02 8.900000000000000000e+02
4.450000000000000000e+02 8.980000000000000000e+02
4.750000000000000000e+02 8.890000000000000000e+02
5.100000000000000000e+02 9.010000000000000000e+02
5.460000000000000000e+02 9.200000000000000000e+02
5.100000000000000000e+02 9.340000000000000000e+02
4.770000000000000000e+02 9.430000000000000000e+02
4.450000000000000000e+02 9.470000000000000000e+02
4.150000000000000000e+02 9.450000000000000000e+02
3.790000000000000000e+02 9.380000000000000000e+02
3.510000000000000000e+02 9.210000000000000000e+02
4.160000000000000000e+02 9.110000000000000000e+02
4.460000000000000000e+02 9.140000000000000000e+02
4.760000000000000000e+02 9.090000000000000000e+02
5.290000000000000000e+02 9.190000000000000000e+02
4.750000000000000000e+02 9.090000000000000000e+02
4.450000000000000000e+02 9.130000000000000000e+02
4.150000000000000000e+02 9.110000000000000000e+02
