1.470000000000000000e+02 6.720000000000000000e+02
1.490000000000000000e+02 7.450000000000000000e+02
1.530000000000000000e+02 8.200000000000000000e+02
1.650000000000000000e+02 8.930000000000000000e+02
1.850000000000000000e+02 9.650000000000000000e+02
2.230000000000000000e+02 1.028000000000000000e+03
2.810000000000000000e+02 1.078000000000000000e+03
3.520000000000000000e+02 1.114000000000000000e+03
4.360000000000000000e+02 1.127000000000000000e+03
5.240000000000000000e+02 1.119000000000000000e+03
6.010000000000000000e+02 1.085000000000000000e+03
6.730000000000000000e+02 1.040000000000000000e+03
7.230000000000000000e+02 9.770000000000000000e+02
7.470000000000000000e+02 9.000000000000000000e+02
7.570000000000000000e+02 8.180000000000000000e+02
7.610000000000000000e+02 7.340000000000000000e+02
7.600000000000000000e+02 6.530000000000000000e+02
2.020000000000000000e+02 5.780000000000000000e+02
2.340000000000000000e+02 5.420000000000000000e+02
2.830000000000000000e+02 5.300000000000000000e+02
3.350000000000000000e+02 5.320000000000000000e+02
3.860000000000000000e+02 5.470000000000000000e+02
4.910000000000000000e+02 5.500000000000000000e+02
5.400000000000000000e+02 5.320000000000000000e+02
5.950000000000000000e+02 5.260000000000000000e+02
6.460000000000000000e+02 5.400000000000000000e+02
6.800000000000000000e+02 5.760000000000000000e+02
4.350000000000000000e+02 6.100000000000000000e+02
4.360000000000000000e+02 6.560000000000000000e+02
4.370000000000000000e+02 7.000000000000000000e+02
4.380000000000000000e+02 7.470000000000000000e+02
3.770000000000000000e+02 8.030000000000000000e+02
4.060000000000000000e+02 8.100000000000000000e+02
4.370000000000000000e+02 8.170000000000000000e+02
4.710000000000000000e+02 8.110000000000000000e+02
5.020000000000000000e+02 8.020000000000000000e+02
2.620000000000000000e+02 6.330000000000000000e+02
2.920000000000000000e+02 6.120000000000000000e+02
3.310000000000000000e+02 6.100000000000000000e+02
3.660000000000000000e+02 6.340000000000000000e+02
3.280000000000000000e+02 6.460000000000000000e+02
2.900000000000000000e+02 6.480000000000000000e+02
5.130000000000000000e+02 6.300000000000000000e+02
5.470000000000000000e+02 6.050000000000000000e+02
5.870000000000000000e+02 6.050000000000000000e+02
6.210000000000000000e+02 6.250000000000000000e+02
5.890000000000000000e+02 6.400000000000000000e+02
5.490000000000000000e+02 6.410000000000000000e+02
3.290000000000000000e+02 9.190000000000000000e+02
3.690000000000000000e+02 8.970000000000000000e+02
4.080000000000000000e+02 8.830000000000000000e+02
4.380000000000000000e+02 8.910000000000000000e+02
4.680000000000000000e+02 8.840000000000000000e+02
5.050000000000000000e+02 8.970000000000000000e+02
5.550000000000000000e+02 9.180000000000000000e+02
5.060000000000000000e+02 9.310000000000000000e+02
4.690000000000000000e+02 9.330000000000000000e+02
4.390000000000000000e+02 9.340000000000000000e+02
4.070000000000000000e+02 9.320000000000000000e+02
3.680000000000000000e+02 9.290000000000000000e+02
3.450000000000000000e+02 9.170000000000000000e+02
4.060000000000000000e+02 9.060000000000000000e+02
4.370000000000000000e+02 9.090000000000000000e+02
4.670000000000000000e+02 9.080000000000000000e+02
5.390000000000000000e+02 9.160000000000000000e+02
4.680000000000000000e+02 9.080000000000000000e+02
4.380000000000000000e+02 9.080000000000000000e+02
4.070000000000000000e+02 9.080000000000000000e+02
