1.410000000000000000e+02 6.280000000000000000e+02
1.490000000000000000e+02 7.090000000000000000e+02
1.620000000000000000e+02 7.900000000000000000e+02
1.780000000000000000e+02 8.700000000000000000e+02
2.050000000000000000e+02 9.460000000000000000e+02
2.450000000000000000e+02 1.013000000000000000e+03
2.990000000000000000e+02 1.067000000000000000e+03
3.640000000000000000e+02 1.106000000000000000e+03
4.390000000000000000e+02 1.116000000000000000e+03
5.120000000000000000e+02 1.105000000000000000e+03
5.740000000000000000e+02 1.065000000000000000e+03
6.240000000000000000e+02 1.009000000000000000e+03
6.570000000000000000e+02 9.420000000000000000e+02
6.760000000000000000e+02 8.670000000000000000e+02
6.900000000000000000e+02 7.910000000000000000e+02
7.020000000000000000e+02 7.140000000000000000e+02
7.070000000000000000e+02 6.320000000000000000e+02
1.870000000000000000e+02 5.690000000000000000e+02
2.280000000000000000e+02 5.330000000000000000e+02
2.850000000000000000e+02 5.200000000000000000e+02
3.440000000000000000e+02 5.260000000000000000e+02
3.990000000000000000e+02 5.480000000000000000e+02
4.900000000000000000e+02 5.440000000000000000e+02
5.440000000000000000e+02 5.210000000000000000e+02
6.010000000000000000e+02 5.170000000000000000e+02
6.550000000000000000e+02 5.290000000000000000e+02
6.880000000000000000e+02 5.670000000000000000e+02
4.450000000000000000e+02 6.080000000000000000e+02
4.460000000000000000e+02 6.660000000000000000e+02
4.460000000000000000e+02 7.230000000000000000e+02
4.470000000000000000e+02 7.810000000000000000e+02
3.850000000000000000e+02 8.180000000000000000e+02
4.140000000000000000e+02 8.290000000000000000e+02
4.450000000000000000e+02 8.370000000000000000e+02
4.750000000000000000e+02 8.290000000000000000e+02
5.010000000000000000e+02 8.180000000000000000e+02
2.450000000000000000e+02 6.240000000000000000e+02
2.790000000000000000e+02 6.030000000000000000e+02
3.240000000000000000e+02 6.040000000000000000e+02
3.670000000000000000e+02 6.350000000000000000e+02
3.230000000000000000e+02 6.480000000000000000e+02
2.760000000000000000e+02 6.490000000000000000e+02
5.130000000000000000e+02 6.350000000000000000e+02
5.550000000000000000e+02 6.030000000000000000e+02
6.000000000000000000e+02 6.000000000000000000e+02
6.350000000000000000e+02 6.220000000000000000e+02
6.040000000000000000e+02 6.450000000000000000e+02
5.580000000000000000e+02 6.460000000000000000e+02
3.350000000000000000e+02 9.280000000000000000e+02
3.810000000000000000e+02 9.140000000000000000e+02
4.190000000000000000e+02 9.060000000000000000e+02
4.450000000000000000e+02 9.130000000000000000e+02
4.730000000000000000e+02 9.070000000000000000e+02
5.080000000000000000e+02 9.170000000000000000e+02
5.490000000000000000e+02 9.300000000000000000e+02
5.070000000000000000e+02 9.440000000000000000e+02
4.710000000000000000e+02 9.490000000000000000e+02
4.430000000000000000e+02 9.520000000000000000e+02
4.140000000000000000e+02 9.500000000000000000e+02
3.780000000000000000e+02 9.440000000000000000e+02
3.510000000000000000e+02 9.260000000000000000e+02
4.180000000000000000e+02 9.250000000000000000e+02
4.450000000000000000e+02 9.300000000000000000e+02
4.720000000000000000e+02 9.270000000000000000e+02
5.330000000000000000e+02 9.290000000000000000e+02
4.710000000000000000e+02 9.190000000000000000e+02
4.440000000000000000e+02 9.220000000000000000e+02
4.170000000000000000e+02 9.190000000000000000e+02
