1.560000000000000000e+02 6.340000000000000000e+02
1.600000000000000000e+02 7.100000000000000000e+02
1.730000000000000000e+02 7.880000000000000000e+02
1.880000000000000000e+02 8.650000000000000000e+02
2.120000000000000000e+02 9.400000000000000000e+02
2.470000000000000000e+02 1.009000000000000000e+03
2.990000000000000000e+02 1.066000000000000000e+03
3.650000000000000000e+02 1.105000000000000000e+03
4.370000000000000000e+02 1.115000000000000000e+03
5.090000000000000000e+02 1.105000000000000000e+03
5.760000000000000000e+02 1.070000000000000000e+03
6.300000000000000000e+02 1.015000000000000000e+03
6.680000000000000000e+02 9.490000000000000000e+02
6.940000000000000000e+02 8.750000000000000000e+02
7.090000000000000000e+02 7.960000000000000000e+02
7.220000000000000000e+02 7.140000000000000000e+02
7.260000000000000000e+02 6.310000000000000000e+02
2.130000000000000000e+02 5.600000000000000000e+02
2.490000000000000000e+02 5.280000000000000000e+02
2.960000000000000000e+02 5.140000000000000000e+02
3.470000000000000000e+02 5.170000000000000000e+02
3.970000000000000000e+02 5.350000000000000000e+02
4.780000000000000000e+02 5.320000000000000000e+02
5.310000000000000000e+02 5.170000000000000000e+02
5.890000000000000000e+02 5.100000000000000000e+02
6.440000000000000000e+02 5.260000000000000000e+02
6.790000000000000000e+02 5.710000000000000000e+02
4.360000000000000000e+02 6.130000000000000000e+02
4.370000000000000000e+02 6.670000000000000000e+02
4.380000000000000000e+02 7.190000000000000000e+02
4.390000000000000000e+02 7.730000000000000000e+02
3.890000000000000000e+02 8.220000000000000000e+02
4.130000000000000000e+02 8.260000000000000000e+02
4.380000000000000000e+02 8.300000000000000000e+02
4.650000000000000000e+02 8.260000000000000000e+02
4.920000000000000000e+02 8.210000000000000000e+02
2.600000000000000000e+02 6.360000000000000000e+02
2.890000000000000000e+02 6.160000000000000000e+02
3.250000000000000000e+02 6.160000000000000000e+02
3.600000000000000000e+02 6.410000000000000000e+02
3.240000000000000000e+02 6.460000000000000000e+02
2.880000000000000000e+02 6.460000000000000000e+02
5.180000000000000000e+02 6.360000000000000000e+02
5.490000000000000000e+02 6.110000000000000000e+02
5.870000000000000000e+02 6.100000000000000000e+02
6.210000000000000000e+02 6.300000000000000000e+02
5.910000000000000000e+02 6.420000000000000000e+02
5.510000000000000000e+02 6.430000000000000000e+02
3.320000000000000000e+02 9.270000000000000000e+02
3.700000000000000000e+02 9.080000000000000000e+02
4.110000000000000000e+02 8.950000000000000000e+02
4.380000000000000000e+02 9.030000000000000000e+02
4.640000000000000000e+02 8.950000000000000000e+02
5.040000000000000000e+02 9.090000000000000000e+02
5.470000000000000000e+02 9.300000000000000000e+02
5.050000000000000000e+02 9.610000000000000000e+02
4.660000000000000000e+02 9.740000000000000000e+02
4.370000000000000000e+02 9.760000000000000000e+02
4.080000000000000000e+02 9.730000000000000000e+02
3.690000000000000000e+02 9.560000000000000000e+02
3.460000000000000000e+02 9.260000000000000000e+02
4.100000000000000000e+02 9.280000000000000000e+02
4.380000000000000000e+02 9.320000000000000000e+02
4.650000000000000000e+02 9.290000000000000000e+02
5.300000000000000000e+02 9.310000000000000000e+02
4.640000000000000000e+02 9.300000000000000000e+02
4.380000000000000000e+02 9.320000000000000000e+02
4.100000000000000000e+02 9.280000000000000000e+02
