1.600000000000000000e+02 6.090000000000000000e+02
1.660000000000000000e+02 6.890000000000000000e+02
1.820000000000000000e+02 7.640000000000000000e+02
1.980000000000000000e+02 8.400000000000000000e+02
2.230000000000000000e+02 9.120000000000000000e+02
2.660000000000000000e+02 9.760000000000000000e+02
3.190000000000000000e+02 1.030000000000000000e+03
3.800000000000000000e+02 1.074000000000000000e+03
4.430000000000000000e+02 1.086000000000000000e+03
5.080000000000000000e+02 1.074000000000000000e+03
5.680000000000000000e+02 1.029000000000000000e+03
6.200000000000000000e+02 9.760000000000000000e+02
6.630000000000000000e+02 9.140000000000000000e+02
6.880000000000000000e+02 8.440000000000000000e+02
7.060000000000000000e+02 7.710000000000000000e+02
7.220000000000000000e+02 6.970000000000000000e+02
7.260000000000000000e+02 6.190000000000000000e+02
1.840000000000000000e+02 5.670000000000000000e+02
2.230000000000000000e+02 5.330000000000000000e+02
2.790000000000000000e+02 5.230000000000000000e+02
3.350000000000000000e+02 5.340000000000000000e+02
3.870000000000000000e+02 5.610000000000000000e+02
5.020000000000000000e+02 5.580000000000000000e+02
5.490000000000000000e+02 5.280000000000000000e+02
6.020000000000000000e+02 5.150000000000000000e+02
6.570000000000000000e+02 5.230000000000000000e+02
6.950000000000000000e+02 5.590000000000000000e+02
4.390000000000000000e+02 6.270000000000000000e+02
4.400000000000000000e+02 6.910000000000000000e+02
4.400000000000000000e+02 7.550000000000000000e+02
4.420000000000000000e+02 8.190000000000000000e+02
3.850000000000000000e+02 8.360000000000000000e+02
4.130000000000000000e+02 8.510000000000000000e+02
4.430000000000000000e+02 8.620000000000000000e+02
4.740000000000000000e+02 8.490000000000000000e+02
5.030000000000000000e+02 8.350000000000000000e+02
2.420000000000000000e+02 6.300000000000000000e+02
2.750000000000000000e+02 6.010000000000000000e+02
3.220000000000000000e+02 6.010000000000000000e+02
3.600000000000000000e+02 6.400000000000000000e+02
3.180000000000000000e+02 6.490000000000000000e+02
2.710000000000000000e+02 6.500000000000000000e+02
5.220000000000000000e+02 6.380000000000000000e+02
5.600000000000000000e+02 5.990000000000000000e+02
6.080000000000000000e+02 5.950000000000000000e+02
6.420000000000000000e+02 6.240000000000000000e+02
6.120000000000000000e+02 6.460000000000000000e+02
5.650000000000000000e+02 6.460000000000000000e+02
3.280000000000000000e+02 9.170000000000000000e+02
3.800000000000000000e+02 9.250000000000000000e+02
4.200000000000000000e+02 9.200000000000000000e+02
4.440000000000000000e+02 9.280000000000000000e+02
4.670000000000000000e+02 9.210000000000000000e+02
5.050000000000000000e+02 9.250000000000000000e+02
5.550000000000000000e+02 9.200000000000000000e+02
5.060000000000000000e+02 9.560000000000000000e+02
4.680000000000000000e+02 9.730000000000000000e+02
4.420000000000000000e+02 9.750000000000000000e+02
4.150000000000000000e+02 9.710000000000000000e+02
3.770000000000000000e+02 9.530000000000000000e+02
3.470000000000000000e+02 9.230000000000000000e+02
4.190000000000000000e+02 9.370000000000000000e+02
4.440000000000000000e+02 9.420000000000000000e+02
4.680000000000000000e+02 9.380000000000000000e+02
5.360000000000000000e+02 9.270000000000000000e+02
4.670000000000000000e+02 9.370000000000000000e+02
4.430000000000000000e+02 9.410000000000000000e+02
4.180000000000000000e+02 9.350000000000000000e+02
