1.420000000000000000e+02 6.420000000000000000e+02
1.510000000000000000e+02 7.250000000000000000e+02
1.630000000000000000e+02 8.030000000000000000e+02
1.780000000000000000e+02 8.780000000000000000e+02
2.050000000000000000e+02 9.490000000000000000e+02
2.470000000000000000e+02 1.008000000000000000e+03
3.030000000000000000e+02 1.058000000000000000e+03
3.670000000000000000e+02 1.097000000000000000e+03
4.390000000000000000e+02 1.109000000000000000e+03
5.130000000000000000e+02 1.098000000000000000e+03
5.820000000000000000e+02 1.064000000000000000e+03
6.400000000000000000e+02 1.013000000000000000e+03
6.850000000000000000e+02 9.510000000000000000e+02
7.140000000000000000e+02 8.770000000000000000e+02
7.300000000000000000e+02 7.980000000000000000e+02
7.410000000000000000e+02 7.150000000000000000e+02
7.490000000000000000e+02 6.300000000000000000e+02
1.840000000000000000e+02 5.530000000000000000e+02
2.240000000000000000e+02 5.170000000000000000e+02
2.830000000000000000e+02 5.130000000000000000e+02
3.420000000000000000e+02 5.290000000000000000e+02
3.980000000000000000e+02 5.560000000000000000e+02
4.720000000000000000e+02 5.540000000000000000e+02
5.290000000000000000e+02 5.260000000000000000e+02
5.920000000000000000e+02 5.100000000000000000e+02
6.550000000000000000e+02 5.140000000000000000e+02
7.010000000000000000e+02 5.520000000000000000e+02
4.380000000000000000e+02 6.200000000000000000e+02
4.380000000000000000e+02 6.670000000000000000e+02
4.390000000000000000e+02 7.130000000000000000e+02
4.400000000000000000e+02 7.620000000000000000e+02
3.850000000000000000e+02 8.200000000000000000e+02
4.140000000000000000e+02 8.240000000000000000e+02
4.420000000000000000e+02 8.290000000000000000e+02
4.730000000000000000e+02 8.250000000000000000e+02
5.030000000000000000e+02 8.190000000000000000e+02
2.390000000000000000e+02 6.360000000000000000e+02
2.760000000000000000e+02 6.170000000000000000e+02
3.220000000000000000e+02 6.160000000000000000e+02
3.650000000000000000e+02 6.450000000000000000e+02
3.200000000000000000e+02 6.560000000000000000e+02
2.740000000000000000e+02 6.580000000000000000e+02
5.170000000000000000e+02 6.460000000000000000e+02
5.590000000000000000e+02 6.190000000000000000e+02
6.050000000000000000e+02 6.180000000000000000e+02
6.420000000000000000e+02 6.370000000000000000e+02
6.080000000000000000e+02 6.590000000000000000e+02
5.610000000000000000e+02 6.590000000000000000e+02
3.320000000000000000e+02 9.270000000000000000e+02
3.740000000000000000e+02 9.050000000000000000e+02
4.150000000000000000e+02 8.900000000000000000e+02
4.440000000000000000e+02 9.010000000000000000e+02
4.730000000000000000e+02 8.920000000000000000e+02
5.110000000000000000e+02 9.060000000000000000e+02
5.520000000000000000e+02 9.280000000000000000e+02
5.100000000000000000e+02 9.520000000000000000e+02
4.730000000000000000e+02 9.650000000000000000e+02
4.420000000000000000e+02 9.670000000000000000e+02
4.090000000000000000e+02 9.630000000000000000e+02
3.710000000000000000e+02 9.500000000000000000e+02
3.500000000000000000e+02 9.250000000000000000e+02
4.130000000000000000e+02 9.200000000000000000e+02
4.430000000000000000e+02 9.260000000000000000e+02
4.730000000000000000e+02 9.220000000000000000e+02
5.330000000000000000e+02 9.270000000000000000e+02
4.720000000000000000e+02 9.210000000000000000e+02
4.430000000000000000e+02 9.250000000000000000e+02
4.120000000000000000e+02 9.200000000000000000e+02
