1.370000000000000000e+02 6.320000000000000000e+02
1.460000000000000000e+02 7.140000000000000000e+02
1.680000000000000000e+02 7.900000000000000000e+02
1.890000000000000000e+02 8.650000000000000000e+02
2.080000000000000000e+02 9.380000000000000000e+02
2.450000000000000000e+02 1.004000000000000000e+03
3.060000000000000000e+02 1.056000000000000000e+03
3.770000000000000000e+02 1.090000000000000000e+03
4.550000000000000000e+02 1.099000000000000000e+03
5.310000000000000000e+02 1.086000000000000000e+03
5.990000000000000000e+02 1.048000000000000000e+03
6.490000000000000000e+02 9.970000000000000000e+02
6.770000000000000000e+02 9.310000000000000000e+02
6.930000000000000000e+02 8.600000000000000000e+02
7.090000000000000000e+02 7.890000000000000000e+02
7.260000000000000000e+02 7.160000000000000000e+02
7.350000000000000000e+02 6.390000000000000000e+02
1.820000000000000000e+02 5.570000000000000000e+02
2.210000000000000000e+02 5.220000000000000000e+02
2.770000000000000000e+02 5.130000000000000000e+02
3.330000000000000000e+02 5.210000000000000000e+02
3.850000000000000000e+02 5.450000000000000000e+02
4.880000000000000000e+02 5.440000000000000000e+02
5.420000000000000000e+02 5.240000000000000000e+02
5.990000000000000000e+02 5.160000000000000000e+02
6.540000000000000000e+02 5.290000000000000000e+02
6.900000000000000000e+02 5.660000000000000000e+02
4.400000000000000000e+02 6.180000000000000000e+02
4.420000000000000000e+02 6.720000000000000000e+02
4.430000000000000000e+02 7.240000000000000000e+02
4.440000000000000000e+02 7.770000000000000000e+02
3.900000000000000000e+02 8.230000000000000000e+02
4.170000000000000000e+02 8.280000000000000000e+02
4.420000000000000000e+02 8.330000000000000000e+02
4.680000000000000000e+02 8.300000000000000000e+02
4.920000000000000000e+02 8.260000000000000000e+02
2.370000000000000000e+02 6.340000000000000000e+02
2.720000000000000000e+02 6.080000000000000000e+02
3.170000000000000000e+02 6.100000000000000000e+02
3.560000000000000000e+02 6.450000000000000000e+02
3.150000000000000000e+02 6.580000000000000000e+02
2.680000000000000000e+02 6.580000000000000000e+02
5.210000000000000000e+02 6.460000000000000000e+02
5.590000000000000000e+02 6.110000000000000000e+02
6.040000000000000000e+02 6.100000000000000000e+02
6.380000000000000000e+02 6.380000000000000000e+02
6.080000000000000000e+02 6.590000000000000000e+02
5.610000000000000000e+02 6.580000000000000000e+02
3.270000000000000000e+02 9.250000000000000000e+02
3.700000000000000000e+02 9.040000000000000000e+02
4.100000000000000000e+02 8.910000000000000000e+02
4.390000000000000000e+02 8.980000000000000000e+02
4.670000000000000000e+02 8.930000000000000000e+02
5.090000000000000000e+02 9.070000000000000000e+02
5.550000000000000000e+02 9.250000000000000000e+02
5.120000000000000000e+02 9.560000000000000000e+02
4.720000000000000000e+02 9.690000000000000000e+02
4.410000000000000000e+02 9.720000000000000000e+02
4.100000000000000000e+02 9.680000000000000000e+02
3.700000000000000000e+02 9.550000000000000000e+02
3.470000000000000000e+02 9.270000000000000000e+02
4.100000000000000000e+02 9.270000000000000000e+02
4.400000000000000000e+02 9.300000000000000000e+02
4.690000000000000000e+02 9.280000000000000000e+02
5.350000000000000000e+02 9.270000000000000000e+02
4.690000000000000000e+02 9.260000000000000000e+02
4.400000000000000000e+02 9.280000000000000000e+02
4.110000000000000000e+02 9.250000000000000000e+02
