1.510000000000000000e+02 6.460000000000000000e+02
1.610000000000000000e+02 7.260000000000000000e+02
1.760000000000000000e+02 8.050000000000000000e+02
1.880000000000000000e+02 8.840000000000000000e+02
2.040000000000000000e+02 9.590000000000000000e+02
2.380000000000000000e+02 1.025000000000000000e+03
2.900000000000000000e+02 1.077000000000000000e+03
3.550000000000000000e+02 1.113000000000000000e+03
4.380000000000000000e+02 1.126000000000000000e+03
5.210000000000000000e+02 1.114000000000000000e+03
5.890000000000000000e+02 1.076000000000000000e+03
6.450000000000000000e+02 1.024000000000000000e+03
6.800000000000000000e+02 9.560000000000000000e+02
6.930000000000000000e+02 8.800000000000000000e+02
7.060000000000000000e+02 8.010000000000000000e+02
7.190000000000000000e+02 7.230000000000000000e+02
7.260000000000000000e+02 6.400000000000000000e+02
1.800000000000000000e+02 5.800000000000000000e+02
2.150000000000000000e+02 5.350000000000000000e+02
2.750000000000000000e+02 5.220000000000000000e+02
3.360000000000000000e+02 5.270000000000000000e+02
3.960000000000000000e+02 5.450000000000000000e+02
4.750000000000000000e+02 5.430000000000000000e+02
5.390000000000000000e+02 5.240000000000000000e+02
6.030000000000000000e+02 5.210000000000000000e+02
6.640000000000000000e+02 5.390000000000000000e+02
7.000000000000000000e+02 5.860000000000000000e+02
4.400000000000000000e+02 6.050000000000000000e+02
4.410000000000000000e+02 6.500000000000000000e+02
4.420000000000000000e+02 6.950000000000000000e+02
4.430000000000000000e+02 7.430000000000000000e+02
3.840000000000000000e+02 8.000000000000000000e+02
4.120000000000000000e+02 8.090000000000000000e+02
4.420000000000000000e+02 8.180000000000000000e+02
4.720000000000000000e+02 8.100000000000000000e+02
5.000000000000000000e+02 8.010000000000000000e+02
2.540000000000000000e+02 6.280000000000000000e+02
2.850000000000000000e+02 6.120000000000000000e+02
3.240000000000000000e+02 6.100000000000000000e+02
3.600000000000000000e+02 6.280000000000000000e+02
3.240000000000000000e+02 6.390000000000000000e+02
2.840000000000000000e+02 6.420000000000000000e+02
5.220000000000000000e+02 6.290000000000000000e+02
5.600000000000000000e+02 6.110000000000000000e+02
5.980000000000000000e+02 6.130000000000000000e+02
6.290000000000000000e+02 6.300000000000000000e+02
5.980000000000000000e+02 6.430000000000000000e+02
5.590000000000000000e+02 6.400000000000000000e+02
3.400000000000000000e+02 9.260000000000000000e+02
3.740000000000000000e+02 8.990000000000000000e+02
4.130000000000000000e+02 8.860000000000000000e+02
4.430000000000000000e+02 8.960000000000000000e+02
4.750000000000000000e+02 8.860000000000000000e+02
5.110000000000000000e+02 8.980000000000000000e+02
5.410000000000000000e+02 9.220000000000000000e+02
5.110000000000000000e+02 9.480000000000000000e+02
4.760000000000000000e+02 9.610000000000000000e+02
4.430000000000000000e+02 9.650000000000000000e+02
4.100000000000000000e+02 9.620000000000000000e+02
3.720000000000000000e+02 9.480000000000000000e+02
3.570000000000000000e+02 9.230000000000000000e+02
4.130000000000000000e+02 9.160000000000000000e+02
4.430000000000000000e+02 9.190000000000000000e+02
4.750000000000000000e+02 9.160000000000000000e+02
5.230000000000000000e+02 9.210000000000000000e+02
4.740000000000000000e+02 9.210000000000000000e+02
4.420000000000000000e+02 9.260000000000000000e+02
4.110000000000000000e+02 9.210000000000000000e+02
