1.350000000000000000e+02 6.130000000000000000e+02
1.440000000000000000e+02 6.970000000000000000e+02
1.650000000000000000e+02 7.790000000000000000e+02
1.810000000000000000e+02 8.590000000000000000e+02
2.080000000000000000e+02 9.360000000000000000e+02
2.520000000000000000e+02 1.001000000000000000e+03
3.110000000000000000e+02 1.055000000000000000e+03
3.800000000000000000e+02 1.098000000000000000e+03
4.510000000000000000e+02 1.110000000000000000e+03
5.200000000000000000e+02 1.094000000000000000e+03
5.840000000000000000e+02 1.048000000000000000e+03
6.390000000000000000e+02 9.910000000000000000e+02
6.780000000000000000e+02 9.230000000000000000e+02
6.990000000000000000e+02 8.450000000000000000e+02
7.120000000000000000e+02 7.670000000000000000e+02
7.290000000000000000e+02 6.880000000000000000e+02
7.370000000000000000e+02 6.050000000000000000e+02
1.790000000000000000e+02 5.710000000000000000e+02
2.190000000000000000e+02 5.370000000000000000e+02
2.730000000000000000e+02 5.250000000000000000e+02
3.300000000000000000e+02 5.310000000000000000e+02
3.840000000000000000e+02 5.510000000000000000e+02
4.990000000000000000e+02 5.540000000000000000e+02
5.500000000000000000e+02 5.340000000000000000e+02
6.050000000000000000e+02 5.220000000000000000e+02
6.600000000000000000e+02 5.330000000000000000e+02
6.990000000000000000e+02 5.680000000000000000e+02
4.380000000000000000e+02 6.250000000000000000e+02
4.380000000000000000e+02 6.810000000000000000e+02
4.380000000000000000e+02 7.370000000000000000e+02
4.380000000000000000e+02 7.930000000000000000e+02
3.850000000000000000e+02 8.260000000000000000e+02
4.110000000000000000e+02 8.370000000000000000e+02
4.400000000000000000e+02 8.450000000000000000e+02
4.680000000000000000e+02 8.350000000000000000e+02
4.950000000000000000e+02 8.230000000000000000e+02
2.420000000000000000e+02 6.340000000000000000e+02
2.770000000000000000e+02 6.120000000000000000e+02
3.200000000000000000e+02 6.130000000000000000e+02
3.580000000000000000e+02 6.420000000000000000e+02
3.190000000000000000e+02 6.550000000000000000e+02
2.740000000000000000e+02 6.550000000000000000e+02
5.210000000000000000e+02 6.400000000000000000e+02
5.590000000000000000e+02 6.130000000000000000e+02
6.010000000000000000e+02 6.100000000000000000e+02
6.350000000000000000e+02 6.320000000000000000e+02
6.050000000000000000e+02 6.530000000000000000e+02
5.600000000000000000e+02 6.530000000000000000e+02
3.350000000000000000e+02 9.280000000000000000e+02
3.750000000000000000e+02 9.110000000000000000e+02
4.110000000000000000e+02 8.990000000000000000e+02
4.410000000000000000e+02 9.070000000000000000e+02
4.710000000000000000e+02 8.980000000000000000e+02
5.080000000000000000e+02 9.080000000000000000e+02
5.510000000000000000e+02 9.240000000000000000e+02
5.130000000000000000e+02 9.590000000000000000e+02
4.750000000000000000e+02 9.720000000000000000e+02
4.430000000000000000e+02 9.750000000000000000e+02
4.110000000000000000e+02 9.740000000000000000e+02
3.740000000000000000e+02 9.620000000000000000e+02
3.560000000000000000e+02 9.300000000000000000e+02
4.110000000000000000e+02 9.270000000000000000e+02
4.410000000000000000e+02 9.300000000000000000e+02
4.720000000000000000e+02 9.260000000000000000e+02
5.310000000000000000e+02 9.260000000000000000e+02
4.730000000000000000e+02 9.290000000000000000e+02
4.420000000000000000e+02 9.320000000000000000e+02
4.110000000000000000e+02 9.290000000000000000e+02
