1.200000000000000000e+02 6.200000000000000000e+02
1.350000000000000000e+02 7.020000000000000000e+02
1.540000000000000000e+02 7.820000000000000000e+02
1.690000000000000000e+02 8.610000000000000000e+02
1.900000000000000000e+02 9.380000000000000000e+02
2.370000000000000000e+02 1.006000000000000000e+03
2.960000000000000000e+02 1.064000000000000000e+03
3.650000000000000000e+02 1.106000000000000000e+03
4.420000000000000000e+02 1.115000000000000000e+03
5.190000000000000000e+02 1.100000000000000000e+03
5.840000000000000000e+02 1.058000000000000000e+03
6.380000000000000000e+02 1.004000000000000000e+03
6.810000000000000000e+02 9.430000000000000000e+02
7.000000000000000000e+02 8.740000000000000000e+02
7.120000000000000000e+02 7.960000000000000000e+02
7.260000000000000000e+02 7.180000000000000000e+02
7.380000000000000000e+02 6.360000000000000000e+02
1.670000000000000000e+02 5.850000000000000000e+02
2.100000000000000000e+02 5.470000000000000000e+02
2.680000000000000000e+02 5.370000000000000000e+02
3.290000000000000000e+02 5.420000000000000000e+02
3.900000000000000000e+02 5.600000000000000000e+02
4.870000000000000000e+02 5.590000000000000000e+02
5.450000000000000000e+02 5.450000000000000000e+02
6.040000000000000000e+02 5.400000000000000000e+02
6.610000000000000000e+02 5.530000000000000000e+02
6.960000000000000000e+02 5.960000000000000000e+02
4.430000000000000000e+02 6.110000000000000000e+02
4.420000000000000000e+02 6.620000000000000000e+02
4.400000000000000000e+02 7.130000000000000000e+02
4.390000000000000000e+02 7.650000000000000000e+02
3.820000000000000000e+02 8.150000000000000000e+02
4.100000000000000000e+02 8.200000000000000000e+02
4.410000000000000000e+02 8.270000000000000000e+02
4.690000000000000000e+02 8.190000000000000000e+02
4.970000000000000000e+02 8.120000000000000000e+02
2.410000000000000000e+02 6.290000000000000000e+02
2.740000000000000000e+02 6.050000000000000000e+02
3.180000000000000000e+02 6.040000000000000000e+02
3.560000000000000000e+02 6.330000000000000000e+02
3.150000000000000000e+02 6.440000000000000000e+02
2.710000000000000000e+02 6.450000000000000000e+02
5.160000000000000000e+02 6.350000000000000000e+02
5.520000000000000000e+02 6.050000000000000000e+02
5.960000000000000000e+02 6.060000000000000000e+02
6.300000000000000000e+02 6.300000000000000000e+02
5.980000000000000000e+02 6.450000000000000000e+02
5.540000000000000000e+02 6.440000000000000000e+02
3.180000000000000000e+02 9.140000000000000000e+02
3.610000000000000000e+02 9.000000000000000000e+02
4.090000000000000000e+02 8.850000000000000000e+02
4.420000000000000000e+02 8.920000000000000000e+02
4.730000000000000000e+02 8.820000000000000000e+02
5.190000000000000000e+02 8.930000000000000000e+02
5.660000000000000000e+02 9.030000000000000000e+02
5.250000000000000000e+02 9.460000000000000000e+02
4.830000000000000000e+02 9.660000000000000000e+02
4.500000000000000000e+02 9.710000000000000000e+02
4.140000000000000000e+02 9.690000000000000000e+02
3.650000000000000000e+02 9.500000000000000000e+02
3.370000000000000000e+02 9.170000000000000000e+02
4.090000000000000000e+02 9.200000000000000000e+02
4.430000000000000000e+02 9.210000000000000000e+02
4.750000000000000000e+02 9.160000000000000000e+02
5.480000000000000000e+02 9.090000000000000000e+02
4.800000000000000000e+02 9.180000000000000000e+02
4.480000000000000000e+02 9.230000000000000000e+02
4.140000000000000000e+02 9.210000000000000000e+02
