1.490000000000000000e+02 6.300000000000000000e+02
1.550000000000000000e+02 7.110000000000000000e+02
1.650000000000000000e+02 7.900000000000000000e+02
1.820000000000000000e+02 8.690000000000000000e+02
2.090000000000000000e+02 9.470000000000000000e+02
2.470000000000000000e+02 1.018000000000000000e+03
2.980000000000000000e+02 1.077000000000000000e+03
3.680000000000000000e+02 1.120000000000000000e+03
4.480000000000000000e+02 1.132000000000000000e+03
5.250000000000000000e+02 1.123000000000000000e+03
5.860000000000000000e+02 1.078000000000000000e+03
6.350000000000000000e+02 1.015000000000000000e+03
6.670000000000000000e+02 9.390000000000000000e+02
6.890000000000000000e+02 8.580000000000000000e+02
7.020000000000000000e+02 7.720000000000000000e+02
7.100000000000000000e+02 6.890000000000000000e+02
7.080000000000000000e+02 6.090000000000000000e+02
1.960000000000000000e+02 5.980000000000000000e+02
2.250000000000000000e+02 5.520000000000000000e+02
2.790000000000000000e+02 5.340000000000000000e+02
3.380000000000000000e+02 5.410000000000000000e+02
3.950000000000000000e+02 5.560000000000000000e+02
4.770000000000000000e+02 5.510000000000000000e+02
5.320000000000000000e+02 5.310000000000000000e+02
5.900000000000000000e+02 5.230000000000000000e+02
6.430000000000000000e+02 5.390000000000000000e+02
6.690000000000000000e+02 5.860000000000000000e+02
4.400000000000000000e+02 6.060000000000000000e+02
4.430000000000000000e+02 6.640000000000000000e+02
4.450000000000000000e+02 7.200000000000000000e+02
4.480000000000000000e+02 7.770000000000000000e+02
3.940000000000000000e+02 8.140000000000000000e+02
4.200000000000000000e+02 8.260000000000000000e+02
4.480000000000000000e+02 8.330000000000000000e+02
4.760000000000000000e+02 8.240000000000000000e+02
5.000000000000000000e+02 8.110000000000000000e+02
2.710000000000000000e+02 6.300000000000000000e+02
2.980000000000000000e+02 6.080000000000000000e+02
3.350000000000000000e+02 6.050000000000000000e+02
3.690000000000000000e+02 6.280000000000000000e+02
3.360000000000000000e+02 6.410000000000000000e+02
2.990000000000000000e+02 6.430000000000000000e+02
5.150000000000000000e+02 6.200000000000000000e+02
5.460000000000000000e+02 5.950000000000000000e+02
5.840000000000000000e+02 5.950000000000000000e+02
6.110000000000000000e+02 6.160000000000000000e+02
5.870000000000000000e+02 6.330000000000000000e+02
5.480000000000000000e+02 6.320000000000000000e+02
3.560000000000000000e+02 9.280000000000000000e+02
3.930000000000000000e+02 9.230000000000000000e+02
4.240000000000000000e+02 9.230000000000000000e+02
4.480000000000000000e+02 9.300000000000000000e+02
4.730000000000000000e+02 9.220000000000000000e+02
5.020000000000000000e+02 9.230000000000000000e+02
5.400000000000000000e+02 9.280000000000000000e+02
5.080000000000000000e+02 9.530000000000000000e+02
4.800000000000000000e+02 9.550000000000000000e+02
4.540000000000000000e+02 9.580000000000000000e+02
4.280000000000000000e+02 9.560000000000000000e+02
3.950000000000000000e+02 9.540000000000000000e+02
3.690000000000000000e+02 9.280000000000000000e+02
4.250000000000000000e+02 9.310000000000000000e+02
4.490000000000000000e+02 9.370000000000000000e+02
4.750000000000000000e+02 9.310000000000000000e+02
5.270000000000000000e+02 9.280000000000000000e+02
4.770000000000000000e+02 9.250000000000000000e+02
4.510000000000000000e+02 9.290000000000000000e+02
4.270000000000000000e+02 9.240000000000000000e+02
