1.660000000000000000e+02 6.610000000000000000e+02
1.710000000000000000e+02 7.330000000000000000e+02
1.860000000000000000e+02 8.040000000000000000e+02
2.020000000000000000e+02 8.750000000000000000e+02
2.270000000000000000e+02 9.410000000000000000e+02
2.640000000000000000e+02 9.990000000000000000e+02
3.130000000000000000e+02 1.046000000000000000e+03
3.720000000000000000e+02 1.084000000000000000e+03
4.330000000000000000e+02 1.095000000000000000e+03
4.920000000000000000e+02 1.085000000000000000e+03
5.520000000000000000e+02 1.050000000000000000e+03
6.070000000000000000e+02 1.003000000000000000e+03
6.510000000000000000e+02 9.440000000000000000e+02
6.780000000000000000e+02 8.740000000000000000e+02
6.970000000000000000e+02 8.000000000000000000e+02
7.150000000000000000e+02 7.260000000000000000e+02
7.220000000000000000e+02 6.480000000000000000e+02
1.780000000000000000e+02 5.710000000000000000e+02
2.080000000000000000e+02 5.260000000000000000e+02
2.620000000000000000e+02 5.090000000000000000e+02
3.180000000000000000e+02 5.140000000000000000e+02
3.730000000000000000e+02 5.350000000000000000e+02
5.130000000000000000e+02 5.240000000000000000e+02
5.620000000000000000e+02 4.930000000000000000e+02
6.180000000000000000e+02 4.820000000000000000e+02
6.750000000000000000e+02 4.990000000000000000e+02
7.090000000000000000e+02 5.440000000000000000e+02
4.430000000000000000e+02 6.160000000000000000e+02
4.440000000000000000e+02 6.780000000000000000e+02
4.440000000000000000e+02 7.390000000000000000e+02
4.450000000000000000e+02 8.010000000000000000e+02
3.930000000000000000e+02 8.280000000000000000e+02
4.190000000000000000e+02 8.400000000000000000e+02
4.450000000000000000e+02 8.500000000000000000e+02
4.700000000000000000e+02 8.410000000000000000e+02
4.940000000000000000e+02 8.290000000000000000e+02
2.410000000000000000e+02 6.420000000000000000e+02
2.770000000000000000e+02 6.160000000000000000e+02
3.220000000000000000e+02 6.150000000000000000e+02
3.620000000000000000e+02 6.450000000000000000e+02
3.200000000000000000e+02 6.560000000000000000e+02
2.750000000000000000e+02 6.590000000000000000e+02
5.220000000000000000e+02 6.390000000000000000e+02
5.640000000000000000e+02 6.060000000000000000e+02
6.100000000000000000e+02 6.030000000000000000e+02
6.440000000000000000e+02 6.290000000000000000e+02
6.130000000000000000e+02 6.480000000000000000e+02
5.660000000000000000e+02 6.490000000000000000e+02
3.420000000000000000e+02 9.310000000000000000e+02
3.830000000000000000e+02 9.150000000000000000e+02
4.170000000000000000e+02 9.050000000000000000e+02
4.420000000000000000e+02 9.120000000000000000e+02
4.650000000000000000e+02 9.070000000000000000e+02
4.960000000000000000e+02 9.160000000000000000e+02
5.350000000000000000e+02 9.310000000000000000e+02
4.920000000000000000e+02 9.540000000000000000e+02
4.600000000000000000e+02 9.680000000000000000e+02
4.340000000000000000e+02 9.710000000000000000e+02
4.090000000000000000e+02 9.670000000000000000e+02
3.780000000000000000e+02 9.530000000000000000e+02
3.600000000000000000e+02 9.310000000000000000e+02
4.150000000000000000e+02 9.270000000000000000e+02
4.410000000000000000e+02 9.320000000000000000e+02
4.640000000000000000e+02 9.300000000000000000e+02
5.150000000000000000e+02 9.320000000000000000e+02
4.600000000000000000e+02 9.290000000000000000e+02
4.370000000000000000e+02 9.330000000000000000e+02
4.120000000000000000e+02 9.300000000000000000e+02
