1.470000000000000000e+02 6.140000000000000000e+02
1.530000000000000000e+02 6.940000000000000000e+02
1.670000000000000000e+02 7.760000000000000000e+02
1.800000000000000000e+02 8.600000000000000000e+02
2.030000000000000000e+02 9.420000000000000000e+02
2.490000000000000000e+02 1.011000000000000000e+03
3.060000000000000000e+02 1.068000000000000000e+03
3.660000000000000000e+02 1.121000000000000000e+03
4.420000000000000000e+02 1.135000000000000000e+03
5.210000000000000000e+02 1.121000000000000000e+03
5.900000000000000000e+02 1.072000000000000000e+03
6.560000000000000000e+02 1.018000000000000000e+03
7.070000000000000000e+02 9.510000000000000000e+02
7.310000000000000000e+02 8.710000000000000000e+02
7.420000000000000000e+02 7.850000000000000000e+02
7.530000000000000000e+02 7.020000000000000000e+02
7.560000000000000000e+02 6.190000000000000000e+02
1.860000000000000000e+02 5.770000000000000000e+02
2.200000000000000000e+02 5.410000000000000000e+02
2.740000000000000000e+02 5.350000000000000000e+02
3.280000000000000000e+02 5.480000000000000000e+02
3.820000000000000000e+02 5.690000000000000000e+02
4.860000000000000000e+02 5.700000000000000000e+02
5.420000000000000000e+02 5.470000000000000000e+02
5.990000000000000000e+02 5.370000000000000000e+02
6.540000000000000000e+02 5.440000000000000000e+02
6.940000000000000000e+02 5.810000000000000000e+02
4.340000000000000000e+02 6.180000000000000000e+02
4.340000000000000000e+02 6.690000000000000000e+02
4.340000000000000000e+02 7.190000000000000000e+02
4.330000000000000000e+02 7.730000000000000000e+02
3.740000000000000000e+02 8.100000000000000000e+02
4.020000000000000000e+02 8.220000000000000000e+02
4.340000000000000000e+02 8.290000000000000000e+02
4.670000000000000000e+02 8.220000000000000000e+02
4.980000000000000000e+02 8.130000000000000000e+02
2.540000000000000000e+02 6.230000000000000000e+02
2.860000000000000000e+02 6.080000000000000000e+02
3.250000000000000000e+02 6.080000000000000000e+02
3.590000000000000000e+02 6.310000000000000000e+02
3.220000000000000000e+02 6.420000000000000000e+02
2.830000000000000000e+02 6.410000000000000000e+02
5.210000000000000000e+02 6.350000000000000000e+02
5.530000000000000000e+02 6.150000000000000000e+02
5.910000000000000000e+02 6.150000000000000000e+02
6.230000000000000000e+02 6.320000000000000000e+02
5.940000000000000000e+02 6.500000000000000000e+02
5.560000000000000000e+02 6.480000000000000000e+02
3.400000000000000000e+02 9.240000000000000000e+02
3.760000000000000000e+02 9.080000000000000000e+02
4.080000000000000000e+02 8.980000000000000000e+02
4.380000000000000000e+02 9.080000000000000000e+02
4.690000000000000000e+02 8.990000000000000000e+02
5.040000000000000000e+02 9.110000000000000000e+02
5.440000000000000000e+02 9.290000000000000000e+02
5.030000000000000000e+02 9.410000000000000000e+02
4.690000000000000000e+02 9.480000000000000000e+02
4.370000000000000000e+02 9.500000000000000000e+02
4.050000000000000000e+02 9.480000000000000000e+02
3.750000000000000000e+02 9.410000000000000000e+02
3.560000000000000000e+02 9.250000000000000000e+02
4.070000000000000000e+02 9.200000000000000000e+02
4.380000000000000000e+02 9.230000000000000000e+02
4.690000000000000000e+02 9.200000000000000000e+02
5.270000000000000000e+02 9.280000000000000000e+02
4.680000000000000000e+02 9.160000000000000000e+02
4.370000000000000000e+02 9.200000000000000000e+02
4.070000000000000000e+02 9.160000000000000000e+02
