1.230000000000000000e+02 6.200000000000000000e+02
1.260000000000000000e+02 7.040000000000000000e+02
1.350000000000000000e+02 7.870000000000000000e+02
1.500000000000000000e+02 8.670000000000000000e+02
1.780000000000000000e+02 9.420000000000000000e+02
2.260000000000000000e+02 1.007000000000000000e+03
2.910000000000000000e+02 1.059000000000000000e+03
3.660000000000000000e+02 1.094000000000000000e+03
4.460000000000000000e+02 1.103000000000000000e+03
5.170000000000000000e+02 1.091000000000000000e+03
5.780000000000000000e+02 1.053000000000000000e+03
6.290000000000000000e+02 9.970000000000000000e+02
6.660000000000000000e+02 9.330000000000000000e+02
6.910000000000000000e+02 8.640000000000000000e+02
7.070000000000000000e+02 7.920000000000000000e+02
7.160000000000000000e+02 7.180000000000000000e+02
7.210000000000000000e+02 6.390000000000000000e+02
1.820000000000000000e+02 5.870000000000000000e+02
2.230000000000000000e+02 5.470000000000000000e+02
2.820000000000000000e+02 5.290000000000000000e+02
3.450000000000000000e+02 5.310000000000000000e+02
4.020000000000000000e+02 5.550000000000000000e+02
4.970000000000000000e+02 5.510000000000000000e+02
5.520000000000000000e+02 5.320000000000000000e+02
6.090000000000000000e+02 5.320000000000000000e+02
6.610000000000000000e+02 5.490000000000000000e+02
6.900000000000000000e+02 5.900000000000000000e+02
4.520000000000000000e+02 6.160000000000000000e+02
4.530000000000000000e+02 6.730000000000000000e+02
4.550000000000000000e+02 7.300000000000000000e+02
4.560000000000000000e+02 7.880000000000000000e+02
3.850000000000000000e+02 8.170000000000000000e+02
4.170000000000000000e+02 8.290000000000000000e+02
4.510000000000000000e+02 8.410000000000000000e+02
4.840000000000000000e+02 8.300000000000000000e+02
5.130000000000000000e+02 8.160000000000000000e+02
2.460000000000000000e+02 6.310000000000000000e+02
2.810000000000000000e+02 6.110000000000000000e+02
3.230000000000000000e+02 6.100000000000000000e+02
3.600000000000000000e+02 6.340000000000000000e+02
3.220000000000000000e+02 6.440000000000000000e+02
2.800000000000000000e+02 6.450000000000000000e+02
5.240000000000000000e+02 6.340000000000000000e+02
5.640000000000000000e+02 6.100000000000000000e+02
6.040000000000000000e+02 6.130000000000000000e+02
6.350000000000000000e+02 6.310000000000000000e+02
6.050000000000000000e+02 6.450000000000000000e+02
5.640000000000000000e+02 6.440000000000000000e+02
3.260000000000000000e+02 9.110000000000000000e+02
3.760000000000000000e+02 8.970000000000000000e+02
4.200000000000000000e+02 8.910000000000000000e+02
4.510000000000000000e+02 8.970000000000000000e+02
4.840000000000000000e+02 8.900000000000000000e+02
5.230000000000000000e+02 8.970000000000000000e+02
5.620000000000000000e+02 9.100000000000000000e+02
5.250000000000000000e+02 9.350000000000000000e+02
4.870000000000000000e+02 9.470000000000000000e+02
4.530000000000000000e+02 9.510000000000000000e+02
4.190000000000000000e+02 9.490000000000000000e+02
3.740000000000000000e+02 9.390000000000000000e+02
3.440000000000000000e+02 9.130000000000000000e+02
4.190000000000000000e+02 9.090000000000000000e+02
4.510000000000000000e+02 9.120000000000000000e+02
4.850000000000000000e+02 9.070000000000000000e+02
5.460000000000000000e+02 9.100000000000000000e+02
4.860000000000000000e+02 9.160000000000000000e+02
4.520000000000000000e+02 9.200000000000000000e+02
4.200000000000000000e+02 9.170000000000000000e+02
