1.330000000000000000e+02 6.470000000000000000e+02
1.390000000000000000e+02 7.230000000000000000e+02
1.490000000000000000e+02 7.960000000000000000e+02
1.610000000000000000e+02 8.680000000000000000e+02
1.900000000000000000e+02 9.370000000000000000e+02
2.370000000000000000e+02 9.950000000000000000e+02
2.950000000000000000e+02 1.046000000000000000e+03
3.620000000000000000e+02 1.091000000000000000e+03
4.380000000000000000e+02 1.104000000000000000e+03
5.110000000000000000e+02 1.091000000000000000e+03
5.740000000000000000e+02 1.050000000000000000e+03
6.280000000000000000e+02 9.990000000000000000e+02
6.690000000000000000e+02 9.390000000000000000e+02
6.950000000000000000e+02 8.720000000000000000e+02
7.110000000000000000e+02 8.010000000000000000e+02
7.220000000000000000e+02 7.290000000000000000e+02
7.270000000000000000e+02 6.540000000000000000e+02
1.740000000000000000e+02 5.720000000000000000e+02
2.090000000000000000e+02 5.260000000000000000e+02
2.670000000000000000e+02 5.080000000000000000e+02
3.270000000000000000e+02 5.170000000000000000e+02
3.850000000000000000e+02 5.450000000000000000e+02
5.060000000000000000e+02 5.400000000000000000e+02
5.580000000000000000e+02 5.120000000000000000e+02
6.150000000000000000e+02 5.040000000000000000e+02
6.700000000000000000e+02 5.260000000000000000e+02
6.990000000000000000e+02 5.740000000000000000e+02
4.460000000000000000e+02 6.240000000000000000e+02
4.480000000000000000e+02 6.730000000000000000e+02
4.510000000000000000e+02 7.210000000000000000e+02
4.540000000000000000e+02 7.710000000000000000e+02
3.880000000000000000e+02 8.130000000000000000e+02
4.190000000000000000e+02 8.240000000000000000e+02
4.490000000000000000e+02 8.340000000000000000e+02
4.790000000000000000e+02 8.260000000000000000e+02
5.060000000000000000e+02 8.150000000000000000e+02
2.360000000000000000e+02 6.370000000000000000e+02
2.720000000000000000e+02 6.160000000000000000e+02
3.190000000000000000e+02 6.160000000000000000e+02
3.610000000000000000e+02 6.430000000000000000e+02
3.180000000000000000e+02 6.550000000000000000e+02
2.700000000000000000e+02 6.560000000000000000e+02
5.170000000000000000e+02 6.470000000000000000e+02
5.600000000000000000e+02 6.210000000000000000e+02
6.050000000000000000e+02 6.220000000000000000e+02
6.380000000000000000e+02 6.460000000000000000e+02
6.070000000000000000e+02 6.630000000000000000e+02
5.600000000000000000e+02 6.610000000000000000e+02
3.160000000000000000e+02 9.010000000000000000e+02
3.680000000000000000e+02 8.900000000000000000e+02
4.170000000000000000e+02 8.780000000000000000e+02
4.470000000000000000e+02 8.860000000000000000e+02
4.770000000000000000e+02 8.780000000000000000e+02
5.220000000000000000e+02 8.880000000000000000e+02
5.680000000000000000e+02 9.000000000000000000e+02
5.240000000000000000e+02 9.420000000000000000e+02
4.790000000000000000e+02 9.620000000000000000e+02
4.470000000000000000e+02 9.660000000000000000e+02
4.140000000000000000e+02 9.630000000000000000e+02
3.660000000000000000e+02 9.420000000000000000e+02
3.380000000000000000e+02 9.070000000000000000e+02
4.160000000000000000e+02 9.120000000000000000e+02
4.470000000000000000e+02 9.150000000000000000e+02
4.770000000000000000e+02 9.110000000000000000e+02
5.460000000000000000e+02 9.050000000000000000e+02
4.780000000000000000e+02 9.120000000000000000e+02
4.470000000000000000e+02 9.160000000000000000e+02
4.170000000000000000e+02 9.140000000000000000e+02
