1.210000000000000000e+02 6.600000000000000000e+02
1.320000000000000000e+02 7.380000000000000000e+02
1.510000000000000000e+02 8.120000000000000000e+02
1.700000000000000000e+02 8.850000000000000000e+02
1.970000000000000000e+02 9.550000000000000000e+02
2.410000000000000000e+02 1.014000000000000000e+03
3.000000000000000000e+02 1.062000000000000000e+03
3.680000000000000000e+02 1.098000000000000000e+03
4.410000000000000000e+02 1.108000000000000000e+03
5.110000000000000000e+02 1.098000000000000000e+03
5.780000000000000000e+02 1.061000000000000000e+03
6.340000000000000000e+02 1.009000000000000000e+03
6.740000000000000000e+02 9.440000000000000000e+02
6.970000000000000000e+02 8.730000000000000000e+02
7.170000000000000000e+02 7.970000000000000000e+02
7.290000000000000000e+02 7.220000000000000000e+02
7.370000000000000000e+02 6.470000000000000000e+02
1.700000000000000000e+02 5.610000000000000000e+02
2.120000000000000000e+02 5.220000000000000000e+02
2.730000000000000000e+02 5.130000000000000000e+02
3.310000000000000000e+02 5.260000000000000000e+02
3.870000000000000000e+02 5.520000000000000000e+02
5.050000000000000000e+02 5.490000000000000000e+02
5.590000000000000000e+02 5.270000000000000000e+02
6.170000000000000000e+02 5.180000000000000000e+02
6.720000000000000000e+02 5.330000000000000000e+02
7.070000000000000000e+02 5.730000000000000000e+02
4.450000000000000000e+02 6.150000000000000000e+02
4.440000000000000000e+02 6.660000000000000000e+02
4.420000000000000000e+02 7.170000000000000000e+02
4.410000000000000000e+02 7.690000000000000000e+02
3.790000000000000000e+02 8.140000000000000000e+02
4.100000000000000000e+02 8.220000000000000000e+02
4.420000000000000000e+02 8.290000000000000000e+02
4.730000000000000000e+02 8.230000000000000000e+02
5.030000000000000000e+02 8.170000000000000000e+02
2.290000000000000000e+02 6.360000000000000000e+02
2.690000000000000000e+02 6.190000000000000000e+02
3.120000000000000000e+02 6.210000000000000000e+02
3.490000000000000000e+02 6.460000000000000000e+02
3.090000000000000000e+02 6.540000000000000000e+02
2.650000000000000000e+02 6.530000000000000000e+02
5.330000000000000000e+02 6.500000000000000000e+02
5.720000000000000000e+02 6.260000000000000000e+02
6.140000000000000000e+02 6.290000000000000000e+02
6.470000000000000000e+02 6.480000000000000000e+02
6.160000000000000000e+02 6.640000000000000000e+02
5.730000000000000000e+02 6.610000000000000000e+02
3.190000000000000000e+02 9.210000000000000000e+02
3.670000000000000000e+02 8.950000000000000000e+02
4.080000000000000000e+02 8.810000000000000000e+02
4.390000000000000000e+02 8.890000000000000000e+02
4.730000000000000000e+02 8.830000000000000000e+02
5.150000000000000000e+02 9.000000000000000000e+02
5.580000000000000000e+02 9.270000000000000000e+02
5.160000000000000000e+02 9.460000000000000000e+02
4.740000000000000000e+02 9.550000000000000000e+02
4.380000000000000000e+02 9.570000000000000000e+02
4.050000000000000000e+02 9.540000000000000000e+02
3.660000000000000000e+02 9.450000000000000000e+02
3.360000000000000000e+02 9.230000000000000000e+02
4.070000000000000000e+02 9.140000000000000000e+02
4.390000000000000000e+02 9.160000000000000000e+02
4.740000000000000000e+02 9.160000000000000000e+02
5.370000000000000000e+02 9.270000000000000000e+02
4.730000000000000000e+02 9.170000000000000000e+02
4.390000000000000000e+02 9.180000000000000000e+02
4.070000000000000000e+02 9.140000000000000000e+02
