1.360000000000000000e+02 6.620000000000000000e+02
1.460000000000000000e+02 7.480000000000000000e+02
1.610000000000000000e+02 8.290000000000000000e+02
1.760000000000000000e+02 9.080000000000000000e+02
2.030000000000000000e+02 9.800000000000000000e+02
2.450000000000000000e+02 1.040000000000000000e+03
3.050000000000000000e+02 1.085000000000000000e+03
3.730000000000000000e+02 1.120000000000000000e+03
4.440000000000000000e+02 1.130000000000000000e+03
5.140000000000000000e+02 1.115000000000000000e+03
5.790000000000000000e+02 1.073000000000000000e+03
6.350000000000000000e+02 1.020000000000000000e+03
6.700000000000000000e+02 9.560000000000000000e+02
6.910000000000000000e+02 8.840000000000000000e+02
7.060000000000000000e+02 8.090000000000000000e+02
7.210000000000000000e+02 7.340000000000000000e+02
7.300000000000000000e+02 6.550000000000000000e+02
1.930000000000000000e+02 5.700000000000000000e+02
2.320000000000000000e+02 5.320000000000000000e+02
2.870000000000000000e+02 5.170000000000000000e+02
3.440000000000000000e+02 5.230000000000000000e+02
3.940000000000000000e+02 5.470000000000000000e+02
4.930000000000000000e+02 5.440000000000000000e+02
5.460000000000000000e+02 5.240000000000000000e+02
6.030000000000000000e+02 5.200000000000000000e+02
6.560000000000000000e+02 5.380000000000000000e+02
6.870000000000000000e+02 5.800000000000000000e+02
4.470000000000000000e+02 6.050000000000000000e+02
4.460000000000000000e+02 6.560000000000000000e+02
4.460000000000000000e+02 7.080000000000000000e+02
4.460000000000000000e+02 7.620000000000000000e+02
3.880000000000000000e+02 8.040000000000000000e+02
4.160000000000000000e+02 8.140000000000000000e+02
4.450000000000000000e+02 8.230000000000000000e+02
4.760000000000000000e+02 8.150000000000000000e+02
5.030000000000000000e+02 8.040000000000000000e+02
2.500000000000000000e+02 6.240000000000000000e+02
2.830000000000000000e+02 6.040000000000000000e+02
3.210000000000000000e+02 6.060000000000000000e+02
3.580000000000000000e+02 6.310000000000000000e+02
3.200000000000000000e+02 6.390000000000000000e+02
2.800000000000000000e+02 6.390000000000000000e+02
5.240000000000000000e+02 6.310000000000000000e+02
5.590000000000000000e+02 6.050000000000000000e+02
5.970000000000000000e+02 6.080000000000000000e+02
6.260000000000000000e+02 6.300000000000000000e+02
5.980000000000000000e+02 6.440000000000000000e+02
5.600000000000000000e+02 6.410000000000000000e+02
3.320000000000000000e+02 9.240000000000000000e+02
3.790000000000000000e+02 9.030000000000000000e+02
4.150000000000000000e+02 8.900000000000000000e+02
4.450000000000000000e+02 8.980000000000000000e+02
4.740000000000000000e+02 8.910000000000000000e+02
5.060000000000000000e+02 9.020000000000000000e+02
5.460000000000000000e+02 9.230000000000000000e+02
5.070000000000000000e+02 9.400000000000000000e+02
4.750000000000000000e+02 9.450000000000000000e+02
4.440000000000000000e+02 9.470000000000000000e+02
4.140000000000000000e+02 9.450000000000000000e+02
3.760000000000000000e+02 9.400000000000000000e+02
3.490000000000000000e+02 9.240000000000000000e+02
4.140000000000000000e+02 9.130000000000000000e+02
4.440000000000000000e+02 9.150000000000000000e+02
4.740000000000000000e+02 9.130000000000000000e+02
5.270000000000000000e+02 9.220000000000000000e+02
4.740000000000000000e+02 9.110000000000000000e+02
4.440000000000000000e+02 9.150000000000000000e+02
4.140000000000000000e+02 9.130000000000000000e+02
