1.160000000000000000e+02 6.450000000000000000e+02
1.210000000000000000e+02 7.270000000000000000e+02
1.330000000000000000e+02 8.060000000000000000e+02
1.520000000000000000e+02 8.830000000000000000e+02
1.840000000000000000e+02 9.550000000000000000e+02
2.340000000000000000e+02 1.016000000000000000e+03
3.040000000000000000e+02 1.065000000000000000e+03
3.750000000000000000e+02 1.104000000000000000e+03
4.470000000000000000e+02 1.117000000000000000e+03
5.160000000000000000e+02 1.107000000000000000e+03
5.770000000000000000e+02 1.071000000000000000e+03
6.330000000000000000e+02 1.026000000000000000e+03
6.710000000000000000e+02 9.620000000000000000e+02
6.910000000000000000e+02 8.880000000000000000e+02
7.060000000000000000e+02 8.130000000000000000e+02
7.240000000000000000e+02 7.340000000000000000e+02
7.350000000000000000e+02 6.540000000000000000e+02
1.830000000000000000e+02 5.640000000000000000e+02
2.220000000000000000e+02 5.280000000000000000e+02
2.780000000000000000e+02 5.180000000000000000e+02
3.350000000000000000e+02 5.250000000000000000e+02
3.890000000000000000e+02 5.420000000000000000e+02
5.020000000000000000e+02 5.390000000000000000e+02
5.570000000000000000e+02 5.260000000000000000e+02
6.130000000000000000e+02 5.190000000000000000e+02
6.670000000000000000e+02 5.360000000000000000e+02
6.990000000000000000e+02 5.790000000000000000e+02
4.430000000000000000e+02 6.120000000000000000e+02
4.410000000000000000e+02 6.640000000000000000e+02
4.380000000000000000e+02 7.140000000000000000e+02
4.360000000000000000e+02 7.670000000000000000e+02
3.740000000000000000e+02 8.040000000000000000e+02
4.050000000000000000e+02 8.120000000000000000e+02
4.380000000000000000e+02 8.200000000000000000e+02
4.710000000000000000e+02 8.140000000000000000e+02
5.030000000000000000e+02 8.090000000000000000e+02
2.480000000000000000e+02 6.300000000000000000e+02
2.810000000000000000e+02 6.100000000000000000e+02
3.200000000000000000e+02 6.090000000000000000e+02
3.570000000000000000e+02 6.320000000000000000e+02
3.200000000000000000e+02 6.410000000000000000e+02
2.790000000000000000e+02 6.420000000000000000e+02
5.300000000000000000e+02 6.360000000000000000e+02
5.670000000000000000e+02 6.130000000000000000e+02
6.070000000000000000e+02 6.160000000000000000e+02
6.370000000000000000e+02 6.390000000000000000e+02
6.070000000000000000e+02 6.520000000000000000e+02
5.670000000000000000e+02 6.480000000000000000e+02
3.360000000000000000e+02 9.160000000000000000e+02
3.740000000000000000e+02 8.950000000000000000e+02
4.110000000000000000e+02 8.850000000000000000e+02
4.400000000000000000e+02 8.930000000000000000e+02
4.680000000000000000e+02 8.880000000000000000e+02
5.110000000000000000e+02 9.010000000000000000e+02
5.540000000000000000e+02 9.170000000000000000e+02
5.150000000000000000e+02 9.440000000000000000e+02
4.730000000000000000e+02 9.560000000000000000e+02
4.420000000000000000e+02 9.580000000000000000e+02
4.120000000000000000e+02 9.530000000000000000e+02
3.750000000000000000e+02 9.410000000000000000e+02
3.520000000000000000e+02 9.150000000000000000e+02
4.120000000000000000e+02 9.130000000000000000e+02
4.410000000000000000e+02 9.170000000000000000e+02
4.700000000000000000e+02 9.150000000000000000e+02
5.360000000000000000e+02 9.150000000000000000e+02
4.710000000000000000e+02 9.150000000000000000e+02
4.420000000000000000e+02 9.170000000000000000e+02
4.120000000000000000e+02 9.110000000000000000e+02
