1.230000000000000000e+02 6.410000000000000000e+02
1.340000000000000000e+02 7.210000000000000000e+02
1.490000000000000000e+02 7.960000000000000000e+02
1.590000000000000000e+02 8.710000000000000000e+02
1.800000000000000000e+02 9.450000000000000000e+02
2.240000000000000000e+02 1.006000000000000000e+03
2.880000000000000000e+02 1.055000000000000000e+03
3.610000000000000000e+02 1.099000000000000000e+03
4.400000000000000000e+02 1.114000000000000000e+03
5.210000000000000000e+02 1.105000000000000000e+03
5.940000000000000000e+02 1.070000000000000000e+03
6.550000000000000000e+02 1.022000000000000000e+03
6.970000000000000000e+02 9.590000000000000000e+02
7.170000000000000000e+02 8.820000000000000000e+02
7.300000000000000000e+02 8.050000000000000000e+02
7.510000000000000000e+02 7.260000000000000000e+02
7.630000000000000000e+02 6.430000000000000000e+02
1.730000000000000000e+02 5.900000000000000000e+02
2.110000000000000000e+02 5.500000000000000000e+02
2.670000000000000000e+02 5.310000000000000000e+02
3.260000000000000000e+02 5.330000000000000000e+02
3.830000000000000000e+02 5.530000000000000000e+02
4.930000000000000000e+02 5.540000000000000000e+02
5.510000000000000000e+02 5.380000000000000000e+02
6.100000000000000000e+02 5.380000000000000000e+02
6.680000000000000000e+02 5.520000000000000000e+02
7.110000000000000000e+02 5.890000000000000000e+02
4.370000000000000000e+02 6.200000000000000000e+02
4.360000000000000000e+02 6.730000000000000000e+02
4.340000000000000000e+02 7.250000000000000000e+02
4.330000000000000000e+02 7.780000000000000000e+02
3.830000000000000000e+02 8.160000000000000000e+02
4.080000000000000000e+02 8.260000000000000000e+02
4.350000000000000000e+02 8.340000000000000000e+02
4.640000000000000000e+02 8.270000000000000000e+02
4.920000000000000000e+02 8.190000000000000000e+02
2.480000000000000000e+02 6.340000000000000000e+02
2.860000000000000000e+02 6.140000000000000000e+02
3.270000000000000000e+02 6.130000000000000000e+02
3.640000000000000000e+02 6.380000000000000000e+02
3.260000000000000000e+02 6.470000000000000000e+02
2.840000000000000000e+02 6.480000000000000000e+02
5.200000000000000000e+02 6.380000000000000000e+02
5.570000000000000000e+02 6.150000000000000000e+02
5.970000000000000000e+02 6.170000000000000000e+02
6.330000000000000000e+02 6.370000000000000000e+02
5.990000000000000000e+02 6.510000000000000000e+02
5.570000000000000000e+02 6.480000000000000000e+02
3.260000000000000000e+02 9.080000000000000000e+02
3.670000000000000000e+02 8.910000000000000000e+02
4.070000000000000000e+02 8.810000000000000000e+02
4.390000000000000000e+02 8.910000000000000000e+02
4.700000000000000000e+02 8.840000000000000000e+02
5.130000000000000000e+02 8.960000000000000000e+02
5.630000000000000000e+02 9.130000000000000000e+02
5.140000000000000000e+02 9.420000000000000000e+02
4.720000000000000000e+02 9.540000000000000000e+02
4.380000000000000000e+02 9.560000000000000000e+02
4.040000000000000000e+02 9.510000000000000000e+02
3.660000000000000000e+02 9.380000000000000000e+02
3.460000000000000000e+02 9.120000000000000000e+02
4.060000000000000000e+02 9.100000000000000000e+02
4.390000000000000000e+02 9.150000000000000000e+02
4.710000000000000000e+02 9.120000000000000000e+02
5.410000000000000000e+02 9.150000000000000000e+02
4.700000000000000000e+02 9.140000000000000000e+02
4.380000000000000000e+02 9.160000000000000000e+02
4.060000000000000000e+02 9.110000000000000000e+02
