1.290000000000000000e+02 6.390000000000000000e+02
1.360000000000000000e+02 7.250000000000000000e+02
1.490000000000000000e+02 8.070000000000000000e+02
1.660000000000000000e+02 8.850000000000000000e+02
1.980000000000000000e+02 9.570000000000000000e+02
2.470000000000000000e+02 1.014000000000000000e+03
3.110000000000000000e+02 1.056000000000000000e+03
3.820000000000000000e+02 1.086000000000000000e+03
4.500000000000000000e+02 1.095000000000000000e+03
5.130000000000000000e+02 1.083000000000000000e+03
5.690000000000000000e+02 1.046000000000000000e+03
6.190000000000000000e+02 9.980000000000000000e+02
6.580000000000000000e+02 9.370000000000000000e+02
6.840000000000000000e+02 8.650000000000000000e+02
6.990000000000000000e+02 7.880000000000000000e+02
7.120000000000000000e+02 7.130000000000000000e+02
7.190000000000000000e+02 6.330000000000000000e+02
1.800000000000000000e+02 5.810000000000000000e+02
2.180000000000000000e+02 5.350000000000000000e+02
2.760000000000000000e+02 5.130000000000000000e+02
3.390000000000000000e+02 5.160000000000000000e+02
3.970000000000000000e+02 5.410000000000000000e+02
4.960000000000000000e+02 5.450000000000000000e+02
5.510000000000000000e+02 5.230000000000000000e+02
6.100000000000000000e+02 5.210000000000000000e+02
6.660000000000000000e+02 5.420000000000000000e+02
6.940000000000000000e+02 5.930000000000000000e+02
4.480000000000000000e+02 6.190000000000000000e+02
4.490000000000000000e+02 6.720000000000000000e+02
4.510000000000000000e+02 7.230000000000000000e+02
4.530000000000000000e+02 7.760000000000000000e+02
3.830000000000000000e+02 8.160000000000000000e+02
4.140000000000000000e+02 8.210000000000000000e+02
4.480000000000000000e+02 8.260000000000000000e+02
4.780000000000000000e+02 8.210000000000000000e+02
5.080000000000000000e+02 8.150000000000000000e+02
2.470000000000000000e+02 6.250000000000000000e+02
2.830000000000000000e+02 6.040000000000000000e+02
3.270000000000000000e+02 6.040000000000000000e+02
3.610000000000000000e+02 6.380000000000000000e+02
3.230000000000000000e+02 6.440000000000000000e+02
2.790000000000000000e+02 6.430000000000000000e+02
5.240000000000000000e+02 6.400000000000000000e+02
5.600000000000000000e+02 6.110000000000000000e+02
6.010000000000000000e+02 6.110000000000000000e+02
6.340000000000000000e+02 6.350000000000000000e+02
6.030000000000000000e+02 6.490000000000000000e+02
5.610000000000000000e+02 6.490000000000000000e+02
3.360000000000000000e+02 9.260000000000000000e+02
3.780000000000000000e+02 8.890000000000000000e+02
4.210000000000000000e+02 8.660000000000000000e+02
4.520000000000000000e+02 8.720000000000000000e+02
4.810000000000000000e+02 8.630000000000000000e+02
5.160000000000000000e+02 8.830000000000000000e+02
5.440000000000000000e+02 9.220000000000000000e+02
5.180000000000000000e+02 9.600000000000000000e+02
4.830000000000000000e+02 9.800000000000000000e+02
4.520000000000000000e+02 9.850000000000000000e+02
4.190000000000000000e+02 9.820000000000000000e+02
3.770000000000000000e+02 9.670000000000000000e+02
3.570000000000000000e+02 9.250000000000000000e+02
4.200000000000000000e+02 9.000000000000000000e+02
4.520000000000000000e+02 9.010000000000000000e+02
4.810000000000000000e+02 8.980000000000000000e+02
5.240000000000000000e+02 9.210000000000000000e+02
4.820000000000000000e+02 9.380000000000000000e+02
4.510000000000000000e+02 9.430000000000000000e+02
4.200000000000000000e+02 9.400000000000000000e+02
