1.200000000000000000e+02 6.360000000000000000e+02
1.330000000000000000e+02 7.170000000000000000e+02
1.510000000000000000e+02 7.960000000000000000e+02
1.700000000000000000e+02 8.720000000000000000e+02
1.960000000000000000e+02 9.450000000000000000e+02
2.420000000000000000e+02 1.006000000000000000e+03
3.040000000000000000e+02 1.054000000000000000e+03
3.730000000000000000e+02 1.088000000000000000e+03
4.440000000000000000e+02 1.102000000000000000e+03
5.150000000000000000e+02 1.092000000000000000e+03
5.820000000000000000e+02 1.056000000000000000e+03
6.380000000000000000e+02 1.003000000000000000e+03
6.790000000000000000e+02 9.380000000000000000e+02
7.000000000000000000e+02 8.640000000000000000e+02
7.150000000000000000e+02 7.850000000000000000e+02
7.280000000000000000e+02 7.050000000000000000e+02
7.330000000000000000e+02 6.220000000000000000e+02
1.890000000000000000e+02 5.610000000000000000e+02
2.270000000000000000e+02 5.280000000000000000e+02
2.800000000000000000e+02 5.260000000000000000e+02
3.330000000000000000e+02 5.410000000000000000e+02
3.830000000000000000e+02 5.640000000000000000e+02
5.030000000000000000e+02 5.600000000000000000e+02
5.520000000000000000e+02 5.350000000000000000e+02
6.040000000000000000e+02 5.210000000000000000e+02
6.560000000000000000e+02 5.290000000000000000e+02
6.880000000000000000e+02 5.690000000000000000e+02
4.440000000000000000e+02 6.200000000000000000e+02
4.460000000000000000e+02 6.740000000000000000e+02
4.460000000000000000e+02 7.260000000000000000e+02
4.480000000000000000e+02 7.790000000000000000e+02
3.920000000000000000e+02 8.220000000000000000e+02
4.190000000000000000e+02 8.300000000000000000e+02
4.460000000000000000e+02 8.350000000000000000e+02
4.740000000000000000e+02 8.300000000000000000e+02
5.010000000000000000e+02 8.240000000000000000e+02
2.500000000000000000e+02 6.300000000000000000e+02
2.840000000000000000e+02 6.090000000000000000e+02
3.260000000000000000e+02 6.100000000000000000e+02
3.590000000000000000e+02 6.420000000000000000e+02
3.220000000000000000e+02 6.510000000000000000e+02
2.800000000000000000e+02 6.500000000000000000e+02
5.230000000000000000e+02 6.420000000000000000e+02
5.580000000000000000e+02 6.100000000000000000e+02
6.010000000000000000e+02 6.080000000000000000e+02
6.340000000000000000e+02 6.310000000000000000e+02
6.050000000000000000e+02 6.510000000000000000e+02
5.620000000000000000e+02 6.520000000000000000e+02
3.270000000000000000e+02 9.200000000000000000e+02
3.740000000000000000e+02 9.050000000000000000e+02
4.160000000000000000e+02 8.950000000000000000e+02
4.430000000000000000e+02 9.040000000000000000e+02
4.710000000000000000e+02 8.980000000000000000e+02
5.100000000000000000e+02 9.110000000000000000e+02
5.560000000000000000e+02 9.230000000000000000e+02
5.110000000000000000e+02 9.520000000000000000e+02
4.740000000000000000e+02 9.620000000000000000e+02
4.440000000000000000e+02 9.630000000000000000e+02
4.140000000000000000e+02 9.580000000000000000e+02
3.730000000000000000e+02 9.440000000000000000e+02
3.450000000000000000e+02 9.220000000000000000e+02
4.150000000000000000e+02 9.180000000000000000e+02
4.430000000000000000e+02 9.230000000000000000e+02
4.720000000000000000e+02 9.210000000000000000e+02
5.390000000000000000e+02 9.260000000000000000e+02
4.720000000000000000e+02 9.230000000000000000e+02
4.430000000000000000e+02 9.250000000000000000e+02
4.150000000000000000e+02 9.210000000000000000e+02
