1.450000000000000000e+02 6.310000000000000000e+02
1.480000000000000000e+02 7.110000000000000000e+02
1.610000000000000000e+02 7.900000000000000000e+02
1.820000000000000000e+02 8.660000000000000000e+02
2.150000000000000000e+02 9.350000000000000000e+02
2.580000000000000000e+02 9.990000000000000000e+02
3.120000000000000000e+02 1.052000000000000000e+03
3.700000000000000000e+02 1.095000000000000000e+03
4.400000000000000000e+02 1.107000000000000000e+03
5.070000000000000000e+02 1.091000000000000000e+03
5.670000000000000000e+02 1.048000000000000000e+03
6.190000000000000000e+02 9.940000000000000000e+02
6.570000000000000000e+02 9.290000000000000000e+02
6.830000000000000000e+02 8.580000000000000000e+02
7.030000000000000000e+02 7.850000000000000000e+02
7.170000000000000000e+02 7.080000000000000000e+02
7.180000000000000000e+02 6.290000000000000000e+02
1.920000000000000000e+02 5.680000000000000000e+02
2.300000000000000000e+02 5.320000000000000000e+02
2.870000000000000000e+02 5.260000000000000000e+02
3.410000000000000000e+02 5.380000000000000000e+02
3.910000000000000000e+02 5.600000000000000000e+02
5.000000000000000000e+02 5.520000000000000000e+02
5.500000000000000000e+02 5.270000000000000000e+02
6.030000000000000000e+02 5.140000000000000000e+02
6.570000000000000000e+02 5.250000000000000000e+02
6.910000000000000000e+02 5.640000000000000000e+02
4.440000000000000000e+02 6.210000000000000000e+02
4.440000000000000000e+02 6.800000000000000000e+02
4.430000000000000000e+02 7.370000000000000000e+02
4.430000000000000000e+02 7.970000000000000000e+02
3.810000000000000000e+02 8.310000000000000000e+02
4.100000000000000000e+02 8.390000000000000000e+02
4.410000000000000000e+02 8.470000000000000000e+02
4.710000000000000000e+02 8.390000000000000000e+02
5.000000000000000000e+02 8.310000000000000000e+02
2.480000000000000000e+02 6.250000000000000000e+02
2.840000000000000000e+02 6.030000000000000000e+02
3.280000000000000000e+02 6.060000000000000000e+02
3.650000000000000000e+02 6.390000000000000000e+02
3.250000000000000000e+02 6.450000000000000000e+02
2.800000000000000000e+02 6.450000000000000000e+02
5.200000000000000000e+02 6.360000000000000000e+02
5.580000000000000000e+02 6.010000000000000000e+02
6.020000000000000000e+02 5.970000000000000000e+02
6.370000000000000000e+02 6.190000000000000000e+02
6.070000000000000000e+02 6.390000000000000000e+02
5.620000000000000000e+02 6.420000000000000000e+02
3.290000000000000000e+02 9.220000000000000000e+02
3.740000000000000000e+02 9.130000000000000000e+02
4.120000000000000000e+02 9.030000000000000000e+02
4.410000000000000000e+02 9.110000000000000000e+02
4.720000000000000000e+02 9.020000000000000000e+02
5.090000000000000000e+02 9.100000000000000000e+02
5.520000000000000000e+02 9.160000000000000000e+02
5.110000000000000000e+02 9.520000000000000000e+02
4.750000000000000000e+02 9.700000000000000000e+02
4.420000000000000000e+02 9.750000000000000000e+02
4.110000000000000000e+02 9.720000000000000000e+02
3.720000000000000000e+02 9.560000000000000000e+02
3.490000000000000000e+02 9.260000000000000000e+02
4.120000000000000000e+02 9.290000000000000000e+02
4.420000000000000000e+02 9.320000000000000000e+02
4.730000000000000000e+02 9.260000000000000000e+02
5.310000000000000000e+02 9.200000000000000000e+02
4.730000000000000000e+02 9.310000000000000000e+02
4.420000000000000000e+02 9.360000000000000000e+02
4.110000000000000000e+02 9.330000000000000000e+02
