1.400000000000000000e+02 6.350000000000000000e+02
1.450000000000000000e+02 7.170000000000000000e+02
1.550000000000000000e+02 7.990000000000000000e+02
1.670000000000000000e+02 8.800000000000000000e+02
1.910000000000000000e+02 9.570000000000000000e+02
2.340000000000000000e+02 1.023000000000000000e+03
2.940000000000000000e+02 1.076000000000000000e+03
3.650000000000000000e+02 1.116000000000000000e+03
4.470000000000000000e+02 1.126000000000000000e+03
5.230000000000000000e+02 1.115000000000000000e+03
5.840000000000000000e+02 1.073000000000000000e+03
6.320000000000000000e+02 1.018000000000000000e+03
6.630000000000000000e+02 9.510000000000000000e+02
6.790000000000000000e+02 8.770000000000000000e+02
6.890000000000000000e+02 8.020000000000000000e+02
6.980000000000000000e+02 7.260000000000000000e+02
7.040000000000000000e+02 6.510000000000000000e+02
2.000000000000000000e+02 5.670000000000000000e+02
2.360000000000000000e+02 5.280000000000000000e+02
2.920000000000000000e+02 5.160000000000000000e+02
3.490000000000000000e+02 5.260000000000000000e+02
4.020000000000000000e+02 5.480000000000000000e+02
4.890000000000000000e+02 5.520000000000000000e+02
5.420000000000000000e+02 5.370000000000000000e+02
5.940000000000000000e+02 5.300000000000000000e+02
6.440000000000000000e+02 5.430000000000000000e+02
6.730000000000000000e+02 5.830000000000000000e+02
4.470000000000000000e+02 6.050000000000000000e+02
4.480000000000000000e+02 6.550000000000000000e+02
4.490000000000000000e+02 7.050000000000000000e+02
4.510000000000000000e+02 7.580000000000000000e+02
3.900000000000000000e+02 8.070000000000000000e+02
4.190000000000000000e+02 8.160000000000000000e+02
4.480000000000000000e+02 8.230000000000000000e+02
4.760000000000000000e+02 8.170000000000000000e+02
5.030000000000000000e+02 8.100000000000000000e+02
2.620000000000000000e+02 6.110000000000000000e+02
2.960000000000000000e+02 5.900000000000000000e+02
3.360000000000000000e+02 5.920000000000000000e+02
3.710000000000000000e+02 6.180000000000000000e+02
3.340000000000000000e+02 6.270000000000000000e+02
2.930000000000000000e+02 6.270000000000000000e+02
5.140000000000000000e+02 6.260000000000000000e+02
5.490000000000000000e+02 6.010000000000000000e+02
5.880000000000000000e+02 6.050000000000000000e+02
6.180000000000000000e+02 6.270000000000000000e+02
5.890000000000000000e+02 6.420000000000000000e+02
5.500000000000000000e+02 6.390000000000000000e+02
3.350000000000000000e+02 9.180000000000000000e+02
3.820000000000000000e+02 9.120000000000000000e+02
4.200000000000000000e+02 9.050000000000000000e+02
4.470000000000000000e+02 9.130000000000000000e+02
4.750000000000000000e+02 9.060000000000000000e+02
5.100000000000000000e+02 9.150000000000000000e+02
5.520000000000000000e+02 9.250000000000000000e+02
5.120000000000000000e+02 9.460000000000000000e+02
4.770000000000000000e+02 9.550000000000000000e+02
4.480000000000000000e+02 9.570000000000000000e+02
4.180000000000000000e+02 9.540000000000000000e+02
3.810000000000000000e+02 9.450000000000000000e+02
3.530000000000000000e+02 9.220000000000000000e+02
4.190000000000000000e+02 9.250000000000000000e+02
4.470000000000000000e+02 9.290000000000000000e+02
4.760000000000000000e+02 9.260000000000000000e+02
5.330000000000000000e+02 9.270000000000000000e+02
4.750000000000000000e+02 9.220000000000000000e+02
4.470000000000000000e+02 9.240000000000000000e+02
4.190000000000000000e+02 9.200000000000000000e+02
