1.200000000000000000e+02 6.480000000000000000e+02
1.220000000000000000e+02 7.280000000000000000e+02
1.340000000000000000e+02 8.070000000000000000e+02
1.550000000000000000e+02 8.830000000000000000e+02
1.850000000000000000e+02 9.530000000000000000e+02
2.330000000000000000e+02 1.015000000000000000e+03
2.960000000000000000e+02 1.066000000000000000e+03
3.650000000000000000e+02 1.102000000000000000e+03
4.430000000000000000e+02 1.108000000000000000e+03
5.180000000000000000e+02 1.091000000000000000e+03
5.790000000000000000e+02 1.049000000000000000e+03
6.320000000000000000e+02 9.980000000000000000e+02
6.700000000000000000e+02 9.380000000000000000e+02
6.890000000000000000e+02 8.680000000000000000e+02
7.030000000000000000e+02 7.950000000000000000e+02
7.160000000000000000e+02 7.230000000000000000e+02
7.190000000000000000e+02 6.520000000000000000e+02
2.080000000000000000e+02 5.530000000000000000e+02
2.490000000000000000e+02 5.250000000000000000e+02
2.980000000000000000e+02 5.130000000000000000e+02
3.500000000000000000e+02 5.120000000000000000e+02
3.950000000000000000e+02 5.330000000000000000e+02
5.090000000000000000e+02 5.350000000000000000e+02
5.510000000000000000e+02 5.110000000000000000e+02
5.990000000000000000e+02 5.080000000000000000e+02
6.450000000000000000e+02 5.220000000000000000e+02
6.760000000000000000e+02 5.540000000000000000e+02
4.500000000000000000e+02 6.110000000000000000e+02
4.500000000000000000e+02 6.710000000000000000e+02
4.490000000000000000e+02 7.300000000000000000e+02
4.480000000000000000e+02 7.900000000000000000e+02
3.890000000000000000e+02 8.220000000000000000e+02
4.170000000000000000e+02 8.340000000000000000e+02
4.460000000000000000e+02 8.420000000000000000e+02
4.760000000000000000e+02 8.330000000000000000e+02
5.030000000000000000e+02 8.220000000000000000e+02
2.610000000000000000e+02 6.270000000000000000e+02
2.950000000000000000e+02 6.030000000000000000e+02
3.380000000000000000e+02 6.030000000000000000e+02
3.760000000000000000e+02 6.360000000000000000e+02
3.370000000000000000e+02 6.460000000000000000e+02
2.930000000000000000e+02 6.470000000000000000e+02
5.150000000000000000e+02 6.350000000000000000e+02
5.510000000000000000e+02 6.030000000000000000e+02
5.930000000000000000e+02 6.010000000000000000e+02
6.240000000000000000e+02 6.260000000000000000e+02
5.960000000000000000e+02 6.450000000000000000e+02
5.540000000000000000e+02 6.450000000000000000e+02
3.330000000000000000e+02 9.230000000000000000e+02
3.780000000000000000e+02 9.070000000000000000e+02
4.160000000000000000e+02 8.980000000000000000e+02
4.470000000000000000e+02 9.070000000000000000e+02
4.750000000000000000e+02 8.980000000000000000e+02
5.120000000000000000e+02 9.070000000000000000e+02
5.520000000000000000e+02 9.190000000000000000e+02
5.120000000000000000e+02 9.400000000000000000e+02
4.760000000000000000e+02 9.530000000000000000e+02
4.460000000000000000e+02 9.570000000000000000e+02
4.140000000000000000e+02 9.540000000000000000e+02
3.760000000000000000e+02 9.440000000000000000e+02
3.520000000000000000e+02 9.240000000000000000e+02
4.160000000000000000e+02 9.220000000000000000e+02
4.470000000000000000e+02 9.250000000000000000e+02
4.760000000000000000e+02 9.220000000000000000e+02
5.320000000000000000e+02 9.220000000000000000e+02
4.740000000000000000e+02 9.180000000000000000e+02
4.460000000000000000e+02 9.220000000000000000e+02
4.160000000000000000e+02 9.190000000000000000e+02
