1.310000000000000000e+02 6.590000000000000000e+02
1.370000000000000000e+02 7.400000000000000000e+02
1.480000000000000000e+02 8.210000000000000000e+02
1.650000000000000000e+02 9.000000000000000000e+02
1.910000000000000000e+02 9.720000000000000000e+02
2.340000000000000000e+02 1.033000000000000000e+03
2.990000000000000000e+02 1.071000000000000000e+03
3.670000000000000000e+02 1.099000000000000000e+03
4.420000000000000000e+02 1.108000000000000000e+03
5.180000000000000000e+02 1.096000000000000000e+03
5.900000000000000000e+02 1.068000000000000000e+03
6.610000000000000000e+02 1.035000000000000000e+03
7.090000000000000000e+02 9.790000000000000000e+02
7.330000000000000000e+02 9.060000000000000000e+02
7.450000000000000000e+02 8.270000000000000000e+02
7.580000000000000000e+02 7.480000000000000000e+02
7.670000000000000000e+02 6.640000000000000000e+02
1.830000000000000000e+02 5.780000000000000000e+02
2.150000000000000000e+02 5.380000000000000000e+02
2.660000000000000000e+02 5.180000000000000000e+02
3.230000000000000000e+02 5.180000000000000000e+02
3.770000000000000000e+02 5.380000000000000000e+02
5.060000000000000000e+02 5.390000000000000000e+02
5.630000000000000000e+02 5.240000000000000000e+02
6.210000000000000000e+02 5.260000000000000000e+02
6.720000000000000000e+02 5.450000000000000000e+02
7.060000000000000000e+02 5.810000000000000000e+02
4.380000000000000000e+02 6.160000000000000000e+02
4.340000000000000000e+02 6.610000000000000000e+02
4.320000000000000000e+02 7.030000000000000000e+02
4.290000000000000000e+02 7.490000000000000000e+02
3.850000000000000000e+02 8.040000000000000000e+02
4.090000000000000000e+02 8.090000000000000000e+02
4.350000000000000000e+02 8.110000000000000000e+02
4.630000000000000000e+02 8.080000000000000000e+02
4.910000000000000000e+02 8.050000000000000000e+02
2.540000000000000000e+02 6.420000000000000000e+02
2.870000000000000000e+02 6.250000000000000000e+02
3.260000000000000000e+02 6.230000000000000000e+02
3.650000000000000000e+02 6.440000000000000000e+02
3.260000000000000000e+02 6.550000000000000000e+02
2.860000000000000000e+02 6.570000000000000000e+02
5.250000000000000000e+02 6.430000000000000000e+02
5.610000000000000000e+02 6.230000000000000000e+02
6.000000000000000000e+02 6.230000000000000000e+02
6.360000000000000000e+02 6.410000000000000000e+02
6.020000000000000000e+02 6.540000000000000000e+02
5.610000000000000000e+02 6.530000000000000000e+02
3.250000000000000000e+02 9.190000000000000000e+02
3.670000000000000000e+02 8.940000000000000000e+02
4.060000000000000000e+02 8.850000000000000000e+02
4.390000000000000000e+02 8.910000000000000000e+02
4.700000000000000000e+02 8.860000000000000000e+02
5.100000000000000000e+02 8.940000000000000000e+02
5.550000000000000000e+02 9.200000000000000000e+02
5.100000000000000000e+02 9.350000000000000000e+02
4.700000000000000000e+02 9.410000000000000000e+02
4.380000000000000000e+02 9.420000000000000000e+02
4.050000000000000000e+02 9.400000000000000000e+02
3.670000000000000000e+02 9.340000000000000000e+02
3.430000000000000000e+02 9.130000000000000000e+02
4.070000000000000000e+02 9.060000000000000000e+02
4.390000000000000000e+02 9.100000000000000000e+02
4.700000000000000000e+02 9.080000000000000000e+02
5.370000000000000000e+02 9.150000000000000000e+02
4.700000000000000000e+02 9.060000000000000000e+02
4.390000000000000000e+02 9.080000000000000000e+02
4.060000000000000000e+02 9.040000000000000000e+02
