1.390000000000000000e+02 6.410000000000000000e+02
1.420000000000000000e+02 7.240000000000000000e+02
1.530000000000000000e+02 8.040000000000000000e+02
1.700000000000000000e+02 8.840000000000000000e+02
1.960000000000000000e+02 9.580000000000000000e+02
2.350000000000000000e+02 1.023000000000000000e+03
2.980000000000000000e+02 1.069000000000000000e+03
3.740000000000000000e+02 1.098000000000000000e+03
4.530000000000000000e+02 1.107000000000000000e+03
5.280000000000000000e+02 1.095000000000000000e+03
5.980000000000000000e+02 1.061000000000000000e+03
6.580000000000000000e+02 1.011000000000000000e+03
6.930000000000000000e+02 9.460000000000000000e+02
7.170000000000000000e+02 8.730000000000000000e+02
7.300000000000000000e+02 7.990000000000000000e+02
7.400000000000000000e+02 7.240000000000000000e+02
7.440000000000000000e+02 6.460000000000000000e+02
1.840000000000000000e+02 5.470000000000000000e+02
2.280000000000000000e+02 5.180000000000000000e+02
2.850000000000000000e+02 5.220000000000000000e+02
3.380000000000000000e+02 5.380000000000000000e+02
3.880000000000000000e+02 5.650000000000000000e+02
4.940000000000000000e+02 5.650000000000000000e+02
5.470000000000000000e+02 5.420000000000000000e+02
6.020000000000000000e+02 5.280000000000000000e+02
6.600000000000000000e+02 5.230000000000000000e+02
7.030000000000000000e+02 5.520000000000000000e+02
4.410000000000000000e+02 6.150000000000000000e+02
4.390000000000000000e+02 6.680000000000000000e+02
4.360000000000000000e+02 7.210000000000000000e+02
4.340000000000000000e+02 7.750000000000000000e+02
3.800000000000000000e+02 8.140000000000000000e+02
4.070000000000000000e+02 8.240000000000000000e+02
4.370000000000000000e+02 8.320000000000000000e+02
4.670000000000000000e+02 8.250000000000000000e+02
4.940000000000000000e+02 8.150000000000000000e+02
2.430000000000000000e+02 6.260000000000000000e+02
2.770000000000000000e+02 6.080000000000000000e+02
3.180000000000000000e+02 6.110000000000000000e+02
3.580000000000000000e+02 6.380000000000000000e+02
3.150000000000000000e+02 6.480000000000000000e+02
2.730000000000000000e+02 6.460000000000000000e+02
5.250000000000000000e+02 6.400000000000000000e+02
5.640000000000000000e+02 6.120000000000000000e+02
6.050000000000000000e+02 6.120000000000000000e+02
6.390000000000000000e+02 6.320000000000000000e+02
6.080000000000000000e+02 6.510000000000000000e+02
5.660000000000000000e+02 6.500000000000000000e+02
3.300000000000000000e+02 9.240000000000000000e+02
3.730000000000000000e+02 9.060000000000000000e+02
4.090000000000000000e+02 8.920000000000000000e+02
4.360000000000000000e+02 9.000000000000000000e+02
4.640000000000000000e+02 8.940000000000000000e+02
5.010000000000000000e+02 9.040000000000000000e+02
5.460000000000000000e+02 9.170000000000000000e+02
5.030000000000000000e+02 9.360000000000000000e+02
4.680000000000000000e+02 9.440000000000000000e+02
4.380000000000000000e+02 9.470000000000000000e+02
4.100000000000000000e+02 9.450000000000000000e+02
3.730000000000000000e+02 9.400000000000000000e+02
3.440000000000000000e+02 9.240000000000000000e+02
4.090000000000000000e+02 9.160000000000000000e+02
4.380000000000000000e+02 9.190000000000000000e+02
4.650000000000000000e+02 9.160000000000000000e+02
5.290000000000000000e+02 9.180000000000000000e+02
4.650000000000000000e+02 9.110000000000000000e+02
4.370000000000000000e+02 9.140000000000000000e+02
4.090000000000000000e+02 9.120000000000000000e+02
