1.430000000000000000e+02 6.130000000000000000e+02
1.520000000000000000e+02 6.970000000000000000e+02
1.680000000000000000e+02 7.780000000000000000e+02
1.850000000000000000e+02 8.570000000000000000e+02
2.110000000000000000e+02 9.300000000000000000e+02
2.530000000000000000e+02 9.940000000000000000e+02
3.070000000000000000e+02 1.047000000000000000e+03
3.690000000000000000e+02 1.088000000000000000e+03
4.440000000000000000e+02 1.099000000000000000e+03
5.190000000000000000e+02 1.085000000000000000e+03
5.830000000000000000e+02 1.041000000000000000e+03
6.370000000000000000e+02 9.890000000000000000e+02
6.770000000000000000e+02 9.230000000000000000e+02
7.010000000000000000e+02 8.510000000000000000e+02
7.170000000000000000e+02 7.740000000000000000e+02
7.320000000000000000e+02 6.980000000000000000e+02
7.420000000000000000e+02 6.180000000000000000e+02
1.760000000000000000e+02 5.790000000000000000e+02
2.190000000000000000e+02 5.460000000000000000e+02
2.790000000000000000e+02 5.430000000000000000e+02
3.380000000000000000e+02 5.520000000000000000e+02
3.930000000000000000e+02 5.750000000000000000e+02
4.880000000000000000e+02 5.760000000000000000e+02
5.450000000000000000e+02 5.550000000000000000e+02
6.040000000000000000e+02 5.460000000000000000e+02
6.640000000000000000e+02 5.500000000000000000e+02
7.060000000000000000e+02 5.850000000000000000e+02
4.400000000000000000e+02 6.220000000000000000e+02
4.390000000000000000e+02 6.770000000000000000e+02
4.380000000000000000e+02 7.330000000000000000e+02
4.370000000000000000e+02 7.900000000000000000e+02
3.820000000000000000e+02 8.190000000000000000e+02
4.090000000000000000e+02 8.310000000000000000e+02
4.390000000000000000e+02 8.400000000000000000e+02
4.700000000000000000e+02 8.290000000000000000e+02
4.960000000000000000e+02 8.170000000000000000e+02
2.520000000000000000e+02 6.150000000000000000e+02
2.840000000000000000e+02 5.890000000000000000e+02
3.280000000000000000e+02 5.910000000000000000e+02
3.610000000000000000e+02 6.280000000000000000e+02
3.230000000000000000e+02 6.360000000000000000e+02
2.810000000000000000e+02 6.350000000000000000e+02
5.260000000000000000e+02 6.280000000000000000e+02
5.600000000000000000e+02 5.900000000000000000e+02
6.030000000000000000e+02 5.900000000000000000e+02
6.340000000000000000e+02 6.160000000000000000e+02
6.060000000000000000e+02 6.350000000000000000e+02
5.640000000000000000e+02 6.360000000000000000e+02
3.420000000000000000e+02 9.380000000000000000e+02
3.760000000000000000e+02 9.160000000000000000e+02
4.120000000000000000e+02 9.020000000000000000e+02
4.410000000000000000e+02 9.110000000000000000e+02
4.710000000000000000e+02 9.020000000000000000e+02
5.090000000000000000e+02 9.150000000000000000e+02
5.420000000000000000e+02 9.350000000000000000e+02
5.120000000000000000e+02 9.590000000000000000e+02
4.760000000000000000e+02 9.730000000000000000e+02
4.440000000000000000e+02 9.760000000000000000e+02
4.130000000000000000e+02 9.740000000000000000e+02
3.770000000000000000e+02 9.610000000000000000e+02
3.610000000000000000e+02 9.370000000000000000e+02
4.120000000000000000e+02 9.330000000000000000e+02
4.420000000000000000e+02 9.350000000000000000e+02
4.720000000000000000e+02 9.310000000000000000e+02
5.250000000000000000e+02 9.350000000000000000e+02
4.730000000000000000e+02 9.280000000000000000e+02
4.430000000000000000e+02 9.330000000000000000e+02
4.140000000000000000e+02 9.290000000000000000e+02
