1.680000000000000000e+02 6.370000000000000000e+02
1.730000000000000000e+02 7.190000000000000000e+02
1.810000000000000000e+02 7.970000000000000000e+02
1.850000000000000000e+02 8.770000000000000000e+02
1.980000000000000000e+02 9.550000000000000000e+02
2.320000000000000000e+02 1.022000000000000000e+03
2.900000000000000000e+02 1.075000000000000000e+03
3.600000000000000000e+02 1.116000000000000000e+03
4.430000000000000000e+02 1.129000000000000000e+03
5.280000000000000000e+02 1.116000000000000000e+03
6.030000000000000000e+02 1.076000000000000000e+03
6.670000000000000000e+02 1.027000000000000000e+03
7.080000000000000000e+02 9.600000000000000000e+02
7.260000000000000000e+02 8.780000000000000000e+02
7.330000000000000000e+02 7.970000000000000000e+02
7.420000000000000000e+02 7.150000000000000000e+02
7.490000000000000000e+02 6.320000000000000000e+02
2.020000000000000000e+02 5.620000000000000000e+02
2.300000000000000000e+02 5.250000000000000000e+02
2.800000000000000000e+02 5.150000000000000000e+02
3.300000000000000000e+02 5.270000000000000000e+02
3.760000000000000000e+02 5.530000000000000000e+02
4.860000000000000000e+02 5.530000000000000000e+02
5.340000000000000000e+02 5.270000000000000000e+02
5.870000000000000000e+02 5.130000000000000000e+02
6.410000000000000000e+02 5.210000000000000000e+02
6.760000000000000000e+02 5.560000000000000000e+02
4.340000000000000000e+02 6.110000000000000000e+02
4.310000000000000000e+02 6.610000000000000000e+02
4.290000000000000000e+02 7.110000000000000000e+02
4.270000000000000000e+02 7.640000000000000000e+02
3.850000000000000000e+02 8.060000000000000000e+02
4.060000000000000000e+02 8.150000000000000000e+02
4.290000000000000000e+02 8.220000000000000000e+02
4.560000000000000000e+02 8.160000000000000000e+02
4.810000000000000000e+02 8.070000000000000000e+02
2.640000000000000000e+02 6.280000000000000000e+02
2.930000000000000000e+02 6.130000000000000000e+02
3.270000000000000000e+02 6.140000000000000000e+02
3.610000000000000000e+02 6.330000000000000000e+02
3.260000000000000000e+02 6.400000000000000000e+02
2.910000000000000000e+02 6.420000000000000000e+02
5.210000000000000000e+02 6.330000000000000000e+02
5.530000000000000000e+02 6.150000000000000000e+02
5.880000000000000000e+02 6.140000000000000000e+02
6.200000000000000000e+02 6.300000000000000000e+02
5.900000000000000000e+02 6.430000000000000000e+02
5.560000000000000000e+02 6.420000000000000000e+02
3.370000000000000000e+02 9.260000000000000000e+02
3.760000000000000000e+02 9.080000000000000000e+02
4.080000000000000000e+02 8.980000000000000000e+02
4.320000000000000000e+02 9.070000000000000000e+02
4.570000000000000000e+02 9.000000000000000000e+02
4.950000000000000000e+02 9.130000000000000000e+02
5.440000000000000000e+02 9.330000000000000000e+02
4.950000000000000000e+02 9.430000000000000000e+02
4.580000000000000000e+02 9.450000000000000000e+02
4.310000000000000000e+02 9.460000000000000000e+02
4.050000000000000000e+02 9.440000000000000000e+02
3.740000000000000000e+02 9.390000000000000000e+02
3.550000000000000000e+02 9.250000000000000000e+02
4.070000000000000000e+02 9.230000000000000000e+02
4.330000000000000000e+02 9.260000000000000000e+02
4.580000000000000000e+02 9.250000000000000000e+02
5.240000000000000000e+02 9.310000000000000000e+02
4.570000000000000000e+02 9.210000000000000000e+02
4.320000000000000000e+02 9.210000000000000000e+02
4.070000000000000000e+02 9.180000000000000000e+02
