1.370000000000000000e+02 6.310000000000000000e+02
1.440000000000000000e+02 7.140000000000000000e+02
1.480000000000000000e+02 7.960000000000000000e+02
1.530000000000000000e+02 8.780000000000000000e+02
1.760000000000000000e+02 9.530000000000000000e+02
2.210000000000000000e+02 1.015000000000000000e+03
2.820000000000000000e+02 1.065000000000000000e+03
3.500000000000000000e+02 1.102000000000000000e+03
4.300000000000000000e+02 1.112000000000000000e+03
5.120000000000000000e+02 1.102000000000000000e+03
5.800000000000000000e+02 1.061000000000000000e+03
6.410000000000000000e+02 1.011000000000000000e+03
6.900000000000000000e+02 9.490000000000000000e+02
7.150000000000000000e+02 8.770000000000000000e+02
7.250000000000000000e+02 7.970000000000000000e+02
7.310000000000000000e+02 7.190000000000000000e+02
7.370000000000000000e+02 6.370000000000000000e+02
1.980000000000000000e+02 5.890000000000000000e+02
2.310000000000000000e+02 5.430000000000000000e+02
2.890000000000000000e+02 5.190000000000000000e+02
3.490000000000000000e+02 5.240000000000000000e+02
4.070000000000000000e+02 5.410000000000000000e+02
4.770000000000000000e+02 5.370000000000000000e+02
5.360000000000000000e+02 5.250000000000000000e+02
5.960000000000000000e+02 5.220000000000000000e+02
6.530000000000000000e+02 5.480000000000000000e+02
6.840000000000000000e+02 5.980000000000000000e+02
4.450000000000000000e+02 6.110000000000000000e+02
4.450000000000000000e+02 6.680000000000000000e+02
4.450000000000000000e+02 7.230000000000000000e+02
4.440000000000000000e+02 7.820000000000000000e+02
3.830000000000000000e+02 8.220000000000000000e+02
4.120000000000000000e+02 8.290000000000000000e+02
4.410000000000000000e+02 8.360000000000000000e+02
4.710000000000000000e+02 8.310000000000000000e+02
4.990000000000000000e+02 8.240000000000000000e+02
2.640000000000000000e+02 6.220000000000000000e+02
2.960000000000000000e+02 6.000000000000000000e+02
3.380000000000000000e+02 5.990000000000000000e+02
3.730000000000000000e+02 6.270000000000000000e+02
3.360000000000000000e+02 6.370000000000000000e+02
2.940000000000000000e+02 6.380000000000000000e+02
5.100000000000000000e+02 6.300000000000000000e+02
5.440000000000000000e+02 6.020000000000000000e+02
5.860000000000000000e+02 6.030000000000000000e+02
6.190000000000000000e+02 6.260000000000000000e+02
5.880000000000000000e+02 6.430000000000000000e+02
5.460000000000000000e+02 6.410000000000000000e+02
3.330000000000000000e+02 9.240000000000000000e+02
3.720000000000000000e+02 9.050000000000000000e+02
4.120000000000000000e+02 8.920000000000000000e+02
4.420000000000000000e+02 9.020000000000000000e+02
4.700000000000000000e+02 8.940000000000000000e+02
5.070000000000000000e+02 9.080000000000000000e+02
5.400000000000000000e+02 9.310000000000000000e+02
5.030000000000000000e+02 9.480000000000000000e+02
4.680000000000000000e+02 9.560000000000000000e+02
4.380000000000000000e+02 9.570000000000000000e+02
4.080000000000000000e+02 9.530000000000000000e+02
3.690000000000000000e+02 9.440000000000000000e+02
3.500000000000000000e+02 9.240000000000000000e+02
4.110000000000000000e+02 9.190000000000000000e+02
4.410000000000000000e+02 9.230000000000000000e+02
4.700000000000000000e+02 9.220000000000000000e+02
5.220000000000000000e+02 9.300000000000000000e+02
4.680000000000000000e+02 9.190000000000000000e+02
4.390000000000000000e+02 9.210000000000000000e+02
4.100000000000000000e+02 9.170000000000000000e+02
