1.530000000000000000e+02 6.340000000000000000e+02
1.590000000000000000e+02 7.210000000000000000e+02
1.700000000000000000e+02 8.050000000000000000e+02
1.820000000000000000e+02 8.860000000000000000e+02
2.060000000000000000e+02 9.610000000000000000e+02
2.440000000000000000e+02 1.030000000000000000e+03
2.980000000000000000e+02 1.082000000000000000e+03
3.610000000000000000e+02 1.123000000000000000e+03
4.360000000000000000e+02 1.137000000000000000e+03
5.160000000000000000e+02 1.125000000000000000e+03
5.840000000000000000e+02 1.085000000000000000e+03
6.390000000000000000e+02 1.028000000000000000e+03
6.760000000000000000e+02 9.550000000000000000e+02
6.990000000000000000e+02 8.750000000000000000e+02
7.110000000000000000e+02 7.930000000000000000e+02
7.230000000000000000e+02 7.060000000000000000e+02
7.270000000000000000e+02 6.190000000000000000e+02
1.970000000000000000e+02 5.790000000000000000e+02
2.310000000000000000e+02 5.390000000000000000e+02
2.850000000000000000e+02 5.290000000000000000e+02
3.420000000000000000e+02 5.370000000000000000e+02
3.980000000000000000e+02 5.550000000000000000e+02
4.880000000000000000e+02 5.560000000000000000e+02
5.380000000000000000e+02 5.380000000000000000e+02
5.920000000000000000e+02 5.270000000000000000e+02
6.460000000000000000e+02 5.360000000000000000e+02
6.820000000000000000e+02 5.760000000000000000e+02
4.410000000000000000e+02 6.060000000000000000e+02
4.410000000000000000e+02 6.640000000000000000e+02
4.420000000000000000e+02 7.200000000000000000e+02
4.430000000000000000e+02 7.790000000000000000e+02
3.830000000000000000e+02 8.120000000000000000e+02
4.100000000000000000e+02 8.230000000000000000e+02
4.410000000000000000e+02 8.320000000000000000e+02
4.730000000000000000e+02 8.240000000000000000e+02
5.040000000000000000e+02 8.130000000000000000e+02
2.590000000000000000e+02 6.230000000000000000e+02
2.900000000000000000e+02 6.070000000000000000e+02
3.290000000000000000e+02 6.050000000000000000e+02
3.650000000000000000e+02 6.260000000000000000e+02
3.290000000000000000e+02 6.380000000000000000e+02
2.890000000000000000e+02 6.400000000000000000e+02
5.170000000000000000e+02 6.260000000000000000e+02
5.500000000000000000e+02 6.050000000000000000e+02
5.890000000000000000e+02 6.060000000000000000e+02
6.210000000000000000e+02 6.220000000000000000e+02
5.910000000000000000e+02 6.390000000000000000e+02
5.520000000000000000e+02 6.380000000000000000e+02
3.390000000000000000e+02 9.180000000000000000e+02
3.780000000000000000e+02 9.120000000000000000e+02
4.130000000000000000e+02 9.060000000000000000e+02
4.400000000000000000e+02 9.130000000000000000e+02
4.660000000000000000e+02 9.060000000000000000e+02
5.020000000000000000e+02 9.130000000000000000e+02
5.420000000000000000e+02 9.230000000000000000e+02
5.030000000000000000e+02 9.510000000000000000e+02
4.670000000000000000e+02 9.610000000000000000e+02
4.390000000000000000e+02 9.620000000000000000e+02
4.110000000000000000e+02 9.580000000000000000e+02
3.750000000000000000e+02 9.440000000000000000e+02
3.560000000000000000e+02 9.190000000000000000e+02
4.120000000000000000e+02 9.240000000000000000e+02
4.390000000000000000e+02 9.290000000000000000e+02
4.660000000000000000e+02 9.260000000000000000e+02
5.260000000000000000e+02 9.250000000000000000e+02
4.660000000000000000e+02 9.310000000000000000e+02
4.400000000000000000e+02 9.340000000000000000e+02
4.130000000000000000e+02 9.290000000000000000e+02
