1.500000000000000000e+02 6.610000000000000000e+02
1.500000000000000000e+02 7.370000000000000000e+02
1.580000000000000000e+02 8.170000000000000000e+02
1.720000000000000000e+02 8.940000000000000000e+02
1.970000000000000000e+02 9.690000000000000000e+02
2.320000000000000000e+02 1.038000000000000000e+03
2.850000000000000000e+02 1.092000000000000000e+03
3.520000000000000000e+02 1.132000000000000000e+03
4.390000000000000000e+02 1.144000000000000000e+03
5.300000000000000000e+02 1.131000000000000000e+03
6.050000000000000000e+02 1.093000000000000000e+03
6.640000000000000000e+02 1.039000000000000000e+03
7.010000000000000000e+02 9.650000000000000000e+02
7.230000000000000000e+02 8.880000000000000000e+02
7.330000000000000000e+02 8.120000000000000000e+02
7.410000000000000000e+02 7.330000000000000000e+02
7.370000000000000000e+02 6.610000000000000000e+02
2.070000000000000000e+02 5.850000000000000000e+02
2.370000000000000000e+02 5.440000000000000000e+02
2.910000000000000000e+02 5.240000000000000000e+02
3.460000000000000000e+02 5.260000000000000000e+02
3.990000000000000000e+02 5.450000000000000000e+02
4.870000000000000000e+02 5.470000000000000000e+02
5.390000000000000000e+02 5.310000000000000000e+02
5.960000000000000000e+02 5.310000000000000000e+02
6.510000000000000000e+02 5.520000000000000000e+02
6.850000000000000000e+02 5.930000000000000000e+02
4.360000000000000000e+02 6.100000000000000000e+02
4.340000000000000000e+02 6.630000000000000000e+02
4.310000000000000000e+02 7.120000000000000000e+02
4.300000000000000000e+02 7.630000000000000000e+02
3.750000000000000000e+02 8.090000000000000000e+02
4.030000000000000000e+02 8.210000000000000000e+02
4.350000000000000000e+02 8.290000000000000000e+02
4.700000000000000000e+02 8.200000000000000000e+02
5.030000000000000000e+02 8.080000000000000000e+02
2.580000000000000000e+02 6.280000000000000000e+02
2.910000000000000000e+02 6.070000000000000000e+02
3.300000000000000000e+02 6.070000000000000000e+02
3.680000000000000000e+02 6.330000000000000000e+02
3.280000000000000000e+02 6.400000000000000000e+02
2.890000000000000000e+02 6.410000000000000000e+02
5.170000000000000000e+02 6.330000000000000000e+02
5.510000000000000000e+02 6.100000000000000000e+02
5.910000000000000000e+02 6.110000000000000000e+02
6.240000000000000000e+02 6.300000000000000000e+02
5.920000000000000000e+02 6.410000000000000000e+02
5.520000000000000000e+02 6.400000000000000000e+02
3.320000000000000000e+02 9.300000000000000000e+02
3.680000000000000000e+02 8.960000000000000000e+02
4.050000000000000000e+02 8.780000000000000000e+02
4.400000000000000000e+02 8.870000000000000000e+02
4.750000000000000000e+02 8.780000000000000000e+02
5.170000000000000000e+02 8.930000000000000000e+02
5.580000000000000000e+02 9.260000000000000000e+02
5.190000000000000000e+02 9.440000000000000000e+02
4.770000000000000000e+02 9.530000000000000000e+02
4.410000000000000000e+02 9.550000000000000000e+02
4.060000000000000000e+02 9.540000000000000000e+02
3.690000000000000000e+02 9.470000000000000000e+02
3.520000000000000000e+02 9.270000000000000000e+02
4.050000000000000000e+02 9.090000000000000000e+02
4.400000000000000000e+02 9.120000000000000000e+02
4.750000000000000000e+02 9.080000000000000000e+02
5.400000000000000000e+02 9.230000000000000000e+02
4.760000000000000000e+02 9.190000000000000000e+02
4.410000000000000000e+02 9.220000000000000000e+02
4.060000000000000000e+02 9.190000000000000000e+02
