1.190000000000000000e+02 6.390000000000000000e+02
1.340000000000000000e+02 7.190000000000000000e+02
1.540000000000000000e+02 8.000000000000000000e+02
1.720000000000000000e+02 8.780000000000000000e+02
1.980000000000000000e+02 9.560000000000000000e+02
2.450000000000000000e+02 1.019000000000000000e+03
3.060000000000000000e+02 1.068000000000000000e+03
3.730000000000000000e+02 1.107000000000000000e+03
4.480000000000000000e+02 1.114000000000000000e+03
5.220000000000000000e+02 1.100000000000000000e+03
5.890000000000000000e+02 1.062000000000000000e+03
6.470000000000000000e+02 1.012000000000000000e+03
6.910000000000000000e+02 9.500000000000000000e+02
7.160000000000000000e+02 8.750000000000000000e+02
7.350000000000000000e+02 7.960000000000000000e+02
7.520000000000000000e+02 7.150000000000000000e+02
7.630000000000000000e+02 6.290000000000000000e+02
1.750000000000000000e+02 5.810000000000000000e+02
2.180000000000000000e+02 5.420000000000000000e+02
2.800000000000000000e+02 5.370000000000000000e+02
3.430000000000000000e+02 5.440000000000000000e+02
4.070000000000000000e+02 5.600000000000000000e+02
4.750000000000000000e+02 5.620000000000000000e+02
5.370000000000000000e+02 5.430000000000000000e+02
6.000000000000000000e+02 5.340000000000000000e+02
6.620000000000000000e+02 5.440000000000000000e+02
7.060000000000000000e+02 5.840000000000000000e+02
4.410000000000000000e+02 6.140000000000000000e+02
4.410000000000000000e+02 6.620000000000000000e+02
4.410000000000000000e+02 7.100000000000000000e+02
4.410000000000000000e+02 7.590000000000000000e+02
3.870000000000000000e+02 8.090000000000000000e+02
4.120000000000000000e+02 8.180000000000000000e+02
4.400000000000000000e+02 8.250000000000000000e+02
4.690000000000000000e+02 8.170000000000000000e+02
4.960000000000000000e+02 8.080000000000000000e+02
2.460000000000000000e+02 6.290000000000000000e+02
2.810000000000000000e+02 6.060000000000000000e+02
3.250000000000000000e+02 6.060000000000000000e+02
3.600000000000000000e+02 6.350000000000000000e+02
3.210000000000000000e+02 6.490000000000000000e+02
2.770000000000000000e+02 6.490000000000000000e+02
5.240000000000000000e+02 6.360000000000000000e+02
5.590000000000000000e+02 6.070000000000000000e+02
6.030000000000000000e+02 6.060000000000000000e+02
6.360000000000000000e+02 6.290000000000000000e+02
6.060000000000000000e+02 6.490000000000000000e+02
5.620000000000000000e+02 6.500000000000000000e+02
3.320000000000000000e+02 9.260000000000000000e+02
3.710000000000000000e+02 9.030000000000000000e+02
4.090000000000000000e+02 8.890000000000000000e+02
4.390000000000000000e+02 8.980000000000000000e+02
4.700000000000000000e+02 8.890000000000000000e+02
5.080000000000000000e+02 9.010000000000000000e+02
5.490000000000000000e+02 9.210000000000000000e+02
5.080000000000000000e+02 9.420000000000000000e+02
4.710000000000000000e+02 9.510000000000000000e+02
4.390000000000000000e+02 9.540000000000000000e+02
4.070000000000000000e+02 9.520000000000000000e+02
3.700000000000000000e+02 9.440000000000000000e+02
3.480000000000000000e+02 9.250000000000000000e+02
4.080000000000000000e+02 9.140000000000000000e+02
4.390000000000000000e+02 9.160000000000000000e+02
4.700000000000000000e+02 9.130000000000000000e+02
5.320000000000000000e+02 9.210000000000000000e+02
4.700000000000000000e+02 9.180000000000000000e+02
4.390000000000000000e+02 9.220000000000000000e+02
4.080000000000000000e+02 9.200000000000000000e+02
