1.380000000000000000e+02 5.930000000000000000e+02
1.460000000000000000e+02 6.800000000000000000e+02
1.630000000000000000e+02 7.640000000000000000e+02
1.780000000000000000e+02 8.470000000000000000e+02
2.020000000000000000e+02 9.260000000000000000e+02
2.420000000000000000e+02 9.950000000000000000e+02
3.000000000000000000e+02 1.050000000000000000e+03
3.660000000000000000e+02 1.090000000000000000e+03
4.360000000000000000e+02 1.103000000000000000e+03
5.090000000000000000e+02 1.089000000000000000e+03
5.780000000000000000e+02 1.050000000000000000e+03
6.390000000000000000e+02 9.970000000000000000e+02
6.820000000000000000e+02 9.290000000000000000e+02
7.060000000000000000e+02 8.520000000000000000e+02
7.230000000000000000e+02 7.720000000000000000e+02
7.400000000000000000e+02 6.900000000000000000e+02
7.500000000000000000e+02 6.040000000000000000e+02
1.800000000000000000e+02 5.850000000000000000e+02
2.180000000000000000e+02 5.410000000000000000e+02
2.800000000000000000e+02 5.250000000000000000e+02
3.410000000000000000e+02 5.350000000000000000e+02
3.970000000000000000e+02 5.610000000000000000e+02
4.840000000000000000e+02 5.570000000000000000e+02
5.410000000000000000e+02 5.320000000000000000e+02
6.040000000000000000e+02 5.260000000000000000e+02
6.650000000000000000e+02 5.450000000000000000e+02
7.050000000000000000e+02 5.880000000000000000e+02
4.380000000000000000e+02 6.160000000000000000e+02
4.360000000000000000e+02 6.770000000000000000e+02
4.330000000000000000e+02 7.380000000000000000e+02
4.310000000000000000e+02 8.000000000000000000e+02
3.820000000000000000e+02 8.320000000000000000e+02
4.050000000000000000e+02 8.440000000000000000e+02
4.330000000000000000e+02 8.520000000000000000e+02
4.620000000000000000e+02 8.430000000000000000e+02
4.890000000000000000e+02 8.320000000000000000e+02
2.470000000000000000e+02 6.290000000000000000e+02
2.800000000000000000e+02 6.110000000000000000e+02
3.220000000000000000e+02 6.120000000000000000e+02
3.610000000000000000e+02 6.400000000000000000e+02
3.200000000000000000e+02 6.490000000000000000e+02
2.770000000000000000e+02 6.490000000000000000e+02
5.230000000000000000e+02 6.390000000000000000e+02
5.580000000000000000e+02 6.120000000000000000e+02
5.990000000000000000e+02 6.110000000000000000e+02
6.340000000000000000e+02 6.300000000000000000e+02
6.020000000000000000e+02 6.480000000000000000e+02
5.590000000000000000e+02 6.480000000000000000e+02
3.420000000000000000e+02 9.280000000000000000e+02
3.790000000000000000e+02 9.110000000000000000e+02
4.130000000000000000e+02 8.990000000000000000e+02
4.390000000000000000e+02 9.060000000000000000e+02
4.640000000000000000e+02 8.990000000000000000e+02
4.990000000000000000e+02 9.100000000000000000e+02
5.400000000000000000e+02 9.230000000000000000e+02
5.010000000000000000e+02 9.570000000000000000e+02
4.680000000000000000e+02 9.730000000000000000e+02
4.400000000000000000e+02 9.760000000000000000e+02
4.110000000000000000e+02 9.730000000000000000e+02
3.780000000000000000e+02 9.580000000000000000e+02
3.590000000000000000e+02 9.260000000000000000e+02
4.120000000000000000e+02 9.240000000000000000e+02
4.390000000000000000e+02 9.260000000000000000e+02
4.650000000000000000e+02 9.220000000000000000e+02
5.240000000000000000e+02 9.230000000000000000e+02
4.660000000000000000e+02 9.280000000000000000e+02
4.390000000000000000e+02 9.320000000000000000e+02
4.120000000000000000e+02 9.280000000000000000e+02
