1.810000000000000000e+02 6.400000000000000000e+02
1.860000000000000000e+02 7.160000000000000000e+02
2.020000000000000000e+02 7.920000000000000000e+02
2.170000000000000000e+02 8.660000000000000000e+02
2.360000000000000000e+02 9.390000000000000000e+02
2.690000000000000000e+02 1.004000000000000000e+03
3.150000000000000000e+02 1.055000000000000000e+03
3.710000000000000000e+02 1.095000000000000000e+03
4.380000000000000000e+02 1.112000000000000000e+03
5.100000000000000000e+02 1.101000000000000000e+03
5.840000000000000000e+02 1.068000000000000000e+03
6.450000000000000000e+02 1.020000000000000000e+03
6.910000000000000000e+02 9.540000000000000000e+02
7.160000000000000000e+02 8.780000000000000000e+02
7.280000000000000000e+02 7.990000000000000000e+02
7.420000000000000000e+02 7.190000000000000000e+02
7.510000000000000000e+02 6.390000000000000000e+02
1.960000000000000000e+02 5.590000000000000000e+02
2.230000000000000000e+02 5.170000000000000000e+02
2.740000000000000000e+02 5.040000000000000000e+02
3.260000000000000000e+02 5.100000000000000000e+02
3.750000000000000000e+02 5.310000000000000000e+02
4.870000000000000000e+02 5.350000000000000000e+02
5.380000000000000000e+02 5.110000000000000000e+02
5.930000000000000000e+02 5.070000000000000000e+02
6.470000000000000000e+02 5.150000000000000000e+02
6.890000000000000000e+02 5.470000000000000000e+02
4.300000000000000000e+02 6.150000000000000000e+02
4.270000000000000000e+02 6.660000000000000000e+02
4.240000000000000000e+02 7.160000000000000000e+02
4.200000000000000000e+02 7.670000000000000000e+02
3.720000000000000000e+02 8.130000000000000000e+02
3.970000000000000000e+02 8.230000000000000000e+02
4.250000000000000000e+02 8.300000000000000000e+02
4.560000000000000000e+02 8.230000000000000000e+02
4.870000000000000000e+02 8.140000000000000000e+02
2.560000000000000000e+02 6.310000000000000000e+02
2.860000000000000000e+02 6.130000000000000000e+02
3.240000000000000000e+02 6.120000000000000000e+02
3.590000000000000000e+02 6.370000000000000000e+02
3.230000000000000000e+02 6.460000000000000000e+02
2.840000000000000000e+02 6.470000000000000000e+02
5.170000000000000000e+02 6.380000000000000000e+02
5.520000000000000000e+02 6.150000000000000000e+02
5.900000000000000000e+02 6.130000000000000000e+02
6.240000000000000000e+02 6.300000000000000000e+02
5.930000000000000000e+02 6.470000000000000000e+02
5.530000000000000000e+02 6.460000000000000000e+02
3.350000000000000000e+02 9.220000000000000000e+02
3.660000000000000000e+02 9.030000000000000000e+02
4.000000000000000000e+02 8.900000000000000000e+02
4.290000000000000000e+02 8.990000000000000000e+02
4.580000000000000000e+02 8.900000000000000000e+02
5.050000000000000000e+02 9.030000000000000000e+02
5.520000000000000000e+02 9.220000000000000000e+02
5.090000000000000000e+02 9.590000000000000000e+02
4.640000000000000000e+02 9.740000000000000000e+02
4.320000000000000000e+02 9.770000000000000000e+02
4.010000000000000000e+02 9.720000000000000000e+02
3.680000000000000000e+02 9.570000000000000000e+02
3.540000000000000000e+02 9.240000000000000000e+02
4.000000000000000000e+02 9.260000000000000000e+02
4.300000000000000000e+02 9.300000000000000000e+02
4.590000000000000000e+02 9.280000000000000000e+02
5.340000000000000000e+02 9.240000000000000000e+02
4.610000000000000000e+02 9.300000000000000000e+02
4.320000000000000000e+02 9.330000000000000000e+02
4.010000000000000000e+02 9.280000000000000000e+02
