1.680000000000000000e+02 6.380000000000000000e+02
1.680000000000000000e+02 7.180000000000000000e+02
1.730000000000000000e+02 7.960000000000000000e+02
1.830000000000000000e+02 8.750000000000000000e+02
2.030000000000000000e+02 9.500000000000000000e+02
2.400000000000000000e+02 1.018000000000000000e+03
2.940000000000000000e+02 1.075000000000000000e+03
3.610000000000000000e+02 1.118000000000000000e+03
4.480000000000000000e+02 1.124000000000000000e+03
5.330000000000000000e+02 1.117000000000000000e+03
6.010000000000000000e+02 1.075000000000000000e+03
6.540000000000000000e+02 1.020000000000000000e+03
6.910000000000000000e+02 9.540000000000000000e+02
7.120000000000000000e+02 8.790000000000000000e+02
7.200000000000000000e+02 8.010000000000000000e+02
7.260000000000000000e+02 7.220000000000000000e+02
7.260000000000000000e+02 6.410000000000000000e+02
1.950000000000000000e+02 5.890000000000000000e+02
2.250000000000000000e+02 5.400000000000000000e+02
2.800000000000000000e+02 5.250000000000000000e+02
3.360000000000000000e+02 5.310000000000000000e+02
3.880000000000000000e+02 5.520000000000000000e+02
4.870000000000000000e+02 5.500000000000000000e+02
5.420000000000000000e+02 5.280000000000000000e+02
6.020000000000000000e+02 5.240000000000000000e+02
6.610000000000000000e+02 5.380000000000000000e+02
6.950000000000000000e+02 5.880000000000000000e+02
4.380000000000000000e+02 6.140000000000000000e+02
4.360000000000000000e+02 6.730000000000000000e+02
4.350000000000000000e+02 7.300000000000000000e+02
4.340000000000000000e+02 7.890000000000000000e+02
3.680000000000000000e+02 8.170000000000000000e+02
4.020000000000000000e+02 8.260000000000000000e+02
4.380000000000000000e+02 8.370000000000000000e+02
4.740000000000000000e+02 8.260000000000000000e+02
5.080000000000000000e+02 8.160000000000000000e+02
2.480000000000000000e+02 6.300000000000000000e+02
2.800000000000000000e+02 6.040000000000000000e+02
3.240000000000000000e+02 6.050000000000000000e+02
3.630000000000000000e+02 6.350000000000000000e+02
3.230000000000000000e+02 6.460000000000000000e+02
2.780000000000000000e+02 6.470000000000000000e+02
5.210000000000000000e+02 6.340000000000000000e+02
5.590000000000000000e+02 6.030000000000000000e+02
6.040000000000000000e+02 6.020000000000000000e+02
6.370000000000000000e+02 6.270000000000000000e+02
6.070000000000000000e+02 6.460000000000000000e+02
5.610000000000000000e+02 6.450000000000000000e+02
3.160000000000000000e+02 9.150000000000000000e+02
3.610000000000000000e+02 8.980000000000000000e+02
4.040000000000000000e+02 8.900000000000000000e+02
4.400000000000000000e+02 9.000000000000000000e+02
4.760000000000000000e+02 8.900000000000000000e+02
5.210000000000000000e+02 8.990000000000000000e+02
5.680000000000000000e+02 9.180000000000000000e+02
5.210000000000000000e+02 9.450000000000000000e+02
4.780000000000000000e+02 9.590000000000000000e+02
4.400000000000000000e+02 9.610000000000000000e+02
4.020000000000000000e+02 9.570000000000000000e+02
3.610000000000000000e+02 9.430000000000000000e+02
3.360000000000000000e+02 9.170000000000000000e+02
4.040000000000000000e+02 9.160000000000000000e+02
4.400000000000000000e+02 9.200000000000000000e+02
4.770000000000000000e+02 9.160000000000000000e+02
5.470000000000000000e+02 9.190000000000000000e+02
4.760000000000000000e+02 9.150000000000000000e+02
4.400000000000000000e+02 9.200000000000000000e+02
4.030000000000000000e+02 9.140000000000000000e+02
