1.520000000000000000e+02 6.120000000000000000e+02
1.570000000000000000e+02 6.920000000000000000e+02
1.680000000000000000e+02 7.730000000000000000e+02
1.840000000000000000e+02 8.520000000000000000e+02
2.120000000000000000e+02 9.290000000000000000e+02
2.560000000000000000e+02 9.940000000000000000e+02
3.100000000000000000e+02 1.046000000000000000e+03
3.750000000000000000e+02 1.087000000000000000e+03
4.440000000000000000e+02 1.095000000000000000e+03
5.150000000000000000e+02 1.082000000000000000e+03
5.790000000000000000e+02 1.042000000000000000e+03
6.350000000000000000e+02 9.920000000000000000e+02
6.760000000000000000e+02 9.300000000000000000e+02
7.060000000000000000e+02 8.560000000000000000e+02
7.210000000000000000e+02 7.760000000000000000e+02
7.330000000000000000e+02 6.900000000000000000e+02
7.380000000000000000e+02 6.060000000000000000e+02
1.950000000000000000e+02 5.550000000000000000e+02
2.390000000000000000e+02 5.260000000000000000e+02
2.930000000000000000e+02 5.250000000000000000e+02
3.430000000000000000e+02 5.370000000000000000e+02
3.910000000000000000e+02 5.580000000000000000e+02
4.910000000000000000e+02 5.560000000000000000e+02
5.410000000000000000e+02 5.320000000000000000e+02
5.940000000000000000e+02 5.170000000000000000e+02
6.480000000000000000e+02 5.210000000000000000e+02
6.900000000000000000e+02 5.540000000000000000e+02
4.380000000000000000e+02 6.280000000000000000e+02
4.390000000000000000e+02 6.790000000000000000e+02
4.390000000000000000e+02 7.300000000000000000e+02
4.390000000000000000e+02 7.820000000000000000e+02
3.830000000000000000e+02 8.310000000000000000e+02
4.090000000000000000e+02 8.380000000000000000e+02
4.380000000000000000e+02 8.430000000000000000e+02
4.680000000000000000e+02 8.380000000000000000e+02
4.950000000000000000e+02 8.310000000000000000e+02
2.480000000000000000e+02 6.280000000000000000e+02
2.830000000000000000e+02 6.070000000000000000e+02
3.250000000000000000e+02 6.100000000000000000e+02
3.600000000000000000e+02 6.460000000000000000e+02
3.200000000000000000e+02 6.530000000000000000e+02
2.770000000000000000e+02 6.500000000000000000e+02
5.210000000000000000e+02 6.450000000000000000e+02
5.570000000000000000e+02 6.080000000000000000e+02
6.010000000000000000e+02 6.030000000000000000e+02
6.360000000000000000e+02 6.250000000000000000e+02
6.060000000000000000e+02 6.470000000000000000e+02
5.620000000000000000e+02 6.500000000000000000e+02
3.340000000000000000e+02 9.290000000000000000e+02
3.760000000000000000e+02 9.100000000000000000e+02
4.130000000000000000e+02 8.950000000000000000e+02
4.410000000000000000e+02 9.020000000000000000e+02
4.690000000000000000e+02 8.940000000000000000e+02
5.080000000000000000e+02 9.090000000000000000e+02
5.450000000000000000e+02 9.310000000000000000e+02
5.120000000000000000e+02 9.650000000000000000e+02
4.730000000000000000e+02 9.810000000000000000e+02
4.420000000000000000e+02 9.840000000000000000e+02
4.110000000000000000e+02 9.810000000000000000e+02
3.720000000000000000e+02 9.650000000000000000e+02
3.530000000000000000e+02 9.300000000000000000e+02
4.120000000000000000e+02 9.280000000000000000e+02
4.410000000000000000e+02 9.320000000000000000e+02
4.700000000000000000e+02 9.280000000000000000e+02
5.270000000000000000e+02 9.330000000000000000e+02
4.720000000000000000e+02 9.360000000000000000e+02
4.420000000000000000e+02 9.380000000000000000e+02
4.130000000000000000e+02 9.350000000000000000e+02
