1.250000000000000000e+02 6.470000000000000000e+02
1.330000000000000000e+02 7.250000000000000000e+02
1.470000000000000000e+02 8.040000000000000000e+02
1.690000000000000000e+02 8.790000000000000000e+02
2.020000000000000000e+02 9.510000000000000000e+02
2.520000000000000000e+02 1.013000000000000000e+03
3.110000000000000000e+02 1.066000000000000000e+03
3.760000000000000000e+02 1.106000000000000000e+03
4.440000000000000000e+02 1.117000000000000000e+03
5.140000000000000000e+02 1.101000000000000000e+03
5.730000000000000000e+02 1.058000000000000000e+03
6.250000000000000000e+02 1.002000000000000000e+03
6.650000000000000000e+02 9.400000000000000000e+02
6.910000000000000000e+02 8.710000000000000000e+02
7.070000000000000000e+02 7.990000000000000000e+02
7.200000000000000000e+02 7.260000000000000000e+02
7.250000000000000000e+02 6.500000000000000000e+02
2.000000000000000000e+02 5.600000000000000000e+02
2.350000000000000000e+02 5.190000000000000000e+02
2.910000000000000000e+02 5.060000000000000000e+02
3.500000000000000000e+02 5.170000000000000000e+02
4.060000000000000000e+02 5.420000000000000000e+02
4.970000000000000000e+02 5.470000000000000000e+02
5.460000000000000000e+02 5.220000000000000000e+02
6.010000000000000000e+02 5.160000000000000000e+02
6.530000000000000000e+02 5.330000000000000000e+02
6.830000000000000000e+02 5.760000000000000000e+02
4.500000000000000000e+02 6.040000000000000000e+02
4.510000000000000000e+02 6.610000000000000000e+02
4.530000000000000000e+02 7.170000000000000000e+02
4.550000000000000000e+02 7.740000000000000000e+02
3.960000000000000000e+02 8.140000000000000000e+02
4.210000000000000000e+02 8.240000000000000000e+02
4.480000000000000000e+02 8.320000000000000000e+02
4.750000000000000000e+02 8.250000000000000000e+02
4.990000000000000000e+02 8.160000000000000000e+02
2.590000000000000000e+02 6.200000000000000000e+02
2.900000000000000000e+02 5.930000000000000000e+02
3.320000000000000000e+02 5.930000000000000000e+02
3.670000000000000000e+02 6.240000000000000000e+02
3.310000000000000000e+02 6.320000000000000000e+02
2.890000000000000000e+02 6.330000000000000000e+02
5.180000000000000000e+02 6.280000000000000000e+02
5.530000000000000000e+02 6.000000000000000000e+02
5.950000000000000000e+02 6.020000000000000000e+02
6.250000000000000000e+02 6.280000000000000000e+02
5.950000000000000000e+02 6.390000000000000000e+02
5.540000000000000000e+02 6.370000000000000000e+02
3.420000000000000000e+02 9.300000000000000000e+02
3.830000000000000000e+02 9.060000000000000000e+02
4.210000000000000000e+02 8.900000000000000000e+02
4.470000000000000000e+02 8.970000000000000000e+02
4.720000000000000000e+02 8.890000000000000000e+02
5.070000000000000000e+02 9.040000000000000000e+02
5.450000000000000000e+02 9.230000000000000000e+02
5.090000000000000000e+02 9.490000000000000000e+02
4.750000000000000000e+02 9.620000000000000000e+02
4.480000000000000000e+02 9.660000000000000000e+02
4.190000000000000000e+02 9.640000000000000000e+02
3.830000000000000000e+02 9.530000000000000000e+02
3.610000000000000000e+02 9.280000000000000000e+02
4.200000000000000000e+02 9.150000000000000000e+02
4.460000000000000000e+02 9.170000000000000000e+02
4.720000000000000000e+02 9.140000000000000000e+02
5.280000000000000000e+02 9.230000000000000000e+02
4.740000000000000000e+02 9.220000000000000000e+02
4.480000000000000000e+02 9.250000000000000000e+02
4.220000000000000000e+02 9.230000000000000000e+02
