1.110000000000000000e+02 6.390000000000000000e+02
1.200000000000000000e+02 7.250000000000000000e+02
1.340000000000000000e+02 8.070000000000000000e+02
1.510000000000000000e+02 8.840000000000000000e+02
1.740000000000000000e+02 9.590000000000000000e+02
2.190000000000000000e+02 1.017000000000000000e+03
2.840000000000000000e+02 1.060000000000000000e+03
3.590000000000000000e+02 1.091000000000000000e+03
4.390000000000000000e+02 1.098000000000000000e+03
5.180000000000000000e+02 1.090000000000000000e+03
5.900000000000000000e+02 1.062000000000000000e+03
6.500000000000000000e+02 1.019000000000000000e+03
6.930000000000000000e+02 9.600000000000000000e+02
7.140000000000000000e+02 8.890000000000000000e+02
7.300000000000000000e+02 8.130000000000000000e+02
7.430000000000000000e+02 7.320000000000000000e+02
7.510000000000000000e+02 6.480000000000000000e+02
1.680000000000000000e+02 5.940000000000000000e+02
2.070000000000000000e+02 5.480000000000000000e+02
2.670000000000000000e+02 5.260000000000000000e+02
3.310000000000000000e+02 5.260000000000000000e+02
3.920000000000000000e+02 5.450000000000000000e+02
4.930000000000000000e+02 5.490000000000000000e+02
5.520000000000000000e+02 5.330000000000000000e+02
6.150000000000000000e+02 5.350000000000000000e+02
6.720000000000000000e+02 5.600000000000000000e+02
7.040000000000000000e+02 6.080000000000000000e+02
4.440000000000000000e+02 6.110000000000000000e+02
4.460000000000000000e+02 6.670000000000000000e+02
4.470000000000000000e+02 7.220000000000000000e+02
4.500000000000000000e+02 7.790000000000000000e+02
3.820000000000000000e+02 8.160000000000000000e+02
4.140000000000000000e+02 8.240000000000000000e+02
4.470000000000000000e+02 8.310000000000000000e+02
4.790000000000000000e+02 8.230000000000000000e+02
5.080000000000000000e+02 8.160000000000000000e+02
2.430000000000000000e+02 6.310000000000000000e+02
2.770000000000000000e+02 6.090000000000000000e+02
3.200000000000000000e+02 6.070000000000000000e+02
3.580000000000000000e+02 6.350000000000000000e+02
3.200000000000000000e+02 6.440000000000000000e+02
2.770000000000000000e+02 6.450000000000000000e+02
5.220000000000000000e+02 6.380000000000000000e+02
5.600000000000000000e+02 6.130000000000000000e+02
6.010000000000000000e+02 6.170000000000000000e+02
6.340000000000000000e+02 6.400000000000000000e+02
6.010000000000000000e+02 6.510000000000000000e+02
5.600000000000000000e+02 6.480000000000000000e+02
3.330000000000000000e+02 9.170000000000000000e+02
3.760000000000000000e+02 9.030000000000000000e+02
4.160000000000000000e+02 8.940000000000000000e+02
4.440000000000000000e+02 9.020000000000000000e+02
4.720000000000000000e+02 8.940000000000000000e+02
5.100000000000000000e+02 9.020000000000000000e+02
5.510000000000000000e+02 9.150000000000000000e+02
5.110000000000000000e+02 9.370000000000000000e+02
4.750000000000000000e+02 9.470000000000000000e+02
4.450000000000000000e+02 9.500000000000000000e+02
4.160000000000000000e+02 9.480000000000000000e+02
3.770000000000000000e+02 9.390000000000000000e+02
3.480000000000000000e+02 9.160000000000000000e+02
4.150000000000000000e+02 9.150000000000000000e+02
4.440000000000000000e+02 9.190000000000000000e+02
4.720000000000000000e+02 9.150000000000000000e+02
5.360000000000000000e+02 9.160000000000000000e+02
4.740000000000000000e+02 9.140000000000000000e+02
4.450000000000000000e+02 9.180000000000000000e+02
4.170000000000000000e+02 9.150000000000000000e+02
