1.420000000000000000e+02 6.320000000000000000e+02
1.500000000000000000e+02 7.090000000000000000e+02
1.600000000000000000e+02 7.890000000000000000e+02
1.690000000000000000e+02 8.690000000000000000e+02
1.890000000000000000e+02 9.470000000000000000e+02
2.340000000000000000e+02 1.017000000000000000e+03
2.940000000000000000e+02 1.075000000000000000e+03
3.640000000000000000e+02 1.121000000000000000e+03
4.430000000000000000e+02 1.131000000000000000e+03
5.210000000000000000e+02 1.115000000000000000e+03
5.880000000000000000e+02 1.068000000000000000e+03
6.410000000000000000e+02 1.012000000000000000e+03
6.820000000000000000e+02 9.450000000000000000e+02
6.980000000000000000e+02 8.660000000000000000e+02
7.070000000000000000e+02 7.850000000000000000e+02
7.180000000000000000e+02 7.040000000000000000e+02
7.230000000000000000e+02 6.260000000000000000e+02
1.840000000000000000e+02 5.810000000000000000e+02
2.240000000000000000e+02 5.430000000000000000e+02
2.810000000000000000e+02 5.290000000000000000e+02
3.420000000000000000e+02 5.360000000000000000e+02
4.000000000000000000e+02 5.590000000000000000e+02
4.810000000000000000e+02 5.570000000000000000e+02
5.370000000000000000e+02 5.360000000000000000e+02
5.990000000000000000e+02 5.280000000000000000e+02
6.570000000000000000e+02 5.450000000000000000e+02
6.910000000000000000e+02 5.910000000000000000e+02
4.390000000000000000e+02 6.130000000000000000e+02
4.390000000000000000e+02 6.690000000000000000e+02
4.390000000000000000e+02 7.240000000000000000e+02
4.400000000000000000e+02 7.820000000000000000e+02
3.820000000000000000e+02 8.220000000000000000e+02
4.120000000000000000e+02 8.260000000000000000e+02
4.420000000000000000e+02 8.310000000000000000e+02
4.720000000000000000e+02 8.240000000000000000e+02
5.020000000000000000e+02 8.170000000000000000e+02
2.550000000000000000e+02 6.190000000000000000e+02
2.880000000000000000e+02 6.030000000000000000e+02
3.270000000000000000e+02 6.030000000000000000e+02
3.630000000000000000e+02 6.270000000000000000e+02
3.250000000000000000e+02 6.350000000000000000e+02
2.850000000000000000e+02 6.350000000000000000e+02
5.150000000000000000e+02 6.270000000000000000e+02
5.510000000000000000e+02 6.010000000000000000e+02
5.910000000000000000e+02 6.000000000000000000e+02
6.240000000000000000e+02 6.180000000000000000e+02
5.940000000000000000e+02 6.330000000000000000e+02
5.530000000000000000e+02 6.330000000000000000e+02
3.300000000000000000e+02 9.160000000000000000e+02
3.700000000000000000e+02 9.010000000000000000e+02
4.110000000000000000e+02 8.920000000000000000e+02
4.460000000000000000e+02 9.030000000000000000e+02
4.790000000000000000e+02 8.920000000000000000e+02
5.180000000000000000e+02 9.020000000000000000e+02
5.560000000000000000e+02 9.160000000000000000e+02
5.180000000000000000e+02 9.440000000000000000e+02
4.810000000000000000e+02 9.590000000000000000e+02
4.450000000000000000e+02 9.630000000000000000e+02
4.080000000000000000e+02 9.570000000000000000e+02
3.690000000000000000e+02 9.400000000000000000e+02
3.440000000000000000e+02 9.160000000000000000e+02
4.100000000000000000e+02 9.190000000000000000e+02
4.450000000000000000e+02 9.250000000000000000e+02
4.800000000000000000e+02 9.200000000000000000e+02
5.430000000000000000e+02 9.180000000000000000e+02
4.790000000000000000e+02 9.200000000000000000e+02
4.450000000000000000e+02 9.250000000000000000e+02
4.100000000000000000e+02 9.190000000000000000e+02
