1.380000000000000000e+02 6.590000000000000000e+02
1.470000000000000000e+02 7.380000000000000000e+02
1.600000000000000000e+02 8.150000000000000000e+02
1.770000000000000000e+02 8.870000000000000000e+02
2.000000000000000000e+02 9.570000000000000000e+02
2.470000000000000000e+02 1.016000000000000000e+03
3.040000000000000000e+02 1.067000000000000000e+03
3.710000000000000000e+02 1.106000000000000000e+03
4.470000000000000000e+02 1.113000000000000000e+03
5.220000000000000000e+02 1.100000000000000000e+03
5.860000000000000000e+02 1.062000000000000000e+03
6.430000000000000000e+02 1.011000000000000000e+03
6.880000000000000000e+02 9.520000000000000000e+02
7.100000000000000000e+02 8.820000000000000000e+02
7.240000000000000000e+02 8.070000000000000000e+02
7.360000000000000000e+02 7.310000000000000000e+02
7.420000000000000000e+02 6.510000000000000000e+02
1.790000000000000000e+02 5.810000000000000000e+02
2.190000000000000000e+02 5.400000000000000000e+02
2.790000000000000000e+02 5.310000000000000000e+02
3.380000000000000000e+02 5.410000000000000000e+02
3.990000000000000000e+02 5.620000000000000000e+02
4.830000000000000000e+02 5.600000000000000000e+02
5.430000000000000000e+02 5.410000000000000000e+02
6.030000000000000000e+02 5.320000000000000000e+02
6.620000000000000000e+02 5.430000000000000000e+02
7.020000000000000000e+02 5.860000000000000000e+02
4.420000000000000000e+02 6.120000000000000000e+02
4.430000000000000000e+02 6.660000000000000000e+02
4.430000000000000000e+02 7.200000000000000000e+02
4.450000000000000000e+02 7.760000000000000000e+02
3.870000000000000000e+02 8.200000000000000000e+02
4.140000000000000000e+02 8.280000000000000000e+02
4.420000000000000000e+02 8.360000000000000000e+02
4.700000000000000000e+02 8.270000000000000000e+02
4.960000000000000000e+02 8.180000000000000000e+02
2.410000000000000000e+02 6.290000000000000000e+02
2.720000000000000000e+02 6.030000000000000000e+02
3.160000000000000000e+02 6.010000000000000000e+02
3.540000000000000000e+02 6.290000000000000000e+02
3.150000000000000000e+02 6.380000000000000000e+02
2.720000000000000000e+02 6.410000000000000000e+02
5.200000000000000000e+02 6.310000000000000000e+02
5.580000000000000000e+02 6.030000000000000000e+02
6.020000000000000000e+02 6.040000000000000000e+02
6.340000000000000000e+02 6.310000000000000000e+02
6.030000000000000000e+02 6.430000000000000000e+02
5.600000000000000000e+02 6.410000000000000000e+02
3.280000000000000000e+02 9.210000000000000000e+02
3.690000000000000000e+02 9.050000000000000000e+02
4.100000000000000000e+02 8.950000000000000000e+02
4.420000000000000000e+02 9.040000000000000000e+02
4.720000000000000000e+02 8.940000000000000000e+02
5.100000000000000000e+02 9.030000000000000000e+02
5.530000000000000000e+02 9.160000000000000000e+02
5.100000000000000000e+02 9.410000000000000000e+02
4.740000000000000000e+02 9.540000000000000000e+02
4.410000000000000000e+02 9.580000000000000000e+02
4.090000000000000000e+02 9.560000000000000000e+02
3.690000000000000000e+02 9.450000000000000000e+02
3.430000000000000000e+02 9.210000000000000000e+02
4.090000000000000000e+02 9.190000000000000000e+02
4.400000000000000000e+02 9.230000000000000000e+02
4.720000000000000000e+02 9.190000000000000000e+02
5.370000000000000000e+02 9.170000000000000000e+02
4.730000000000000000e+02 9.190000000000000000e+02
4.410000000000000000e+02 9.240000000000000000e+02
4.100000000000000000e+02 9.200000000000000000e+02
