1.320000000000000000e+02 6.330000000000000000e+02
1.390000000000000000e+02 7.180000000000000000e+02
1.490000000000000000e+02 8.020000000000000000e+02
1.630000000000000000e+02 8.810000000000000000e+02
1.870000000000000000e+02 9.560000000000000000e+02
2.300000000000000000e+02 1.022000000000000000e+03
2.910000000000000000e+02 1.071000000000000000e+03
3.620000000000000000e+02 1.108000000000000000e+03
4.390000000000000000e+02 1.116000000000000000e+03
5.170000000000000000e+02 1.101000000000000000e+03
5.880000000000000000e+02 1.066000000000000000e+03
6.490000000000000000e+02 1.017000000000000000e+03
6.880000000000000000e+02 9.520000000000000000e+02
7.100000000000000000e+02 8.780000000000000000e+02
7.250000000000000000e+02 8.000000000000000000e+02
7.400000000000000000e+02 7.170000000000000000e+02
7.500000000000000000e+02 6.310000000000000000e+02
1.970000000000000000e+02 5.810000000000000000e+02
2.340000000000000000e+02 5.410000000000000000e+02
2.890000000000000000e+02 5.300000000000000000e+02
3.480000000000000000e+02 5.360000000000000000e+02
4.010000000000000000e+02 5.570000000000000000e+02
4.870000000000000000e+02 5.530000000000000000e+02
5.410000000000000000e+02 5.290000000000000000e+02
6.000000000000000000e+02 5.210000000000000000e+02
6.600000000000000000e+02 5.350000000000000000e+02
6.950000000000000000e+02 5.810000000000000000e+02
4.440000000000000000e+02 6.040000000000000000e+02
4.420000000000000000e+02 6.610000000000000000e+02
4.400000000000000000e+02 7.160000000000000000e+02
4.370000000000000000e+02 7.730000000000000000e+02
3.790000000000000000e+02 8.120000000000000000e+02
4.070000000000000000e+02 8.210000000000000000e+02
4.360000000000000000e+02 8.290000000000000000e+02
4.670000000000000000e+02 8.200000000000000000e+02
4.960000000000000000e+02 8.090000000000000000e+02
2.670000000000000000e+02 6.250000000000000000e+02
2.970000000000000000e+02 6.060000000000000000e+02
3.340000000000000000e+02 6.060000000000000000e+02
3.690000000000000000e+02 6.280000000000000000e+02
3.340000000000000000e+02 6.370000000000000000e+02
2.960000000000000000e+02 6.400000000000000000e+02
5.180000000000000000e+02 6.280000000000000000e+02
5.540000000000000000e+02 6.060000000000000000e+02
5.920000000000000000e+02 6.060000000000000000e+02
6.240000000000000000e+02 6.230000000000000000e+02
5.930000000000000000e+02 6.380000000000000000e+02
5.550000000000000000e+02 6.370000000000000000e+02
3.250000000000000000e+02 9.220000000000000000e+02
3.650000000000000000e+02 9.070000000000000000e+02
4.030000000000000000e+02 9.000000000000000000e+02
4.360000000000000000e+02 9.050000000000000000e+02
4.680000000000000000e+02 8.960000000000000000e+02
5.080000000000000000e+02 9.010000000000000000e+02
5.540000000000000000e+02 9.120000000000000000e+02
5.110000000000000000e+02 9.360000000000000000e+02
4.730000000000000000e+02 9.480000000000000000e+02
4.390000000000000000e+02 9.520000000000000000e+02
4.050000000000000000e+02 9.490000000000000000e+02
3.660000000000000000e+02 9.390000000000000000e+02
3.410000000000000000e+02 9.210000000000000000e+02
4.030000000000000000e+02 9.150000000000000000e+02
4.360000000000000000e+02 9.180000000000000000e+02
4.690000000000000000e+02 9.120000000000000000e+02
5.390000000000000000e+02 9.130000000000000000e+02
4.720000000000000000e+02 9.180000000000000000e+02
4.390000000000000000e+02 9.230000000000000000e+02
4.060000000000000000e+02 9.200000000000000000e+02
