1.620000000000000000e+02 6.440000000000000000e+02
1.670000000000000000e+02 7.230000000000000000e+02
1.770000000000000000e+02 8.000000000000000000e+02
1.870000000000000000e+02 8.770000000000000000e+02
2.070000000000000000e+02 9.540000000000000000e+02
2.470000000000000000e+02 1.017000000000000000e+03
3.020000000000000000e+02 1.075000000000000000e+03
3.680000000000000000e+02 1.123000000000000000e+03
4.410000000000000000e+02 1.137000000000000000e+03
5.180000000000000000e+02 1.123000000000000000e+03
5.870000000000000000e+02 1.080000000000000000e+03
6.440000000000000000e+02 1.025000000000000000e+03
6.910000000000000000e+02 9.590000000000000000e+02
7.150000000000000000e+02 8.830000000000000000e+02
7.280000000000000000e+02 7.990000000000000000e+02
7.380000000000000000e+02 7.160000000000000000e+02
7.420000000000000000e+02 6.320000000000000000e+02
1.990000000000000000e+02 5.850000000000000000e+02
2.300000000000000000e+02 5.460000000000000000e+02
2.820000000000000000e+02 5.350000000000000000e+02
3.370000000000000000e+02 5.390000000000000000e+02
3.930000000000000000e+02 5.570000000000000000e+02
4.820000000000000000e+02 5.520000000000000000e+02
5.350000000000000000e+02 5.290000000000000000e+02
5.920000000000000000e+02 5.230000000000000000e+02
6.460000000000000000e+02 5.360000000000000000e+02
6.830000000000000000e+02 5.750000000000000000e+02
4.380000000000000000e+02 6.080000000000000000e+02
4.370000000000000000e+02 6.650000000000000000e+02
4.360000000000000000e+02 7.210000000000000000e+02
4.340000000000000000e+02 7.790000000000000000e+02
3.790000000000000000e+02 8.120000000000000000e+02
4.060000000000000000e+02 8.230000000000000000e+02
4.350000000000000000e+02 8.320000000000000000e+02
4.650000000000000000e+02 8.230000000000000000e+02
4.930000000000000000e+02 8.120000000000000000e+02
2.580000000000000000e+02 6.260000000000000000e+02
2.870000000000000000e+02 6.020000000000000000e+02
3.290000000000000000e+02 5.990000000000000000e+02
3.620000000000000000e+02 6.280000000000000000e+02
3.260000000000000000e+02 6.380000000000000000e+02
2.860000000000000000e+02 6.400000000000000000e+02
5.150000000000000000e+02 6.230000000000000000e+02
5.510000000000000000e+02 5.960000000000000000e+02
5.920000000000000000e+02 5.940000000000000000e+02
6.230000000000000000e+02 6.160000000000000000e+02
5.950000000000000000e+02 6.320000000000000000e+02
5.540000000000000000e+02 6.320000000000000000e+02
3.280000000000000000e+02 9.150000000000000000e+02
3.660000000000000000e+02 9.020000000000000000e+02
4.030000000000000000e+02 8.940000000000000000e+02
4.350000000000000000e+02 9.030000000000000000e+02
4.660000000000000000e+02 8.940000000000000000e+02
5.080000000000000000e+02 9.030000000000000000e+02
5.540000000000000000e+02 9.140000000000000000e+02
5.090000000000000000e+02 9.460000000000000000e+02
4.690000000000000000e+02 9.600000000000000000e+02
4.360000000000000000e+02 9.620000000000000000e+02
4.020000000000000000e+02 9.570000000000000000e+02
3.660000000000000000e+02 9.420000000000000000e+02
3.440000000000000000e+02 9.180000000000000000e+02
4.020000000000000000e+02 9.190000000000000000e+02
4.340000000000000000e+02 9.230000000000000000e+02
4.660000000000000000e+02 9.200000000000000000e+02
5.380000000000000000e+02 9.170000000000000000e+02
4.670000000000000000e+02 9.200000000000000000e+02
4.360000000000000000e+02 9.240000000000000000e+02
4.040000000000000000e+02 9.190000000000000000e+02
