1.240000000000000000e+02 6.340000000000000000e+02
1.370000000000000000e+02 7.230000000000000000e+02
1.550000000000000000e+02 8.070000000000000000e+02
1.660000000000000000e+02 8.890000000000000000e+02
1.850000000000000000e+02 9.660000000000000000e+02
2.280000000000000000e+02 1.029000000000000000e+03
2.900000000000000000e+02 1.078000000000000000e+03
3.630000000000000000e+02 1.113000000000000000e+03
4.470000000000000000e+02 1.124000000000000000e+03
5.290000000000000000e+02 1.113000000000000000e+03
5.980000000000000000e+02 1.076000000000000000e+03
6.550000000000000000e+02 1.026000000000000000e+03
6.920000000000000000e+02 9.600000000000000000e+02
7.110000000000000000e+02 8.840000000000000000e+02
7.240000000000000000e+02 8.040000000000000000e+02
7.420000000000000000e+02 7.210000000000000000e+02
7.550000000000000000e+02 6.360000000000000000e+02
1.670000000000000000e+02 5.760000000000000000e+02
2.070000000000000000e+02 5.360000000000000000e+02
2.660000000000000000e+02 5.240000000000000000e+02
3.260000000000000000e+02 5.330000000000000000e+02
3.880000000000000000e+02 5.520000000000000000e+02
4.910000000000000000e+02 5.510000000000000000e+02
5.520000000000000000e+02 5.330000000000000000e+02
6.100000000000000000e+02 5.230000000000000000e+02
6.680000000000000000e+02 5.330000000000000000e+02
7.080000000000000000e+02 5.720000000000000000e+02
4.400000000000000000e+02 6.190000000000000000e+02
4.380000000000000000e+02 6.710000000000000000e+02
4.350000000000000000e+02 7.220000000000000000e+02
4.330000000000000000e+02 7.740000000000000000e+02
3.840000000000000000e+02 8.130000000000000000e+02
4.070000000000000000e+02 8.230000000000000000e+02
4.350000000000000000e+02 8.310000000000000000e+02
4.630000000000000000e+02 8.220000000000000000e+02
4.890000000000000000e+02 8.120000000000000000e+02
2.450000000000000000e+02 6.370000000000000000e+02
2.790000000000000000e+02 6.060000000000000000e+02
3.250000000000000000e+02 6.060000000000000000e+02
3.630000000000000000e+02 6.410000000000000000e+02
3.220000000000000000e+02 6.520000000000000000e+02
2.770000000000000000e+02 6.540000000000000000e+02
5.150000000000000000e+02 6.420000000000000000e+02
5.540000000000000000e+02 6.080000000000000000e+02
5.990000000000000000e+02 6.070000000000000000e+02
6.330000000000000000e+02 6.380000000000000000e+02
6.010000000000000000e+02 6.560000000000000000e+02
5.550000000000000000e+02 6.530000000000000000e+02
3.200000000000000000e+02 9.060000000000000000e+02
3.670000000000000000e+02 8.890000000000000000e+02
4.100000000000000000e+02 8.810000000000000000e+02
4.400000000000000000e+02 8.880000000000000000e+02
4.680000000000000000e+02 8.810000000000000000e+02
5.140000000000000000e+02 8.920000000000000000e+02
5.630000000000000000e+02 9.090000000000000000e+02
5.150000000000000000e+02 9.390000000000000000e+02
4.710000000000000000e+02 9.510000000000000000e+02
4.400000000000000000e+02 9.530000000000000000e+02
4.080000000000000000e+02 9.500000000000000000e+02
3.660000000000000000e+02 9.350000000000000000e+02
3.410000000000000000e+02 9.100000000000000000e+02
4.090000000000000000e+02 9.130000000000000000e+02
4.400000000000000000e+02 9.150000000000000000e+02
4.690000000000000000e+02 9.140000000000000000e+02
5.410000000000000000e+02 9.120000000000000000e+02
4.690000000000000000e+02 9.110000000000000000e+02
4.400000000000000000e+02 9.130000000000000000e+02
4.100000000000000000e+02 9.100000000000000000e+02
