1.310000000000000000e+02 6.350000000000000000e+02
1.410000000000000000e+02 7.190000000000000000e+02
1.580000000000000000e+02 8.000000000000000000e+02
1.750000000000000000e+02 8.770000000000000000e+02
2.010000000000000000e+02 9.520000000000000000e+02
2.460000000000000000e+02 1.016000000000000000e+03
3.050000000000000000e+02 1.070000000000000000e+03
3.740000000000000000e+02 1.111000000000000000e+03
4.480000000000000000e+02 1.123000000000000000e+03
5.200000000000000000e+02 1.115000000000000000e+03
5.860000000000000000e+02 1.075000000000000000e+03
6.440000000000000000e+02 1.020000000000000000e+03
6.910000000000000000e+02 9.540000000000000000e+02
7.160000000000000000e+02 8.750000000000000000e+02
7.250000000000000000e+02 7.900000000000000000e+02
7.340000000000000000e+02 7.070000000000000000e+02
7.360000000000000000e+02 6.230000000000000000e+02
1.840000000000000000e+02 5.990000000000000000e+02
2.230000000000000000e+02 5.580000000000000000e+02
2.800000000000000000e+02 5.410000000000000000e+02
3.400000000000000000e+02 5.400000000000000000e+02
3.990000000000000000e+02 5.530000000000000000e+02
4.760000000000000000e+02 5.480000000000000000e+02
5.350000000000000000e+02 5.340000000000000000e+02
5.930000000000000000e+02 5.320000000000000000e+02
6.490000000000000000e+02 5.470000000000000000e+02
6.840000000000000000e+02 5.840000000000000000e+02
4.390000000000000000e+02 6.150000000000000000e+02
4.400000000000000000e+02 6.730000000000000000e+02
4.420000000000000000e+02 7.320000000000000000e+02
4.430000000000000000e+02 7.920000000000000000e+02
3.890000000000000000e+02 8.260000000000000000e+02
4.160000000000000000e+02 8.360000000000000000e+02
4.460000000000000000e+02 8.430000000000000000e+02
4.750000000000000000e+02 8.320000000000000000e+02
5.020000000000000000e+02 8.200000000000000000e+02
2.580000000000000000e+02 6.260000000000000000e+02
2.890000000000000000e+02 6.060000000000000000e+02
3.280000000000000000e+02 6.040000000000000000e+02
3.630000000000000000e+02 6.300000000000000000e+02
3.280000000000000000e+02 6.370000000000000000e+02
2.890000000000000000e+02 6.390000000000000000e+02
5.150000000000000000e+02 6.260000000000000000e+02
5.460000000000000000e+02 5.970000000000000000e+02
5.830000000000000000e+02 5.960000000000000000e+02
6.160000000000000000e+02 6.140000000000000000e+02
5.870000000000000000e+02 6.300000000000000000e+02
5.490000000000000000e+02 6.310000000000000000e+02
3.360000000000000000e+02 9.220000000000000000e+02
3.800000000000000000e+02 9.100000000000000000e+02
4.200000000000000000e+02 8.980000000000000000e+02
4.500000000000000000e+02 9.040000000000000000e+02
4.810000000000000000e+02 8.930000000000000000e+02
5.230000000000000000e+02 8.980000000000000000e+02
5.670000000000000000e+02 9.050000000000000000e+02
5.270000000000000000e+02 9.320000000000000000e+02
4.890000000000000000e+02 9.440000000000000000e+02
4.570000000000000000e+02 9.490000000000000000e+02
4.260000000000000000e+02 9.510000000000000000e+02
3.840000000000000000e+02 9.460000000000000000e+02
3.540000000000000000e+02 9.240000000000000000e+02
4.210000000000000000e+02 9.210000000000000000e+02
4.520000000000000000e+02 9.220000000000000000e+02
4.820000000000000000e+02 9.160000000000000000e+02
5.500000000000000000e+02 9.090000000000000000e+02
4.850000000000000000e+02 9.140000000000000000e+02
4.540000000000000000e+02 9.210000000000000000e+02
4.240000000000000000e+02 9.210000000000000000e+02
