1.240000000000000000e+02 6.430000000000000000e+02
1.330000000000000000e+02 7.260000000000000000e+02
1.470000000000000000e+02 8.070000000000000000e+02
1.610000000000000000e+02 8.850000000000000000e+02
1.840000000000000000e+02 9.620000000000000000e+02
2.270000000000000000e+02 1.025000000000000000e+03
2.910000000000000000e+02 1.071000000000000000e+03
3.610000000000000000e+02 1.105000000000000000e+03
4.360000000000000000e+02 1.116000000000000000e+03
5.130000000000000000e+02 1.102000000000000000e+03
5.880000000000000000e+02 1.067000000000000000e+03
6.580000000000000000e+02 1.024000000000000000e+03
7.070000000000000000e+02 9.620000000000000000e+02
7.310000000000000000e+02 8.840000000000000000e+02
7.430000000000000000e+02 8.020000000000000000e+02
7.590000000000000000e+02 7.200000000000000000e+02
7.670000000000000000e+02 6.370000000000000000e+02
1.940000000000000000e+02 5.720000000000000000e+02
2.320000000000000000e+02 5.390000000000000000e+02
2.850000000000000000e+02 5.280000000000000000e+02
3.380000000000000000e+02 5.370000000000000000e+02
3.900000000000000000e+02 5.560000000000000000e+02
4.920000000000000000e+02 5.540000000000000000e+02
5.450000000000000000e+02 5.340000000000000000e+02
5.980000000000000000e+02 5.230000000000000000e+02
6.510000000000000000e+02 5.310000000000000000e+02
6.900000000000000000e+02 5.630000000000000000e+02
4.400000000000000000e+02 6.140000000000000000e+02
4.400000000000000000e+02 6.670000000000000000e+02
4.410000000000000000e+02 7.180000000000000000e+02
4.420000000000000000e+02 7.710000000000000000e+02
3.890000000000000000e+02 8.170000000000000000e+02
4.150000000000000000e+02 8.250000000000000000e+02
4.420000000000000000e+02 8.300000000000000000e+02
4.680000000000000000e+02 8.240000000000000000e+02
4.910000000000000000e+02 8.140000000000000000e+02
2.640000000000000000e+02 6.350000000000000000e+02
2.960000000000000000e+02 6.160000000000000000e+02
3.320000000000000000e+02 6.140000000000000000e+02
3.650000000000000000e+02 6.370000000000000000e+02
3.310000000000000000e+02 6.450000000000000000e+02
2.940000000000000000e+02 6.460000000000000000e+02
5.180000000000000000e+02 6.330000000000000000e+02
5.520000000000000000e+02 6.120000000000000000e+02
5.880000000000000000e+02 6.100000000000000000e+02
6.190000000000000000e+02 6.280000000000000000e+02
5.890000000000000000e+02 6.400000000000000000e+02
5.530000000000000000e+02 6.390000000000000000e+02
3.250000000000000000e+02 9.250000000000000000e+02
3.720000000000000000e+02 9.020000000000000000e+02
4.100000000000000000e+02 8.890000000000000000e+02
4.380000000000000000e+02 8.950000000000000000e+02
4.660000000000000000e+02 8.860000000000000000e+02
5.020000000000000000e+02 8.960000000000000000e+02
5.430000000000000000e+02 9.200000000000000000e+02
5.020000000000000000e+02 9.350000000000000000e+02
4.670000000000000000e+02 9.420000000000000000e+02
4.370000000000000000e+02 9.460000000000000000e+02
4.080000000000000000e+02 9.450000000000000000e+02
3.700000000000000000e+02 9.410000000000000000e+02
3.430000000000000000e+02 9.230000000000000000e+02
4.100000000000000000e+02 9.160000000000000000e+02
4.380000000000000000e+02 9.170000000000000000e+02
4.670000000000000000e+02 9.140000000000000000e+02
5.260000000000000000e+02 9.180000000000000000e+02
4.660000000000000000e+02 9.090000000000000000e+02
4.370000000000000000e+02 9.130000000000000000e+02
4.090000000000000000e+02 9.110000000000000000e+02
