1.380000000000000000e+02 6.140000000000000000e+02
1.460000000000000000e+02 6.950000000000000000e+02
1.610000000000000000e+02 7.700000000000000000e+02
1.770000000000000000e+02 8.460000000000000000e+02
2.010000000000000000e+02 9.200000000000000000e+02
2.450000000000000000e+02 9.890000000000000000e+02
3.010000000000000000e+02 1.047000000000000000e+03
3.660000000000000000e+02 1.094000000000000000e+03
4.410000000000000000e+02 1.110000000000000000e+03
5.170000000000000000e+02 1.096000000000000000e+03
5.860000000000000000e+02 1.051000000000000000e+03
6.460000000000000000e+02 9.960000000000000000e+02
6.930000000000000000e+02 9.290000000000000000e+02
7.180000000000000000e+02 8.530000000000000000e+02
7.320000000000000000e+02 7.730000000000000000e+02
7.430000000000000000e+02 6.930000000000000000e+02
7.490000000000000000e+02 6.120000000000000000e+02
1.960000000000000000e+02 5.770000000000000000e+02
2.400000000000000000e+02 5.570000000000000000e+02
2.910000000000000000e+02 5.530000000000000000e+02
3.420000000000000000e+02 5.590000000000000000e+02
3.910000000000000000e+02 5.750000000000000000e+02
4.850000000000000000e+02 5.720000000000000000e+02
5.340000000000000000e+02 5.510000000000000000e+02
5.880000000000000000e+02 5.450000000000000000e+02
6.400000000000000000e+02 5.500000000000000000e+02
6.850000000000000000e+02 5.700000000000000000e+02
4.390000000000000000e+02 6.200000000000000000e+02
4.400000000000000000e+02 6.720000000000000000e+02
4.400000000000000000e+02 7.250000000000000000e+02
4.400000000000000000e+02 7.790000000000000000e+02
3.910000000000000000e+02 8.170000000000000000e+02
4.150000000000000000e+02 8.280000000000000000e+02
4.420000000000000000e+02 8.350000000000000000e+02
4.690000000000000000e+02 8.280000000000000000e+02
4.920000000000000000e+02 8.190000000000000000e+02
2.570000000000000000e+02 6.220000000000000000e+02
2.890000000000000000e+02 5.980000000000000000e+02
3.310000000000000000e+02 5.970000000000000000e+02
3.670000000000000000e+02 6.280000000000000000e+02
3.300000000000000000e+02 6.380000000000000000e+02
2.880000000000000000e+02 6.390000000000000000e+02
5.140000000000000000e+02 6.260000000000000000e+02
5.490000000000000000e+02 5.930000000000000000e+02
5.910000000000000000e+02 5.930000000000000000e+02
6.230000000000000000e+02 6.170000000000000000e+02
5.940000000000000000e+02 6.350000000000000000e+02
5.530000000000000000e+02 6.340000000000000000e+02
3.350000000000000000e+02 9.260000000000000000e+02
3.700000000000000000e+02 9.070000000000000000e+02
4.120000000000000000e+02 8.930000000000000000e+02
4.390000000000000000e+02 9.030000000000000000e+02
4.680000000000000000e+02 8.940000000000000000e+02
5.140000000000000000e+02 9.080000000000000000e+02
5.560000000000000000e+02 9.270000000000000000e+02
5.160000000000000000e+02 9.690000000000000000e+02
4.720000000000000000e+02 9.880000000000000000e+02
4.400000000000000000e+02 9.910000000000000000e+02
4.090000000000000000e+02 9.880000000000000000e+02
3.690000000000000000e+02 9.680000000000000000e+02
3.530000000000000000e+02 9.280000000000000000e+02
4.120000000000000000e+02 9.310000000000000000e+02
4.400000000000000000e+02 9.340000000000000000e+02
4.690000000000000000e+02 9.320000000000000000e+02
5.370000000000000000e+02 9.300000000000000000e+02
4.690000000000000000e+02 9.390000000000000000e+02
4.390000000000000000e+02 9.420000000000000000e+02
4.110000000000000000e+02 9.390000000000000000e+02
