1.420000000000000000e+02 6.320000000000000000e+02
1.500000000000000000e+02 7.120000000000000000e+02
1.610000000000000000e+02 7.880000000000000000e+02
1.730000000000000000e+02 8.650000000000000000e+02
1.980000000000000000e+02 9.350000000000000000e+02
2.370000000000000000e+02 9.960000000000000000e+02
2.940000000000000000e+02 1.047000000000000000e+03
3.620000000000000000e+02 1.086000000000000000e+03
4.360000000000000000e+02 1.101000000000000000e+03
5.150000000000000000e+02 1.095000000000000000e+03
5.890000000000000000e+02 1.064000000000000000e+03
6.520000000000000000e+02 1.018000000000000000e+03
6.960000000000000000e+02 9.560000000000000000e+02
7.220000000000000000e+02 8.840000000000000000e+02
7.370000000000000000e+02 8.050000000000000000e+02
7.540000000000000000e+02 7.230000000000000000e+02
7.630000000000000000e+02 6.380000000000000000e+02
1.850000000000000000e+02 5.790000000000000000e+02
2.180000000000000000e+02 5.380000000000000000e+02
2.730000000000000000e+02 5.200000000000000000e+02
3.280000000000000000e+02 5.290000000000000000e+02
3.800000000000000000e+02 5.540000000000000000e+02
4.850000000000000000e+02 5.490000000000000000e+02
5.420000000000000000e+02 5.210000000000000000e+02
6.040000000000000000e+02 5.130000000000000000e+02
6.650000000000000000e+02 5.350000000000000000e+02
7.040000000000000000e+02 5.800000000000000000e+02
4.330000000000000000e+02 6.240000000000000000e+02
4.330000000000000000e+02 6.820000000000000000e+02
4.320000000000000000e+02 7.380000000000000000e+02
4.310000000000000000e+02 7.950000000000000000e+02
3.810000000000000000e+02 8.190000000000000000e+02
4.060000000000000000e+02 8.330000000000000000e+02
4.340000000000000000e+02 8.430000000000000000e+02
4.630000000000000000e+02 8.330000000000000000e+02
4.900000000000000000e+02 8.210000000000000000e+02
2.460000000000000000e+02 6.300000000000000000e+02
2.810000000000000000e+02 6.050000000000000000e+02
3.260000000000000000e+02 6.070000000000000000e+02
3.630000000000000000e+02 6.430000000000000000e+02
3.210000000000000000e+02 6.510000000000000000e+02
2.760000000000000000e+02 6.500000000000000000e+02
5.150000000000000000e+02 6.430000000000000000e+02
5.540000000000000000e+02 6.070000000000000000e+02
5.990000000000000000e+02 6.050000000000000000e+02
6.350000000000000000e+02 6.320000000000000000e+02
6.030000000000000000e+02 6.510000000000000000e+02
5.570000000000000000e+02 6.520000000000000000e+02
3.390000000000000000e+02 9.160000000000000000e+02
3.770000000000000000e+02 8.980000000000000000e+02
4.120000000000000000e+02 8.890000000000000000e+02
4.370000000000000000e+02 8.960000000000000000e+02
4.630000000000000000e+02 8.900000000000000000e+02
5.030000000000000000e+02 9.020000000000000000e+02
5.470000000000000000e+02 9.200000000000000000e+02
5.050000000000000000e+02 9.530000000000000000e+02
4.650000000000000000e+02 9.670000000000000000e+02
4.370000000000000000e+02 9.680000000000000000e+02
4.080000000000000000e+02 9.640000000000000000e+02
3.740000000000000000e+02 9.470000000000000000e+02
3.590000000000000000e+02 9.170000000000000000e+02
4.110000000000000000e+02 9.200000000000000000e+02
4.370000000000000000e+02 9.230000000000000000e+02
4.640000000000000000e+02 9.210000000000000000e+02
5.290000000000000000e+02 9.190000000000000000e+02
4.630000000000000000e+02 9.220000000000000000e+02
4.370000000000000000e+02 9.240000000000000000e+02
4.100000000000000000e+02 9.190000000000000000e+02
