1.210000000000000000e+02 6.010000000000000000e+02
1.310000000000000000e+02 6.810000000000000000e+02
1.500000000000000000e+02 7.610000000000000000e+02
1.680000000000000000e+02 8.420000000000000000e+02
1.890000000000000000e+02 9.210000000000000000e+02
2.330000000000000000e+02 9.920000000000000000e+02
2.930000000000000000e+02 1.050000000000000000e+03
3.600000000000000000e+02 1.097000000000000000e+03
4.390000000000000000e+02 1.109000000000000000e+03
5.150000000000000000e+02 1.096000000000000000e+03
5.800000000000000000e+02 1.050000000000000000e+03
6.400000000000000000e+02 9.940000000000000000e+02
6.830000000000000000e+02 9.250000000000000000e+02
7.020000000000000000e+02 8.470000000000000000e+02
7.160000000000000000e+02 7.660000000000000000e+02
7.320000000000000000e+02 6.880000000000000000e+02
7.430000000000000000e+02 6.090000000000000000e+02
1.720000000000000000e+02 5.900000000000000000e+02
2.190000000000000000e+02 5.560000000000000000e+02
2.800000000000000000e+02 5.430000000000000000e+02
3.420000000000000000e+02 5.470000000000000000e+02
3.980000000000000000e+02 5.670000000000000000e+02
4.870000000000000000e+02 5.640000000000000000e+02
5.450000000000000000e+02 5.450000000000000000e+02
6.050000000000000000e+02 5.420000000000000000e+02
6.610000000000000000e+02 5.590000000000000000e+02
6.980000000000000000e+02 5.970000000000000000e+02
4.460000000000000000e+02 6.180000000000000000e+02
4.480000000000000000e+02 6.800000000000000000e+02
4.500000000000000000e+02 7.410000000000000000e+02
4.520000000000000000e+02 8.040000000000000000e+02
3.900000000000000000e+02 8.270000000000000000e+02
4.170000000000000000e+02 8.420000000000000000e+02
4.480000000000000000e+02 8.530000000000000000e+02
4.760000000000000000e+02 8.430000000000000000e+02
5.010000000000000000e+02 8.300000000000000000e+02
2.470000000000000000e+02 6.210000000000000000e+02
2.840000000000000000e+02 5.970000000000000000e+02
3.280000000000000000e+02 5.980000000000000000e+02
3.650000000000000000e+02 6.290000000000000000e+02
3.260000000000000000e+02 6.390000000000000000e+02
2.810000000000000000e+02 6.390000000000000000e+02
5.130000000000000000e+02 6.310000000000000000e+02
5.510000000000000000e+02 6.000000000000000000e+02
5.940000000000000000e+02 6.010000000000000000e+02
6.270000000000000000e+02 6.260000000000000000e+02
5.960000000000000000e+02 6.430000000000000000e+02
5.530000000000000000e+02 6.430000000000000000e+02
3.400000000000000000e+02 9.270000000000000000e+02
3.790000000000000000e+02 9.080000000000000000e+02
4.170000000000000000e+02 8.980000000000000000e+02
4.440000000000000000e+02 9.070000000000000000e+02
4.740000000000000000e+02 9.000000000000000000e+02
5.070000000000000000e+02 9.120000000000000000e+02
5.420000000000000000e+02 9.290000000000000000e+02
5.070000000000000000e+02 9.570000000000000000e+02
4.740000000000000000e+02 9.700000000000000000e+02
4.430000000000000000e+02 9.730000000000000000e+02
4.140000000000000000e+02 9.700000000000000000e+02
3.770000000000000000e+02 9.560000000000000000e+02
3.600000000000000000e+02 9.280000000000000000e+02
4.160000000000000000e+02 9.230000000000000000e+02
4.440000000000000000e+02 9.270000000000000000e+02
4.740000000000000000e+02 9.230000000000000000e+02
5.230000000000000000e+02 9.300000000000000000e+02
4.730000000000000000e+02 9.240000000000000000e+02
4.430000000000000000e+02 9.280000000000000000e+02
4.150000000000000000e+02 9.240000000000000000e+02
