1.270000000000000000e+02 6.530000000000000000e+02
1.320000000000000000e+02 7.370000000000000000e+02
1.420000000000000000e+02 8.220000000000000000e+02
1.550000000000000000e+02 9.080000000000000000e+02
1.790000000000000000e+02 9.880000000000000000e+02
2.220000000000000000e+02 1.055000000000000000e+03
2.820000000000000000e+02 1.105000000000000000e+03
3.550000000000000000e+02 1.142000000000000000e+03
4.370000000000000000e+02 1.152000000000000000e+03
5.220000000000000000e+02 1.141000000000000000e+03
5.970000000000000000e+02 1.105000000000000000e+03
6.580000000000000000e+02 1.051000000000000000e+03
7.040000000000000000e+02 9.820000000000000000e+02
7.280000000000000000e+02 9.000000000000000000e+02
7.410000000000000000e+02 8.110000000000000000e+02
7.470000000000000000e+02 7.210000000000000000e+02
7.510000000000000000e+02 6.320000000000000000e+02
1.900000000000000000e+02 6.130000000000000000e+02
2.210000000000000000e+02 5.680000000000000000e+02
2.790000000000000000e+02 5.530000000000000000e+02
3.400000000000000000e+02 5.560000000000000000e+02
4.050000000000000000e+02 5.660000000000000000e+02
4.800000000000000000e+02 5.680000000000000000e+02
5.390000000000000000e+02 5.480000000000000000e+02
6.000000000000000000e+02 5.370000000000000000e+02
6.600000000000000000e+02 5.520000000000000000e+02
6.950000000000000000e+02 5.990000000000000000e+02
4.430000000000000000e+02 6.050000000000000000e+02
4.440000000000000000e+02 6.470000000000000000e+02
4.440000000000000000e+02 6.890000000000000000e+02
4.450000000000000000e+02 7.360000000000000000e+02
3.880000000000000000e+02 7.930000000000000000e+02
4.160000000000000000e+02 8.010000000000000000e+02
4.470000000000000000e+02 8.070000000000000000e+02
4.760000000000000000e+02 8.000000000000000000e+02
5.040000000000000000e+02 7.910000000000000000e+02
2.570000000000000000e+02 6.380000000000000000e+02
2.890000000000000000e+02 6.180000000000000000e+02
3.270000000000000000e+02 6.130000000000000000e+02
3.660000000000000000e+02 6.340000000000000000e+02
3.280000000000000000e+02 6.430000000000000000e+02
2.900000000000000000e+02 6.460000000000000000e+02
5.210000000000000000e+02 6.280000000000000000e+02
5.580000000000000000e+02 6.040000000000000000e+02
5.980000000000000000e+02 6.060000000000000000e+02
6.320000000000000000e+02 6.260000000000000000e+02
5.980000000000000000e+02 6.380000000000000000e+02
5.590000000000000000e+02 6.360000000000000000e+02
3.380000000000000000e+02 9.170000000000000000e+02
3.770000000000000000e+02 8.960000000000000000e+02
4.140000000000000000e+02 8.840000000000000000e+02
4.430000000000000000e+02 8.910000000000000000e+02
4.720000000000000000e+02 8.830000000000000000e+02
5.070000000000000000e+02 8.950000000000000000e+02
5.450000000000000000e+02 9.190000000000000000e+02
5.070000000000000000e+02 9.380000000000000000e+02
4.710000000000000000e+02 9.410000000000000000e+02
4.420000000000000000e+02 9.430000000000000000e+02
4.140000000000000000e+02 9.410000000000000000e+02
3.770000000000000000e+02 9.360000000000000000e+02
3.530000000000000000e+02 9.150000000000000000e+02
4.150000000000000000e+02 9.060000000000000000e+02
4.440000000000000000e+02 9.090000000000000000e+02
4.720000000000000000e+02 9.060000000000000000e+02
5.300000000000000000e+02 9.180000000000000000e+02
4.710000000000000000e+02 9.080000000000000000e+02
4.430000000000000000e+02 9.100000000000000000e+02
4.140000000000000000e+02 9.080000000000000000e+02
