1.320000000000000000e+02 6.460000000000000000e+02
1.420000000000000000e+02 7.240000000000000000e+02
1.550000000000000000e+02 7.990000000000000000e+02
1.710000000000000000e+02 8.750000000000000000e+02
1.950000000000000000e+02 9.460000000000000000e+02
2.420000000000000000e+02 1.005000000000000000e+03
3.060000000000000000e+02 1.046000000000000000e+03
3.750000000000000000e+02 1.079000000000000000e+03
4.460000000000000000e+02 1.091000000000000000e+03
5.200000000000000000e+02 1.080000000000000000e+03
5.910000000000000000e+02 1.049000000000000000e+03
6.590000000000000000e+02 1.006000000000000000e+03
7.070000000000000000e+02 9.480000000000000000e+02
7.320000000000000000e+02 8.760000000000000000e+02
7.420000000000000000e+02 7.960000000000000000e+02
7.480000000000000000e+02 7.150000000000000000e+02
7.520000000000000000e+02 6.340000000000000000e+02
1.870000000000000000e+02 5.710000000000000000e+02
2.220000000000000000e+02 5.330000000000000000e+02
2.740000000000000000e+02 5.220000000000000000e+02
3.280000000000000000e+02 5.290000000000000000e+02
3.810000000000000000e+02 5.450000000000000000e+02
4.870000000000000000e+02 5.460000000000000000e+02
5.410000000000000000e+02 5.300000000000000000e+02
5.970000000000000000e+02 5.230000000000000000e+02
6.500000000000000000e+02 5.380000000000000000e+02
6.850000000000000000e+02 5.760000000000000000e+02
4.380000000000000000e+02 6.200000000000000000e+02
4.410000000000000000e+02 6.700000000000000000e+02
4.430000000000000000e+02 7.170000000000000000e+02
4.440000000000000000e+02 7.680000000000000000e+02
3.810000000000000000e+02 8.170000000000000000e+02
4.110000000000000000e+02 8.250000000000000000e+02
4.410000000000000000e+02 8.310000000000000000e+02
4.730000000000000000e+02 8.260000000000000000e+02
5.020000000000000000e+02 8.190000000000000000e+02
2.470000000000000000e+02 6.350000000000000000e+02
2.810000000000000000e+02 6.120000000000000000e+02
3.240000000000000000e+02 6.130000000000000000e+02
3.620000000000000000e+02 6.470000000000000000e+02
3.220000000000000000e+02 6.540000000000000000e+02
2.780000000000000000e+02 6.540000000000000000e+02
5.090000000000000000e+02 6.470000000000000000e+02
5.470000000000000000e+02 6.150000000000000000e+02
5.900000000000000000e+02 6.140000000000000000e+02
6.260000000000000000e+02 6.390000000000000000e+02
5.940000000000000000e+02 6.560000000000000000e+02
5.490000000000000000e+02 6.560000000000000000e+02
3.270000000000000000e+02 9.180000000000000000e+02
3.740000000000000000e+02 9.100000000000000000e+02
4.120000000000000000e+02 9.010000000000000000e+02
4.380000000000000000e+02 9.100000000000000000e+02
4.650000000000000000e+02 9.030000000000000000e+02
5.100000000000000000e+02 9.140000000000000000e+02
5.650000000000000000e+02 9.210000000000000000e+02
5.120000000000000000e+02 9.470000000000000000e+02
4.680000000000000000e+02 9.570000000000000000e+02
4.390000000000000000e+02 9.590000000000000000e+02
4.120000000000000000e+02 9.540000000000000000e+02
3.730000000000000000e+02 9.400000000000000000e+02
3.450000000000000000e+02 9.200000000000000000e+02
4.110000000000000000e+02 9.220000000000000000e+02
4.380000000000000000e+02 9.270000000000000000e+02
4.650000000000000000e+02 9.250000000000000000e+02
5.490000000000000000e+02 9.230000000000000000e+02
4.660000000000000000e+02 9.260000000000000000e+02
4.390000000000000000e+02 9.290000000000000000e+02
4.130000000000000000e+02 9.240000000000000000e+02
