1.190000000000000000e+02 6.210000000000000000e+02
1.310000000000000000e+02 7.080000000000000000e+02
1.470000000000000000e+02 7.940000000000000000e+02
1.620000000000000000e+02 8.780000000000000000e+02
1.860000000000000000e+02 9.580000000000000000e+02
2.340000000000000000e+02 1.027000000000000000e+03
2.980000000000000000e+02 1.077000000000000000e+03
3.720000000000000000e+02 1.109000000000000000e+03
4.520000000000000000e+02 1.115000000000000000e+03
5.300000000000000000e+02 1.097000000000000000e+03
5.950000000000000000e+02 1.059000000000000000e+03
6.520000000000000000e+02 1.006000000000000000e+03
6.860000000000000000e+02 9.380000000000000000e+02
7.020000000000000000e+02 8.630000000000000000e+02
7.150000000000000000e+02 7.870000000000000000e+02
7.320000000000000000e+02 7.070000000000000000e+02
7.430000000000000000e+02 6.250000000000000000e+02
1.850000000000000000e+02 5.740000000000000000e+02
2.300000000000000000e+02 5.440000000000000000e+02
2.860000000000000000e+02 5.420000000000000000e+02
3.430000000000000000e+02 5.520000000000000000e+02
3.990000000000000000e+02 5.690000000000000000e+02
4.840000000000000000e+02 5.740000000000000000e+02
5.380000000000000000e+02 5.590000000000000000e+02
5.950000000000000000e+02 5.490000000000000000e+02
6.510000000000000000e+02 5.570000000000000000e+02
6.920000000000000000e+02 5.930000000000000000e+02
4.450000000000000000e+02 6.160000000000000000e+02
4.470000000000000000e+02 6.650000000000000000e+02
4.480000000000000000e+02 7.150000000000000000e+02
4.500000000000000000e+02 7.670000000000000000e+02
3.830000000000000000e+02 8.170000000000000000e+02
4.140000000000000000e+02 8.230000000000000000e+02
4.460000000000000000e+02 8.280000000000000000e+02
4.750000000000000000e+02 8.220000000000000000e+02
5.020000000000000000e+02 8.150000000000000000e+02
2.410000000000000000e+02 6.210000000000000000e+02
2.740000000000000000e+02 6.000000000000000000e+02
3.160000000000000000e+02 6.010000000000000000e+02
3.530000000000000000e+02 6.320000000000000000e+02
3.140000000000000000e+02 6.390000000000000000e+02
2.710000000000000000e+02 6.400000000000000000e+02
5.210000000000000000e+02 6.350000000000000000e+02
5.580000000000000000e+02 6.060000000000000000e+02
6.010000000000000000e+02 6.070000000000000000e+02
6.360000000000000000e+02 6.290000000000000000e+02
6.020000000000000000e+02 6.450000000000000000e+02
5.590000000000000000e+02 6.440000000000000000e+02
3.160000000000000000e+02 9.140000000000000000e+02
3.640000000000000000e+02 9.010000000000000000e+02
4.090000000000000000e+02 8.910000000000000000e+02
4.440000000000000000e+02 8.990000000000000000e+02
4.770000000000000000e+02 8.880000000000000000e+02
5.170000000000000000e+02 8.970000000000000000e+02
5.580000000000000000e+02 9.070000000000000000e+02
5.200000000000000000e+02 9.400000000000000000e+02
4.820000000000000000e+02 9.560000000000000000e+02
4.470000000000000000e+02 9.610000000000000000e+02
4.110000000000000000e+02 9.580000000000000000e+02
3.660000000000000000e+02 9.440000000000000000e+02
3.330000000000000000e+02 9.160000000000000000e+02
4.080000000000000000e+02 9.170000000000000000e+02
4.430000000000000000e+02 9.200000000000000000e+02
4.780000000000000000e+02 9.150000000000000000e+02
5.420000000000000000e+02 9.110000000000000000e+02
4.800000000000000000e+02 9.200000000000000000e+02
4.460000000000000000e+02 9.250000000000000000e+02
4.120000000000000000e+02 9.210000000000000000e+02
