1.270000000000000000e+02 6.240000000000000000e+02
1.350000000000000000e+02 7.130000000000000000e+02
1.470000000000000000e+02 7.990000000000000000e+02
1.620000000000000000e+02 8.840000000000000000e+02
1.890000000000000000e+02 9.600000000000000000e+02
2.320000000000000000e+02 1.029000000000000000e+03
2.900000000000000000e+02 1.083000000000000000e+03
3.570000000000000000e+02 1.124000000000000000e+03
4.360000000000000000e+02 1.135000000000000000e+03
5.160000000000000000e+02 1.117000000000000000e+03
5.850000000000000000e+02 1.071000000000000000e+03
6.430000000000000000e+02 1.013000000000000000e+03
6.840000000000000000e+02 9.430000000000000000e+02
7.020000000000000000e+02 8.680000000000000000e+02
7.150000000000000000e+02 7.880000000000000000e+02
7.290000000000000000e+02 7.040000000000000000e+02
7.380000000000000000e+02 6.200000000000000000e+02
1.880000000000000000e+02 6.010000000000000000e+02
2.250000000000000000e+02 5.610000000000000000e+02
2.830000000000000000e+02 5.460000000000000000e+02
3.440000000000000000e+02 5.530000000000000000e+02
4.030000000000000000e+02 5.720000000000000000e+02
4.810000000000000000e+02 5.730000000000000000e+02
5.370000000000000000e+02 5.540000000000000000e+02
5.970000000000000000e+02 5.460000000000000000e+02
6.550000000000000000e+02 5.630000000000000000e+02
6.860000000000000000e+02 6.120000000000000000e+02
4.420000000000000000e+02 6.040000000000000000e+02
4.420000000000000000e+02 6.650000000000000000e+02
4.410000000000000000e+02 7.250000000000000000e+02
4.420000000000000000e+02 7.870000000000000000e+02
3.760000000000000000e+02 8.230000000000000000e+02
4.070000000000000000e+02 8.300000000000000000e+02
4.400000000000000000e+02 8.370000000000000000e+02
4.730000000000000000e+02 8.290000000000000000e+02
5.040000000000000000e+02 8.190000000000000000e+02
2.560000000000000000e+02 6.160000000000000000e+02
2.880000000000000000e+02 5.950000000000000000e+02
3.240000000000000000e+02 5.940000000000000000e+02
3.560000000000000000e+02 6.200000000000000000e+02
3.220000000000000000e+02 6.220000000000000000e+02
2.870000000000000000e+02 6.230000000000000000e+02
5.210000000000000000e+02 6.220000000000000000e+02
5.540000000000000000e+02 5.960000000000000000e+02
5.900000000000000000e+02 5.970000000000000000e+02
6.220000000000000000e+02 6.200000000000000000e+02
5.900000000000000000e+02 6.270000000000000000e+02
5.540000000000000000e+02 6.250000000000000000e+02
3.150000000000000000e+02 9.170000000000000000e+02
3.590000000000000000e+02 9.100000000000000000e+02
4.030000000000000000e+02 9.050000000000000000e+02
4.390000000000000000e+02 9.140000000000000000e+02
4.720000000000000000e+02 9.050000000000000000e+02
5.120000000000000000e+02 9.080000000000000000e+02
5.580000000000000000e+02 9.140000000000000000e+02
5.140000000000000000e+02 9.410000000000000000e+02
4.750000000000000000e+02 9.550000000000000000e+02
4.400000000000000000e+02 9.590000000000000000e+02
4.030000000000000000e+02 9.540000000000000000e+02
3.590000000000000000e+02 9.390000000000000000e+02
3.300000000000000000e+02 9.170000000000000000e+02
4.020000000000000000e+02 9.220000000000000000e+02
4.390000000000000000e+02 9.280000000000000000e+02
4.730000000000000000e+02 9.220000000000000000e+02
5.420000000000000000e+02 9.150000000000000000e+02
4.740000000000000000e+02 9.230000000000000000e+02
4.400000000000000000e+02 9.280000000000000000e+02
4.040000000000000000e+02 9.230000000000000000e+02
