1.290000000000000000e+02 6.360000000000000000e+02
1.400000000000000000e+02 7.200000000000000000e+02
1.550000000000000000e+02 8.010000000000000000e+02
1.690000000000000000e+02 8.800000000000000000e+02
1.910000000000000000e+02 9.550000000000000000e+02
2.310000000000000000e+02 1.020000000000000000e+03
2.940000000000000000e+02 1.065000000000000000e+03
3.650000000000000000e+02 1.100000000000000000e+03
4.430000000000000000e+02 1.110000000000000000e+03
5.230000000000000000e+02 1.098000000000000000e+03
5.980000000000000000e+02 1.067000000000000000e+03
6.660000000000000000e+02 1.022000000000000000e+03
7.050000000000000000e+02 9.570000000000000000e+02
7.220000000000000000e+02 8.790000000000000000e+02
7.330000000000000000e+02 7.990000000000000000e+02
7.450000000000000000e+02 7.200000000000000000e+02
7.510000000000000000e+02 6.360000000000000000e+02
1.850000000000000000e+02 5.770000000000000000e+02
2.230000000000000000e+02 5.410000000000000000e+02
2.780000000000000000e+02 5.310000000000000000e+02
3.340000000000000000e+02 5.380000000000000000e+02
3.880000000000000000e+02 5.580000000000000000e+02
4.850000000000000000e+02 5.680000000000000000e+02
5.410000000000000000e+02 5.520000000000000000e+02
5.960000000000000000e+02 5.430000000000000000e+02
6.520000000000000000e+02 5.530000000000000000e+02
6.910000000000000000e+02 5.900000000000000000e+02
4.380000000000000000e+02 6.130000000000000000e+02
4.390000000000000000e+02 6.600000000000000000e+02
4.390000000000000000e+02 7.070000000000000000e+02
4.400000000000000000e+02 7.570000000000000000e+02
3.880000000000000000e+02 8.060000000000000000e+02
4.120000000000000000e+02 8.130000000000000000e+02
4.400000000000000000e+02 8.170000000000000000e+02
4.680000000000000000e+02 8.120000000000000000e+02
4.920000000000000000e+02 8.030000000000000000e+02
2.500000000000000000e+02 6.250000000000000000e+02
2.840000000000000000e+02 6.040000000000000000e+02
3.240000000000000000e+02 6.020000000000000000e+02
3.590000000000000000e+02 6.310000000000000000e+02
3.220000000000000000e+02 6.410000000000000000e+02
2.810000000000000000e+02 6.420000000000000000e+02
5.150000000000000000e+02 6.350000000000000000e+02
5.500000000000000000e+02 6.080000000000000000e+02
5.910000000000000000e+02 6.090000000000000000e+02
6.250000000000000000e+02 6.300000000000000000e+02
5.930000000000000000e+02 6.450000000000000000e+02
5.520000000000000000e+02 6.440000000000000000e+02
3.350000000000000000e+02 9.240000000000000000e+02
3.800000000000000000e+02 9.100000000000000000e+02
4.170000000000000000e+02 8.970000000000000000e+02
4.430000000000000000e+02 9.050000000000000000e+02
4.670000000000000000e+02 8.960000000000000000e+02
5.060000000000000000e+02 9.080000000000000000e+02
5.470000000000000000e+02 9.210000000000000000e+02
5.080000000000000000e+02 9.460000000000000000e+02
4.710000000000000000e+02 9.570000000000000000e+02
4.440000000000000000e+02 9.590000000000000000e+02
4.160000000000000000e+02 9.570000000000000000e+02
3.810000000000000000e+02 9.480000000000000000e+02
3.510000000000000000e+02 9.230000000000000000e+02
4.170000000000000000e+02 9.200000000000000000e+02
4.420000000000000000e+02 9.240000000000000000e+02
4.680000000000000000e+02 9.200000000000000000e+02
5.310000000000000000e+02 9.210000000000000000e+02
4.690000000000000000e+02 9.230000000000000000e+02
4.440000000000000000e+02 9.260000000000000000e+02
4.180000000000000000e+02 9.230000000000000000e+02
