1.500000000000000000e+02 6.200000000000000000e+02
1.570000000000000000e+02 7.040000000000000000e+02
1.700000000000000000e+02 7.880000000000000000e+02
1.840000000000000000e+02 8.710000000000000000e+02
2.110000000000000000e+02 9.510000000000000000e+02
2.560000000000000000e+02 1.018000000000000000e+03
3.090000000000000000e+02 1.077000000000000000e+03
3.680000000000000000e+02 1.124000000000000000e+03
4.410000000000000000e+02 1.138000000000000000e+03
5.170000000000000000e+02 1.129000000000000000e+03
5.830000000000000000e+02 1.089000000000000000e+03
6.430000000000000000e+02 1.033000000000000000e+03
6.910000000000000000e+02 9.670000000000000000e+02
7.190000000000000000e+02 8.870000000000000000e+02
7.330000000000000000e+02 8.030000000000000000e+02
7.450000000000000000e+02 7.160000000000000000e+02
7.510000000000000000e+02 6.280000000000000000e+02
1.960000000000000000e+02 5.730000000000000000e+02
2.250000000000000000e+02 5.310000000000000000e+02
2.790000000000000000e+02 5.200000000000000000e+02
3.320000000000000000e+02 5.320000000000000000e+02
3.840000000000000000e+02 5.540000000000000000e+02
4.860000000000000000e+02 5.490000000000000000e+02
5.430000000000000000e+02 5.290000000000000000e+02
6.000000000000000000e+02 5.230000000000000000e+02
6.550000000000000000e+02 5.390000000000000000e+02
6.890000000000000000e+02 5.790000000000000000e+02
4.360000000000000000e+02 6.180000000000000000e+02
4.360000000000000000e+02 6.700000000000000000e+02
4.360000000000000000e+02 7.220000000000000000e+02
4.350000000000000000e+02 7.760000000000000000e+02
3.880000000000000000e+02 8.140000000000000000e+02
4.110000000000000000e+02 8.220000000000000000e+02
4.370000000000000000e+02 8.270000000000000000e+02
4.630000000000000000e+02 8.210000000000000000e+02
4.880000000000000000e+02 8.140000000000000000e+02
2.680000000000000000e+02 6.230000000000000000e+02
2.970000000000000000e+02 6.060000000000000000e+02
3.360000000000000000e+02 6.060000000000000000e+02
3.690000000000000000e+02 6.280000000000000000e+02
3.340000000000000000e+02 6.380000000000000000e+02
2.960000000000000000e+02 6.390000000000000000e+02
5.160000000000000000e+02 6.290000000000000000e+02
5.470000000000000000e+02 6.080000000000000000e+02
5.850000000000000000e+02 6.100000000000000000e+02
6.150000000000000000e+02 6.270000000000000000e+02
5.870000000000000000e+02 6.410000000000000000e+02
5.490000000000000000e+02 6.390000000000000000e+02
3.520000000000000000e+02 9.250000000000000000e+02
3.820000000000000000e+02 9.010000000000000000e+02
4.130000000000000000e+02 8.880000000000000000e+02
4.370000000000000000e+02 8.950000000000000000e+02
4.630000000000000000e+02 8.880000000000000000e+02
5.000000000000000000e+02 9.030000000000000000e+02
5.390000000000000000e+02 9.260000000000000000e+02
5.020000000000000000e+02 9.460000000000000000e+02
4.660000000000000000e+02 9.550000000000000000e+02
4.390000000000000000e+02 9.570000000000000000e+02
4.130000000000000000e+02 9.550000000000000000e+02
3.830000000000000000e+02 9.450000000000000000e+02
3.700000000000000000e+02 9.240000000000000000e+02
4.130000000000000000e+02 9.160000000000000000e+02
4.380000000000000000e+02 9.170000000000000000e+02
4.640000000000000000e+02 9.160000000000000000e+02
5.200000000000000000e+02 9.260000000000000000e+02
4.650000000000000000e+02 9.190000000000000000e+02
4.390000000000000000e+02 9.210000000000000000e+02
4.140000000000000000e+02 9.180000000000000000e+02
