1.310000000000000000e+02 6.110000000000000000e+02
1.390000000000000000e+02 6.970000000000000000e+02
1.520000000000000000e+02 7.820000000000000000e+02
1.660000000000000000e+02 8.650000000000000000e+02
1.910000000000000000e+02 9.450000000000000000e+02
2.340000000000000000e+02 1.018000000000000000e+03
2.900000000000000000e+02 1.079000000000000000e+03
3.600000000000000000e+02 1.123000000000000000e+03
4.380000000000000000e+02 1.136000000000000000e+03
5.140000000000000000e+02 1.120000000000000000e+03
5.780000000000000000e+02 1.073000000000000000e+03
6.290000000000000000e+02 1.013000000000000000e+03
6.660000000000000000e+02 9.430000000000000000e+02
6.870000000000000000e+02 8.640000000000000000e+02
7.000000000000000000e+02 7.830000000000000000e+02
7.130000000000000000e+02 7.000000000000000000e+02
7.190000000000000000e+02 6.170000000000000000e+02
1.910000000000000000e+02 5.730000000000000000e+02
2.310000000000000000e+02 5.400000000000000000e+02
2.880000000000000000e+02 5.350000000000000000e+02
3.430000000000000000e+02 5.480000000000000000e+02
3.950000000000000000e+02 5.680000000000000000e+02
4.950000000000000000e+02 5.700000000000000000e+02
5.440000000000000000e+02 5.470000000000000000e+02
5.960000000000000000e+02 5.360000000000000000e+02
6.480000000000000000e+02 5.390000000000000000e+02
6.840000000000000000e+02 5.710000000000000000e+02
4.470000000000000000e+02 6.190000000000000000e+02
4.490000000000000000e+02 6.690000000000000000e+02
4.510000000000000000e+02 7.200000000000000000e+02
4.540000000000000000e+02 7.720000000000000000e+02
3.950000000000000000e+02 8.140000000000000000e+02
4.210000000000000000e+02 8.230000000000000000e+02
4.500000000000000000e+02 8.310000000000000000e+02
4.770000000000000000e+02 8.220000000000000000e+02
5.000000000000000000e+02 8.120000000000000000e+02
2.590000000000000000e+02 6.170000000000000000e+02
2.930000000000000000e+02 5.950000000000000000e+02
3.350000000000000000e+02 5.980000000000000000e+02
3.680000000000000000e+02 6.330000000000000000e+02
3.310000000000000000e+02 6.410000000000000000e+02
2.880000000000000000e+02 6.390000000000000000e+02
5.110000000000000000e+02 6.310000000000000000e+02
5.460000000000000000e+02 5.970000000000000000e+02
5.870000000000000000e+02 5.940000000000000000e+02
6.190000000000000000e+02 6.160000000000000000e+02
5.920000000000000000e+02 6.380000000000000000e+02
5.490000000000000000e+02 6.400000000000000000e+02
3.390000000000000000e+02 9.300000000000000000e+02
3.830000000000000000e+02 9.080000000000000000e+02
4.240000000000000000e+02 8.940000000000000000e+02
4.480000000000000000e+02 9.020000000000000000e+02
4.720000000000000000e+02 8.930000000000000000e+02
5.060000000000000000e+02 9.050000000000000000e+02
5.400000000000000000e+02 9.240000000000000000e+02
5.060000000000000000e+02 9.510000000000000000e+02
4.740000000000000000e+02 9.660000000000000000e+02
4.470000000000000000e+02 9.710000000000000000e+02
4.200000000000000000e+02 9.690000000000000000e+02
3.810000000000000000e+02 9.570000000000000000e+02
3.590000000000000000e+02 9.290000000000000000e+02
4.230000000000000000e+02 9.230000000000000000e+02
4.480000000000000000e+02 9.250000000000000000e+02
4.720000000000000000e+02 9.210000000000000000e+02
5.220000000000000000e+02 9.240000000000000000e+02
4.720000000000000000e+02 9.220000000000000000e+02
4.470000000000000000e+02 9.260000000000000000e+02
4.220000000000000000e+02 9.250000000000000000e+02
