1.260000000000000000e+02 6.220000000000000000e+02
1.370000000000000000e+02 7.040000000000000000e+02
1.520000000000000000e+02 7.830000000000000000e+02
1.660000000000000000e+02 8.630000000000000000e+02
1.860000000000000000e+02 9.410000000000000000e+02
2.260000000000000000e+02 1.012000000000000000e+03
2.870000000000000000e+02 1.066000000000000000e+03
3.580000000000000000e+02 1.105000000000000000e+03
4.380000000000000000e+02 1.118000000000000000e+03
5.190000000000000000e+02 1.108000000000000000e+03
5.950000000000000000e+02 1.071000000000000000e+03
6.610000000000000000e+02 1.020000000000000000e+03
7.060000000000000000e+02 9.500000000000000000e+02
7.290000000000000000e+02 8.690000000000000000e+02
7.440000000000000000e+02 7.860000000000000000e+02
7.570000000000000000e+02 7.040000000000000000e+02
7.650000000000000000e+02 6.210000000000000000e+02
1.820000000000000000e+02 5.920000000000000000e+02
2.200000000000000000e+02 5.570000000000000000e+02
2.770000000000000000e+02 5.470000000000000000e+02
3.340000000000000000e+02 5.540000000000000000e+02
3.910000000000000000e+02 5.700000000000000000e+02
4.730000000000000000e+02 5.690000000000000000e+02
5.360000000000000000e+02 5.500000000000000000e+02
5.970000000000000000e+02 5.400000000000000000e+02
6.590000000000000000e+02 5.510000000000000000e+02
7.030000000000000000e+02 5.900000000000000000e+02
4.330000000000000000e+02 6.130000000000000000e+02
4.320000000000000000e+02 6.670000000000000000e+02
4.320000000000000000e+02 7.220000000000000000e+02
4.320000000000000000e+02 7.790000000000000000e+02
3.860000000000000000e+02 8.130000000000000000e+02
4.080000000000000000e+02 8.250000000000000000e+02
4.340000000000000000e+02 8.330000000000000000e+02
4.610000000000000000e+02 8.240000000000000000e+02
4.860000000000000000e+02 8.120000000000000000e+02
2.520000000000000000e+02 6.240000000000000000e+02
2.860000000000000000e+02 5.980000000000000000e+02
3.310000000000000000e+02 5.980000000000000000e+02
3.660000000000000000e+02 6.300000000000000000e+02
3.270000000000000000e+02 6.440000000000000000e+02
2.820000000000000000e+02 6.450000000000000000e+02
5.180000000000000000e+02 6.300000000000000000e+02
5.560000000000000000e+02 6.000000000000000000e+02
6.020000000000000000e+02 5.980000000000000000e+02
6.340000000000000000e+02 6.230000000000000000e+02
6.040000000000000000e+02 6.450000000000000000e+02
5.590000000000000000e+02 6.450000000000000000e+02
3.370000000000000000e+02 9.200000000000000000e+02
3.780000000000000000e+02 9.060000000000000000e+02
4.120000000000000000e+02 8.950000000000000000e+02
4.400000000000000000e+02 9.030000000000000000e+02
4.690000000000000000e+02 8.940000000000000000e+02
5.060000000000000000e+02 9.040000000000000000e+02
5.440000000000000000e+02 9.210000000000000000e+02
5.050000000000000000e+02 9.380000000000000000e+02
4.700000000000000000e+02 9.480000000000000000e+02
4.400000000000000000e+02 9.500000000000000000e+02
4.120000000000000000e+02 9.480000000000000000e+02
3.790000000000000000e+02 9.400000000000000000e+02
3.550000000000000000e+02 9.210000000000000000e+02
4.120000000000000000e+02 9.140000000000000000e+02
4.410000000000000000e+02 9.170000000000000000e+02
4.690000000000000000e+02 9.120000000000000000e+02
5.260000000000000000e+02 9.210000000000000000e+02
4.690000000000000000e+02 9.160000000000000000e+02
4.400000000000000000e+02 9.200000000000000000e+02
4.120000000000000000e+02 9.160000000000000000e+02
