1.110000000000000000e+02 6.500000000000000000e+02
1.160000000000000000e+02 7.360000000000000000e+02
1.220000000000000000e+02 8.200000000000000000e+02
1.360000000000000000e+02 9.020000000000000000e+02
1.640000000000000000e+02 9.800000000000000000e+02
2.110000000000000000e+02 1.040000000000000000e+03
2.820000000000000000e+02 1.081000000000000000e+03
3.590000000000000000e+02 1.108000000000000000e+03
4.440000000000000000e+02 1.116000000000000000e+03
5.300000000000000000e+02 1.107000000000000000e+03
6.090000000000000000e+02 1.078000000000000000e+03
6.800000000000000000e+02 1.034000000000000000e+03
7.280000000000000000e+02 9.710000000000000000e+02
7.530000000000000000e+02 8.920000000000000000e+02
7.620000000000000000e+02 8.070000000000000000e+02
7.640000000000000000e+02 7.220000000000000000e+02
7.690000000000000000e+02 6.360000000000000000e+02
1.910000000000000000e+02 5.780000000000000000e+02
2.300000000000000000e+02 5.490000000000000000e+02
2.830000000000000000e+02 5.400000000000000000e+02
3.370000000000000000e+02 5.450000000000000000e+02
3.880000000000000000e+02 5.630000000000000000e+02
4.920000000000000000e+02 5.600000000000000000e+02
5.430000000000000000e+02 5.410000000000000000e+02
5.960000000000000000e+02 5.340000000000000000e+02
6.490000000000000000e+02 5.440000000000000000e+02
6.880000000000000000e+02 5.750000000000000000e+02
4.410000000000000000e+02 6.180000000000000000e+02
4.410000000000000000e+02 6.660000000000000000e+02
4.410000000000000000e+02 7.130000000000000000e+02
4.420000000000000000e+02 7.620000000000000000e+02
3.850000000000000000e+02 8.040000000000000000e+02
4.120000000000000000e+02 8.160000000000000000e+02
4.420000000000000000e+02 8.240000000000000000e+02
4.710000000000000000e+02 8.170000000000000000e+02
5.000000000000000000e+02 8.080000000000000000e+02
2.590000000000000000e+02 6.310000000000000000e+02
2.910000000000000000e+02 6.110000000000000000e+02
3.300000000000000000e+02 6.090000000000000000e+02
3.660000000000000000e+02 6.320000000000000000e+02
3.310000000000000000e+02 6.440000000000000000e+02
2.910000000000000000e+02 6.450000000000000000e+02
5.140000000000000000e+02 6.300000000000000000e+02
5.490000000000000000e+02 6.070000000000000000e+02
5.880000000000000000e+02 6.080000000000000000e+02
6.220000000000000000e+02 6.280000000000000000e+02
5.900000000000000000e+02 6.430000000000000000e+02
5.510000000000000000e+02 6.420000000000000000e+02
3.350000000000000000e+02 9.140000000000000000e+02
3.730000000000000000e+02 8.910000000000000000e+02
4.090000000000000000e+02 8.810000000000000000e+02
4.390000000000000000e+02 8.900000000000000000e+02
4.690000000000000000e+02 8.860000000000000000e+02
5.070000000000000000e+02 8.980000000000000000e+02
5.520000000000000000e+02 9.170000000000000000e+02
5.040000000000000000e+02 9.290000000000000000e+02
4.660000000000000000e+02 9.300000000000000000e+02
4.370000000000000000e+02 9.300000000000000000e+02
4.060000000000000000e+02 9.270000000000000000e+02
3.720000000000000000e+02 9.250000000000000000e+02
3.530000000000000000e+02 9.120000000000000000e+02
4.090000000000000000e+02 9.000000000000000000e+02
4.390000000000000000e+02 9.050000000000000000e+02
4.680000000000000000e+02 9.050000000000000000e+02
5.330000000000000000e+02 9.160000000000000000e+02
4.660000000000000000e+02 9.030000000000000000e+02
4.370000000000000000e+02 9.040000000000000000e+02
4.080000000000000000e+02 9.000000000000000000e+02
