1.410000000000000000e+02 6.450000000000000000e+02
1.500000000000000000e+02 7.270000000000000000e+02
1.630000000000000000e+02 8.070000000000000000e+02
1.780000000000000000e+02 8.870000000000000000e+02
2.060000000000000000e+02 9.610000000000000000e+02
2.490000000000000000e+02 1.024000000000000000e+03
3.030000000000000000e+02 1.074000000000000000e+03
3.650000000000000000e+02 1.110000000000000000e+03
4.420000000000000000e+02 1.116000000000000000e+03
5.200000000000000000e+02 1.106000000000000000e+03
5.850000000000000000e+02 1.070000000000000000e+03
6.410000000000000000e+02 1.022000000000000000e+03
6.800000000000000000e+02 9.590000000000000000e+02
7.050000000000000000e+02 8.860000000000000000e+02
7.200000000000000000e+02 8.070000000000000000e+02
7.370000000000000000e+02 7.280000000000000000e+02
7.490000000000000000e+02 6.440000000000000000e+02
1.880000000000000000e+02 5.860000000000000000e+02
2.230000000000000000e+02 5.450000000000000000e+02
2.800000000000000000e+02 5.280000000000000000e+02
3.380000000000000000e+02 5.330000000000000000e+02
3.930000000000000000e+02 5.540000000000000000e+02
4.880000000000000000e+02 5.500000000000000000e+02
5.440000000000000000e+02 5.260000000000000000e+02
6.050000000000000000e+02 5.210000000000000000e+02
6.650000000000000000e+02 5.350000000000000000e+02
7.030000000000000000e+02 5.740000000000000000e+02
4.380000000000000000e+02 6.120000000000000000e+02
4.340000000000000000e+02 6.700000000000000000e+02
4.300000000000000000e+02 7.270000000000000000e+02
4.250000000000000000e+02 7.850000000000000000e+02
3.760000000000000000e+02 8.160000000000000000e+02
4.010000000000000000e+02 8.300000000000000000e+02
4.310000000000000000e+02 8.400000000000000000e+02
4.620000000000000000e+02 8.280000000000000000e+02
4.920000000000000000e+02 8.160000000000000000e+02
2.440000000000000000e+02 6.270000000000000000e+02
2.780000000000000000e+02 5.990000000000000000e+02
3.250000000000000000e+02 6.010000000000000000e+02
3.630000000000000000e+02 6.380000000000000000e+02
3.210000000000000000e+02 6.480000000000000000e+02
2.750000000000000000e+02 6.470000000000000000e+02
5.240000000000000000e+02 6.360000000000000000e+02
5.630000000000000000e+02 5.980000000000000000e+02
6.090000000000000000e+02 5.950000000000000000e+02
6.440000000000000000e+02 6.220000000000000000e+02
6.130000000000000000e+02 6.440000000000000000e+02
5.670000000000000000e+02 6.450000000000000000e+02
3.250000000000000000e+02 9.170000000000000000e+02
3.710000000000000000e+02 9.040000000000000000e+02
4.070000000000000000e+02 8.970000000000000000e+02
4.380000000000000000e+02 9.040000000000000000e+02
4.700000000000000000e+02 8.990000000000000000e+02
5.130000000000000000e+02 9.050000000000000000e+02
5.660000000000000000e+02 9.190000000000000000e+02
5.150000000000000000e+02 9.360000000000000000e+02
4.720000000000000000e+02 9.420000000000000000e+02
4.390000000000000000e+02 9.430000000000000000e+02
4.070000000000000000e+02 9.400000000000000000e+02
3.710000000000000000e+02 9.350000000000000000e+02
3.430000000000000000e+02 9.170000000000000000e+02
4.070000000000000000e+02 9.140000000000000000e+02
4.390000000000000000e+02 9.180000000000000000e+02
4.710000000000000000e+02 9.150000000000000000e+02
5.470000000000000000e+02 9.190000000000000000e+02
4.710000000000000000e+02 9.130000000000000000e+02
4.380000000000000000e+02 9.150000000000000000e+02
4.070000000000000000e+02 9.100000000000000000e+02
