1.210000000000000000e+02 6.460000000000000000e+02
1.260000000000000000e+02 7.310000000000000000e+02
1.390000000000000000e+02 8.120000000000000000e+02
1.580000000000000000e+02 8.920000000000000000e+02
1.870000000000000000e+02 9.650000000000000000e+02
2.300000000000000000e+02 1.031000000000000000e+03
2.900000000000000000e+02 1.087000000000000000e+03
3.630000000000000000e+02 1.126000000000000000e+03
4.410000000000000000e+02 1.135000000000000000e+03
5.200000000000000000e+02 1.121000000000000000e+03
5.910000000000000000e+02 1.078000000000000000e+03
6.490000000000000000e+02 1.022000000000000000e+03
6.880000000000000000e+02 9.560000000000000000e+02
7.120000000000000000e+02 8.810000000000000000e+02
7.240000000000000000e+02 8.030000000000000000e+02
7.350000000000000000e+02 7.230000000000000000e+02
7.370000000000000000e+02 6.400000000000000000e+02
1.930000000000000000e+02 5.800000000000000000e+02
2.350000000000000000e+02 5.430000000000000000e+02
2.900000000000000000e+02 5.250000000000000000e+02
3.470000000000000000e+02 5.270000000000000000e+02
4.010000000000000000e+02 5.420000000000000000e+02
4.840000000000000000e+02 5.390000000000000000e+02
5.360000000000000000e+02 5.220000000000000000e+02
5.900000000000000000e+02 5.180000000000000000e+02
6.420000000000000000e+02 5.370000000000000000e+02
6.780000000000000000e+02 5.770000000000000000e+02
4.420000000000000000e+02 6.100000000000000000e+02
4.430000000000000000e+02 6.580000000000000000e+02
4.440000000000000000e+02 7.060000000000000000e+02
4.450000000000000000e+02 7.560000000000000000e+02
3.940000000000000000e+02 8.060000000000000000e+02
4.190000000000000000e+02 8.120000000000000000e+02
4.450000000000000000e+02 8.170000000000000000e+02
4.700000000000000000e+02 8.110000000000000000e+02
4.930000000000000000e+02 8.050000000000000000e+02
2.610000000000000000e+02 6.310000000000000000e+02
2.940000000000000000e+02 6.130000000000000000e+02
3.310000000000000000e+02 6.120000000000000000e+02
3.610000000000000000e+02 6.350000000000000000e+02
3.290000000000000000e+02 6.410000000000000000e+02
2.920000000000000000e+02 6.420000000000000000e+02
5.180000000000000000e+02 6.330000000000000000e+02
5.480000000000000000e+02 6.110000000000000000e+02
5.840000000000000000e+02 6.100000000000000000e+02
6.150000000000000000e+02 6.280000000000000000e+02
5.860000000000000000e+02 6.400000000000000000e+02
5.500000000000000000e+02 6.400000000000000000e+02
3.460000000000000000e+02 9.250000000000000000e+02
3.800000000000000000e+02 8.940000000000000000e+02
4.150000000000000000e+02 8.760000000000000000e+02
4.420000000000000000e+02 8.840000000000000000e+02
4.690000000000000000e+02 8.760000000000000000e+02
5.060000000000000000e+02 8.930000000000000000e+02
5.410000000000000000e+02 9.230000000000000000e+02
5.080000000000000000e+02 9.550000000000000000e+02
4.730000000000000000e+02 9.660000000000000000e+02
4.430000000000000000e+02 9.690000000000000000e+02
4.140000000000000000e+02 9.670000000000000000e+02
3.800000000000000000e+02 9.550000000000000000e+02
3.650000000000000000e+02 9.230000000000000000e+02
4.150000000000000000e+02 9.150000000000000000e+02
4.420000000000000000e+02 9.160000000000000000e+02
4.700000000000000000e+02 9.150000000000000000e+02
5.210000000000000000e+02 9.230000000000000000e+02
4.710000000000000000e+02 9.170000000000000000e+02
4.430000000000000000e+02 9.210000000000000000e+02
4.160000000000000000e+02 9.180000000000000000e+02
