1.390000000000000000e+02 6.740000000000000000e+02
1.500000000000000000e+02 7.480000000000000000e+02
1.660000000000000000e+02 8.150000000000000000e+02
1.800000000000000000e+02 8.870000000000000000e+02
2.030000000000000000e+02 9.540000000000000000e+02
2.440000000000000000e+02 1.012000000000000000e+03
3.040000000000000000e+02 1.059000000000000000e+03
3.740000000000000000e+02 1.095000000000000000e+03
4.490000000000000000e+02 1.105000000000000000e+03
5.270000000000000000e+02 1.094000000000000000e+03
5.980000000000000000e+02 1.057000000000000000e+03
6.600000000000000000e+02 1.012000000000000000e+03
7.020000000000000000e+02 9.530000000000000000e+02
7.250000000000000000e+02 8.840000000000000000e+02
7.410000000000000000e+02 8.120000000000000000e+02
7.560000000000000000e+02 7.410000000000000000e+02
7.640000000000000000e+02 6.660000000000000000e+02
1.780000000000000000e+02 5.990000000000000000e+02
2.130000000000000000e+02 5.580000000000000000e+02
2.690000000000000000e+02 5.320000000000000000e+02
3.290000000000000000e+02 5.330000000000000000e+02
3.840000000000000000e+02 5.570000000000000000e+02
4.860000000000000000e+02 5.520000000000000000e+02
5.410000000000000000e+02 5.230000000000000000e+02
6.040000000000000000e+02 5.200000000000000000e+02
6.640000000000000000e+02 5.440000000000000000e+02
7.060000000000000000e+02 5.870000000000000000e+02
4.320000000000000000e+02 6.070000000000000000e+02
4.310000000000000000e+02 6.580000000000000000e+02
4.300000000000000000e+02 7.090000000000000000e+02
4.290000000000000000e+02 7.620000000000000000e+02
3.830000000000000000e+02 8.050000000000000000e+02
4.060000000000000000e+02 8.180000000000000000e+02
4.330000000000000000e+02 8.270000000000000000e+02
4.620000000000000000e+02 8.170000000000000000e+02
4.890000000000000000e+02 8.050000000000000000e+02
2.410000000000000000e+02 6.360000000000000000e+02
2.740000000000000000e+02 6.030000000000000000e+02
3.190000000000000000e+02 6.000000000000000000e+02
3.600000000000000000e+02 6.320000000000000000e+02
3.190000000000000000e+02 6.410000000000000000e+02
2.750000000000000000e+02 6.450000000000000000e+02
5.180000000000000000e+02 6.290000000000000000e+02
5.590000000000000000e+02 5.960000000000000000e+02
6.040000000000000000e+02 5.960000000000000000e+02
6.390000000000000000e+02 6.280000000000000000e+02
6.050000000000000000e+02 6.380000000000000000e+02
5.600000000000000000e+02 6.360000000000000000e+02
3.250000000000000000e+02 9.120000000000000000e+02
3.720000000000000000e+02 9.020000000000000000e+02
4.110000000000000000e+02 8.900000000000000000e+02
4.360000000000000000e+02 8.970000000000000000e+02
4.610000000000000000e+02 8.910000000000000000e+02
5.040000000000000000e+02 9.030000000000000000e+02
5.570000000000000000e+02 9.140000000000000000e+02
5.050000000000000000e+02 9.410000000000000000e+02
4.640000000000000000e+02 9.520000000000000000e+02
4.370000000000000000e+02 9.540000000000000000e+02
4.090000000000000000e+02 9.510000000000000000e+02
3.720000000000000000e+02 9.420000000000000000e+02
3.440000000000000000e+02 9.150000000000000000e+02
4.100000000000000000e+02 9.130000000000000000e+02
4.360000000000000000e+02 9.170000000000000000e+02
4.630000000000000000e+02 9.140000000000000000e+02
5.360000000000000000e+02 9.160000000000000000e+02
4.620000000000000000e+02 9.170000000000000000e+02
4.360000000000000000e+02 9.190000000000000000e+02
4.100000000000000000e+02 9.150000000000000000e+02
