1.170000000000000000e+02 6.400000000000000000e+02
1.280000000000000000e+02 7.230000000000000000e+02
1.420000000000000000e+02 8.030000000000000000e+02
1.560000000000000000e+02 8.830000000000000000e+02
1.830000000000000000e+02 9.550000000000000000e+02
2.280000000000000000e+02 1.017000000000000000e+03
2.890000000000000000e+02 1.068000000000000000e+03
3.620000000000000000e+02 1.106000000000000000e+03
4.400000000000000000e+02 1.119000000000000000e+03
5.210000000000000000e+02 1.106000000000000000e+03
5.950000000000000000e+02 1.066000000000000000e+03
6.600000000000000000e+02 1.015000000000000000e+03
7.090000000000000000e+02 9.540000000000000000e+02
7.370000000000000000e+02 8.810000000000000000e+02
7.500000000000000000e+02 8.010000000000000000e+02
7.630000000000000000e+02 7.220000000000000000e+02
7.740000000000000000e+02 6.410000000000000000e+02
1.810000000000000000e+02 5.700000000000000000e+02
2.230000000000000000e+02 5.330000000000000000e+02
2.830000000000000000e+02 5.240000000000000000e+02
3.420000000000000000e+02 5.380000000000000000e+02
3.990000000000000000e+02 5.640000000000000000e+02
4.670000000000000000e+02 5.620000000000000000e+02
5.280000000000000000e+02 5.360000000000000000e+02
5.910000000000000000e+02 5.210000000000000000e+02
6.570000000000000000e+02 5.300000000000000000e+02
7.020000000000000000e+02 5.710000000000000000e+02
4.380000000000000000e+02 6.170000000000000000e+02
4.400000000000000000e+02 6.630000000000000000e+02
4.400000000000000000e+02 7.100000000000000000e+02
4.410000000000000000e+02 7.580000000000000000e+02
3.860000000000000000e+02 8.050000000000000000e+02
4.120000000000000000e+02 8.130000000000000000e+02
4.390000000000000000e+02 8.190000000000000000e+02
4.680000000000000000e+02 8.140000000000000000e+02
4.940000000000000000e+02 8.060000000000000000e+02
2.510000000000000000e+02 6.340000000000000000e+02
2.860000000000000000e+02 6.160000000000000000e+02
3.270000000000000000e+02 6.160000000000000000e+02
3.630000000000000000e+02 6.400000000000000000e+02
3.240000000000000000e+02 6.500000000000000000e+02
2.830000000000000000e+02 6.500000000000000000e+02
5.180000000000000000e+02 6.420000000000000000e+02
5.540000000000000000e+02 6.200000000000000000e+02
5.940000000000000000e+02 6.200000000000000000e+02
6.280000000000000000e+02 6.380000000000000000e+02
5.960000000000000000e+02 6.530000000000000000e+02
5.550000000000000000e+02 6.520000000000000000e+02
3.300000000000000000e+02 9.170000000000000000e+02
3.750000000000000000e+02 8.930000000000000000e+02
4.140000000000000000e+02 8.790000000000000000e+02
4.420000000000000000e+02 8.890000000000000000e+02
4.700000000000000000e+02 8.800000000000000000e+02
5.080000000000000000e+02 8.940000000000000000e+02
5.520000000000000000e+02 9.170000000000000000e+02
5.080000000000000000e+02 9.410000000000000000e+02
4.700000000000000000e+02 9.540000000000000000e+02
4.390000000000000000e+02 9.570000000000000000e+02
4.090000000000000000e+02 9.520000000000000000e+02
3.720000000000000000e+02 9.390000000000000000e+02
3.510000000000000000e+02 9.160000000000000000e+02
4.130000000000000000e+02 9.090000000000000000e+02
4.410000000000000000e+02 9.130000000000000000e+02
4.700000000000000000e+02 9.100000000000000000e+02
5.320000000000000000e+02 9.160000000000000000e+02
4.690000000000000000e+02 9.100000000000000000e+02
4.400000000000000000e+02 9.140000000000000000e+02
4.120000000000000000e+02 9.090000000000000000e+02
