1.420000000000000000e+02 6.210000000000000000e+02
1.530000000000000000e+02 7.050000000000000000e+02
1.730000000000000000e+02 7.830000000000000000e+02
1.910000000000000000e+02 8.610000000000000000e+02
2.120000000000000000e+02 9.340000000000000000e+02
2.480000000000000000e+02 1.001000000000000000e+03
3.040000000000000000e+02 1.056000000000000000e+03
3.720000000000000000e+02 1.096000000000000000e+03
4.460000000000000000e+02 1.109000000000000000e+03
5.230000000000000000e+02 1.102000000000000000e+03
5.960000000000000000e+02 1.067000000000000000e+03
6.550000000000000000e+02 1.015000000000000000e+03
6.950000000000000000e+02 9.480000000000000000e+02
7.210000000000000000e+02 8.740000000000000000e+02
7.430000000000000000e+02 7.950000000000000000e+02
7.650000000000000000e+02 7.140000000000000000e+02
7.790000000000000000e+02 6.300000000000000000e+02
1.820000000000000000e+02 5.680000000000000000e+02
2.200000000000000000e+02 5.330000000000000000e+02
2.750000000000000000e+02 5.240000000000000000e+02
3.280000000000000000e+02 5.340000000000000000e+02
3.800000000000000000e+02 5.570000000000000000e+02
4.840000000000000000e+02 5.600000000000000000e+02
5.390000000000000000e+02 5.380000000000000000e+02
5.980000000000000000e+02 5.290000000000000000e+02
6.560000000000000000e+02 5.400000000000000000e+02
7.020000000000000000e+02 5.730000000000000000e+02
4.320000000000000000e+02 6.190000000000000000e+02
4.310000000000000000e+02 6.740000000000000000e+02
4.300000000000000000e+02 7.300000000000000000e+02
4.290000000000000000e+02 7.860000000000000000e+02
3.850000000000000000e+02 8.220000000000000000e+02
4.060000000000000000e+02 8.310000000000000000e+02
4.310000000000000000e+02 8.390000000000000000e+02
4.580000000000000000e+02 8.320000000000000000e+02
4.840000000000000000e+02 8.240000000000000000e+02
2.450000000000000000e+02 6.320000000000000000e+02
2.770000000000000000e+02 6.080000000000000000e+02
3.200000000000000000e+02 6.090000000000000000e+02
3.580000000000000000e+02 6.420000000000000000e+02
3.170000000000000000e+02 6.530000000000000000e+02
2.740000000000000000e+02 6.530000000000000000e+02
5.210000000000000000e+02 6.430000000000000000e+02
5.580000000000000000e+02 6.120000000000000000e+02
6.020000000000000000e+02 6.120000000000000000e+02
6.370000000000000000e+02 6.380000000000000000e+02
6.040000000000000000e+02 6.560000000000000000e+02
5.590000000000000000e+02 6.540000000000000000e+02
3.260000000000000000e+02 9.100000000000000000e+02
3.670000000000000000e+02 8.980000000000000000e+02
4.060000000000000000e+02 8.890000000000000000e+02
4.350000000000000000e+02 8.970000000000000000e+02
4.650000000000000000e+02 8.910000000000000000e+02
5.080000000000000000e+02 9.020000000000000000e+02
5.570000000000000000e+02 9.160000000000000000e+02
5.090000000000000000e+02 9.520000000000000000e+02
4.660000000000000000e+02 9.680000000000000000e+02
4.340000000000000000e+02 9.700000000000000000e+02
4.020000000000000000e+02 9.650000000000000000e+02
3.650000000000000000e+02 9.490000000000000000e+02
3.470000000000000000e+02 9.160000000000000000e+02
4.040000000000000000e+02 9.230000000000000000e+02
4.350000000000000000e+02 9.260000000000000000e+02
4.660000000000000000e+02 9.250000000000000000e+02
5.360000000000000000e+02 9.200000000000000000e+02
4.640000000000000000e+02 9.240000000000000000e+02
4.340000000000000000e+02 9.260000000000000000e+02
4.040000000000000000e+02 9.220000000000000000e+02
