1.390000000000000000e+02 6.680000000000000000e+02
1.450000000000000000e+02 7.460000000000000000e+02
1.560000000000000000e+02 8.240000000000000000e+02
1.740000000000000000e+02 8.960000000000000000e+02
1.990000000000000000e+02 9.670000000000000000e+02
2.390000000000000000e+02 1.026000000000000000e+03
2.960000000000000000e+02 1.063000000000000000e+03
3.580000000000000000e+02 1.088000000000000000e+03
4.330000000000000000e+02 1.093000000000000000e+03
5.140000000000000000e+02 1.086000000000000000e+03
5.880000000000000000e+02 1.062000000000000000e+03
6.520000000000000000e+02 1.027000000000000000e+03
6.980000000000000000e+02 9.720000000000000000e+02
7.280000000000000000e+02 9.070000000000000000e+02
7.470000000000000000e+02 8.360000000000000000e+02
7.600000000000000000e+02 7.570000000000000000e+02
7.680000000000000000e+02 6.760000000000000000e+02
1.940000000000000000e+02 5.780000000000000000e+02
2.240000000000000000e+02 5.340000000000000000e+02
2.780000000000000000e+02 5.210000000000000000e+02
3.350000000000000000e+02 5.320000000000000000e+02
3.910000000000000000e+02 5.520000000000000000e+02
4.710000000000000000e+02 5.620000000000000000e+02
5.300000000000000000e+02 5.460000000000000000e+02
5.910000000000000000e+02 5.400000000000000000e+02
6.500000000000000000e+02 5.550000000000000000e+02
6.880000000000000000e+02 5.990000000000000000e+02
4.330000000000000000e+02 6.010000000000000000e+02
4.320000000000000000e+02 6.530000000000000000e+02
4.300000000000000000e+02 7.030000000000000000e+02
4.300000000000000000e+02 7.550000000000000000e+02
3.660000000000000000e+02 8.100000000000000000e+02
3.970000000000000000e+02 8.150000000000000000e+02
4.320000000000000000e+02 8.190000000000000000e+02
4.680000000000000000e+02 8.110000000000000000e+02
5.020000000000000000e+02 8.030000000000000000e+02
2.520000000000000000e+02 6.230000000000000000e+02
2.810000000000000000e+02 6.010000000000000000e+02
3.180000000000000000e+02 6.000000000000000000e+02
3.530000000000000000e+02 6.240000000000000000e+02
3.170000000000000000e+02 6.340000000000000000e+02
2.790000000000000000e+02 6.340000000000000000e+02
5.230000000000000000e+02 6.300000000000000000e+02
5.580000000000000000e+02 6.100000000000000000e+02
5.970000000000000000e+02 6.150000000000000000e+02
6.280000000000000000e+02 6.390000000000000000e+02
5.940000000000000000e+02 6.470000000000000000e+02
5.550000000000000000e+02 6.420000000000000000e+02
3.230000000000000000e+02 9.290000000000000000e+02
3.650000000000000000e+02 9.060000000000000000e+02
4.020000000000000000e+02 8.890000000000000000e+02
4.340000000000000000e+02 8.960000000000000000e+02
4.640000000000000000e+02 8.860000000000000000e+02
5.030000000000000000e+02 8.970000000000000000e+02
5.500000000000000000e+02 9.220000000000000000e+02
5.050000000000000000e+02 9.290000000000000000e+02
4.670000000000000000e+02 9.320000000000000000e+02
4.350000000000000000e+02 9.340000000000000000e+02
4.020000000000000000e+02 9.340000000000000000e+02
3.660000000000000000e+02 9.330000000000000000e+02
3.360000000000000000e+02 9.240000000000000000e+02
4.010000000000000000e+02 9.080000000000000000e+02
4.340000000000000000e+02 9.100000000000000000e+02
4.650000000000000000e+02 9.060000000000000000e+02
5.350000000000000000e+02 9.170000000000000000e+02
4.660000000000000000e+02 9.060000000000000000e+02
4.350000000000000000e+02 9.100000000000000000e+02
4.030000000000000000e+02 9.080000000000000000e+02
