1.390000000000000000e+02 6.460000000000000000e+02
1.470000000000000000e+02 7.270000000000000000e+02
1.570000000000000000e+02 8.060000000000000000e+02
1.660000000000000000e+02 8.870000000000000000e+02
1.860000000000000000e+02 9.670000000000000000e+02
2.260000000000000000e+02 1.031000000000000000e+03
2.860000000000000000e+02 1.083000000000000000e+03
3.590000000000000000e+02 1.118000000000000000e+03
4.450000000000000000e+02 1.130000000000000000e+03
5.300000000000000000e+02 1.119000000000000000e+03
6.010000000000000000e+02 1.082000000000000000e+03
6.590000000000000000e+02 1.030000000000000000e+03
6.970000000000000000e+02 9.620000000000000000e+02
7.110000000000000000e+02 8.840000000000000000e+02
7.180000000000000000e+02 8.050000000000000000e+02
7.280000000000000000e+02 7.260000000000000000e+02
7.330000000000000000e+02 6.450000000000000000e+02
1.750000000000000000e+02 5.940000000000000000e+02
2.130000000000000000e+02 5.470000000000000000e+02
2.760000000000000000e+02 5.320000000000000000e+02
3.410000000000000000e+02 5.390000000000000000e+02
4.030000000000000000e+02 5.590000000000000000e+02
4.680000000000000000e+02 5.500000000000000000e+02
5.350000000000000000e+02 5.310000000000000000e+02
6.000000000000000000e+02 5.270000000000000000e+02
6.610000000000000000e+02 5.480000000000000000e+02
6.970000000000000000e+02 5.970000000000000000e+02
4.400000000000000000e+02 6.070000000000000000e+02
4.430000000000000000e+02 6.520000000000000000e+02
4.450000000000000000e+02 6.950000000000000000e+02
4.470000000000000000e+02 7.420000000000000000e+02
3.900000000000000000e+02 7.990000000000000000e+02
4.170000000000000000e+02 8.080000000000000000e+02
4.450000000000000000e+02 8.160000000000000000e+02
4.720000000000000000e+02 8.080000000000000000e+02
4.990000000000000000e+02 7.990000000000000000e+02
2.550000000000000000e+02 6.270000000000000000e+02
2.860000000000000000e+02 6.070000000000000000e+02
3.250000000000000000e+02 6.060000000000000000e+02
3.600000000000000000e+02 6.300000000000000000e+02
3.250000000000000000e+02 6.380000000000000000e+02
2.860000000000000000e+02 6.400000000000000000e+02
5.190000000000000000e+02 6.300000000000000000e+02
5.530000000000000000e+02 6.090000000000000000e+02
5.920000000000000000e+02 6.100000000000000000e+02
6.210000000000000000e+02 6.320000000000000000e+02
5.920000000000000000e+02 6.430000000000000000e+02
5.540000000000000000e+02 6.400000000000000000e+02
3.380000000000000000e+02 9.210000000000000000e+02
3.780000000000000000e+02 8.950000000000000000e+02
4.190000000000000000e+02 8.810000000000000000e+02
4.470000000000000000e+02 8.900000000000000000e+02
4.740000000000000000e+02 8.810000000000000000e+02
5.130000000000000000e+02 8.950000000000000000e+02
5.490000000000000000e+02 9.200000000000000000e+02
5.130000000000000000e+02 9.440000000000000000e+02
4.760000000000000000e+02 9.540000000000000000e+02
4.470000000000000000e+02 9.550000000000000000e+02
4.170000000000000000e+02 9.530000000000000000e+02
3.780000000000000000e+02 9.440000000000000000e+02
3.570000000000000000e+02 9.200000000000000000e+02
4.180000000000000000e+02 9.130000000000000000e+02
4.470000000000000000e+02 9.140000000000000000e+02
4.740000000000000000e+02 9.120000000000000000e+02
5.300000000000000000e+02 9.190000000000000000e+02
4.750000000000000000e+02 9.150000000000000000e+02
4.470000000000000000e+02 9.170000000000000000e+02
4.190000000000000000e+02 9.140000000000000000e+02
