1.210000000000000000e+02 6.320000000000000000e+02
1.300000000000000000e+02 7.140000000000000000e+02
1.450000000000000000e+02 7.930000000000000000e+02
1.610000000000000000e+02 8.720000000000000000e+02
1.860000000000000000e+02 9.470000000000000000e+02
2.310000000000000000e+02 1.010000000000000000e+03
2.940000000000000000e+02 1.062000000000000000e+03
3.680000000000000000e+02 1.103000000000000000e+03
4.440000000000000000e+02 1.116000000000000000e+03
5.180000000000000000e+02 1.101000000000000000e+03
5.880000000000000000e+02 1.060000000000000000e+03
6.510000000000000000e+02 1.008000000000000000e+03
6.960000000000000000e+02 9.460000000000000000e+02
7.180000000000000000e+02 8.710000000000000000e+02
7.320000000000000000e+02 7.930000000000000000e+02
7.490000000000000000e+02 7.150000000000000000e+02
7.590000000000000000e+02 6.330000000000000000e+02
1.830000000000000000e+02 5.770000000000000000e+02
2.210000000000000000e+02 5.420000000000000000e+02
2.760000000000000000e+02 5.270000000000000000e+02
3.320000000000000000e+02 5.320000000000000000e+02
3.860000000000000000e+02 5.520000000000000000e+02
4.960000000000000000e+02 5.570000000000000000e+02
5.490000000000000000e+02 5.380000000000000000e+02
6.060000000000000000e+02 5.330000000000000000e+02
6.610000000000000000e+02 5.470000000000000000e+02
7.010000000000000000e+02 5.830000000000000000e+02
4.410000000000000000e+02 6.210000000000000000e+02
4.400000000000000000e+02 6.730000000000000000e+02
4.390000000000000000e+02 7.250000000000000000e+02
4.390000000000000000e+02 7.780000000000000000e+02
3.880000000000000000e+02 8.160000000000000000e+02
4.130000000000000000e+02 8.240000000000000000e+02
4.400000000000000000e+02 8.320000000000000000e+02
4.660000000000000000e+02 8.240000000000000000e+02
4.920000000000000000e+02 8.140000000000000000e+02
2.470000000000000000e+02 6.340000000000000000e+02
2.800000000000000000e+02 6.120000000000000000e+02
3.210000000000000000e+02 6.120000000000000000e+02
3.600000000000000000e+02 6.390000000000000000e+02
3.200000000000000000e+02 6.490000000000000000e+02
2.790000000000000000e+02 6.490000000000000000e+02
5.230000000000000000e+02 6.390000000000000000e+02
5.600000000000000000e+02 6.150000000000000000e+02
6.000000000000000000e+02 6.160000000000000000e+02
6.340000000000000000e+02 6.380000000000000000e+02
6.010000000000000000e+02 6.510000000000000000e+02
5.610000000000000000e+02 6.500000000000000000e+02
3.270000000000000000e+02 9.190000000000000000e+02
3.710000000000000000e+02 8.970000000000000000e+02
4.100000000000000000e+02 8.840000000000000000e+02
4.410000000000000000e+02 8.920000000000000000e+02
4.730000000000000000e+02 8.840000000000000000e+02
5.120000000000000000e+02 8.960000000000000000e+02
5.530000000000000000e+02 9.160000000000000000e+02
5.140000000000000000e+02 9.470000000000000000e+02
4.750000000000000000e+02 9.620000000000000000e+02
4.420000000000000000e+02 9.660000000000000000e+02
4.080000000000000000e+02 9.640000000000000000e+02
3.690000000000000000e+02 9.510000000000000000e+02
3.480000000000000000e+02 9.200000000000000000e+02
4.090000000000000000e+02 9.170000000000000000e+02
4.410000000000000000e+02 9.190000000000000000e+02
4.730000000000000000e+02 9.170000000000000000e+02
5.330000000000000000e+02 9.170000000000000000e+02
4.740000000000000000e+02 9.190000000000000000e+02
4.420000000000000000e+02 9.220000000000000000e+02
4.100000000000000000e+02 9.190000000000000000e+02
