1.520000000000000000e+02 6.290000000000000000e+02
1.580000000000000000e+02 7.110000000000000000e+02
1.710000000000000000e+02 7.920000000000000000e+02
1.870000000000000000e+02 8.730000000000000000e+02
2.120000000000000000e+02 9.530000000000000000e+02
2.480000000000000000e+02 1.026000000000000000e+03
2.980000000000000000e+02 1.084000000000000000e+03
3.610000000000000000e+02 1.128000000000000000e+03
4.390000000000000000e+02 1.143000000000000000e+03
5.200000000000000000e+02 1.135000000000000000e+03
5.890000000000000000e+02 1.091000000000000000e+03
6.420000000000000000e+02 1.028000000000000000e+03
6.800000000000000000e+02 9.510000000000000000e+02
7.010000000000000000e+02 8.680000000000000000e+02
7.150000000000000000e+02 7.810000000000000000e+02
7.240000000000000000e+02 6.980000000000000000e+02
7.250000000000000000e+02 6.170000000000000000e+02
1.910000000000000000e+02 6.020000000000000000e+02
2.190000000000000000e+02 5.520000000000000000e+02
2.760000000000000000e+02 5.350000000000000000e+02
3.360000000000000000e+02 5.430000000000000000e+02
3.950000000000000000e+02 5.610000000000000000e+02
4.800000000000000000e+02 5.580000000000000000e+02
5.380000000000000000e+02 5.360000000000000000e+02
5.980000000000000000e+02 5.280000000000000000e+02
6.540000000000000000e+02 5.470000000000000000e+02
6.830000000000000000e+02 5.980000000000000000e+02
4.400000000000000000e+02 6.090000000000000000e+02
4.420000000000000000e+02 6.630000000000000000e+02
4.430000000000000000e+02 7.170000000000000000e+02
4.440000000000000000e+02 7.730000000000000000e+02
3.930000000000000000e+02 8.140000000000000000e+02
4.170000000000000000e+02 8.230000000000000000e+02
4.440000000000000000e+02 8.290000000000000000e+02
4.710000000000000000e+02 8.220000000000000000e+02
4.960000000000000000e+02 8.130000000000000000e+02
2.710000000000000000e+02 6.230000000000000000e+02
2.980000000000000000e+02 6.020000000000000000e+02
3.360000000000000000e+02 6.000000000000000000e+02
3.700000000000000000e+02 6.250000000000000000e+02
3.350000000000000000e+02 6.360000000000000000e+02
2.960000000000000000e+02 6.380000000000000000e+02
5.150000000000000000e+02 6.210000000000000000e+02
5.470000000000000000e+02 5.980000000000000000e+02
5.860000000000000000e+02 5.980000000000000000e+02
6.130000000000000000e+02 6.180000000000000000e+02
5.870000000000000000e+02 6.350000000000000000e+02
5.490000000000000000e+02 6.340000000000000000e+02
3.500000000000000000e+02 9.300000000000000000e+02
3.850000000000000000e+02 9.220000000000000000e+02
4.170000000000000000e+02 9.190000000000000000e+02
4.450000000000000000e+02 9.260000000000000000e+02
4.710000000000000000e+02 9.190000000000000000e+02
5.030000000000000000e+02 9.220000000000000000e+02
5.400000000000000000e+02 9.310000000000000000e+02
5.040000000000000000e+02 9.550000000000000000e+02
4.730000000000000000e+02 9.590000000000000000e+02
4.450000000000000000e+02 9.600000000000000000e+02
4.160000000000000000e+02 9.590000000000000000e+02
3.830000000000000000e+02 9.530000000000000000e+02
3.630000000000000000e+02 9.290000000000000000e+02
4.170000000000000000e+02 9.290000000000000000e+02
4.440000000000000000e+02 9.340000000000000000e+02
4.720000000000000000e+02 9.290000000000000000e+02
5.250000000000000000e+02 9.300000000000000000e+02
4.730000000000000000e+02 9.270000000000000000e+02
4.450000000000000000e+02 9.300000000000000000e+02
4.170000000000000000e+02 9.260000000000000000e+02
