1.290000000000000000e+02 6.700000000000000000e+02
1.390000000000000000e+02 7.470000000000000000e+02
1.550000000000000000e+02 8.190000000000000000e+02
1.730000000000000000e+02 8.930000000000000000e+02
1.980000000000000000e+02 9.630000000000000000e+02
2.380000000000000000e+02 1.023000000000000000e+03
2.960000000000000000e+02 1.069000000000000000e+03
3.650000000000000000e+02 1.104000000000000000e+03
4.360000000000000000e+02 1.115000000000000000e+03
5.060000000000000000e+02 1.104000000000000000e+03
5.730000000000000000e+02 1.070000000000000000e+03
6.320000000000000000e+02 1.023000000000000000e+03
6.690000000000000000e+02 9.610000000000000000e+02
6.890000000000000000e+02 8.900000000000000000e+02
7.040000000000000000e+02 8.170000000000000000e+02
7.170000000000000000e+02 7.460000000000000000e+02
7.220000000000000000e+02 6.720000000000000000e+02
1.780000000000000000e+02 5.740000000000000000e+02
2.100000000000000000e+02 5.310000000000000000e+02
2.650000000000000000e+02 5.090000000000000000e+02
3.230000000000000000e+02 5.090000000000000000e+02
3.780000000000000000e+02 5.310000000000000000e+02
5.070000000000000000e+02 5.240000000000000000e+02
5.560000000000000000e+02 4.980000000000000000e+02
6.110000000000000000e+02 4.920000000000000000e+02
6.650000000000000000e+02 5.150000000000000000e+02
6.960000000000000000e+02 5.610000000000000000e+02
4.450000000000000000e+02 6.110000000000000000e+02
4.470000000000000000e+02 6.620000000000000000e+02
4.490000000000000000e+02 7.120000000000000000e+02
4.520000000000000000e+02 7.630000000000000000e+02
4.050000000000000000e+02 8.080000000000000000e+02
4.260000000000000000e+02 8.170000000000000000e+02
4.490000000000000000e+02 8.240000000000000000e+02
4.710000000000000000e+02 8.180000000000000000e+02
4.900000000000000000e+02 8.090000000000000000e+02
2.450000000000000000e+02 6.400000000000000000e+02
2.800000000000000000e+02 6.100000000000000000e+02
3.260000000000000000e+02 6.090000000000000000e+02
3.660000000000000000e+02 6.390000000000000000e+02
3.240000000000000000e+02 6.530000000000000000e+02
2.790000000000000000e+02 6.570000000000000000e+02
5.170000000000000000e+02 6.380000000000000000e+02
5.580000000000000000e+02 6.050000000000000000e+02
6.040000000000000000e+02 6.060000000000000000e+02
6.380000000000000000e+02 6.380000000000000000e+02
6.060000000000000000e+02 6.550000000000000000e+02
5.600000000000000000e+02 6.520000000000000000e+02
3.340000000000000000e+02 9.250000000000000000e+02
3.830000000000000000e+02 9.020000000000000000e+02
4.230000000000000000e+02 8.880000000000000000e+02
4.480000000000000000e+02 8.950000000000000000e+02
4.710000000000000000e+02 8.900000000000000000e+02
5.020000000000000000e+02 9.030000000000000000e+02
5.420000000000000000e+02 9.260000000000000000e+02
5.000000000000000000e+02 9.430000000000000000e+02
4.660000000000000000e+02 9.500000000000000000e+02
4.410000000000000000e+02 9.520000000000000000e+02
4.160000000000000000e+02 9.490000000000000000e+02
3.790000000000000000e+02 9.420000000000000000e+02
3.550000000000000000e+02 9.230000000000000000e+02
4.210000000000000000e+02 9.150000000000000000e+02
4.470000000000000000e+02 9.180000000000000000e+02
4.700000000000000000e+02 9.180000000000000000e+02
5.200000000000000000e+02 9.260000000000000000e+02
4.670000000000000000e+02 9.160000000000000000e+02
4.440000000000000000e+02 9.180000000000000000e+02
4.190000000000000000e+02 9.160000000000000000e+02
