1.260000000000000000e+02 6.260000000000000000e+02
1.320000000000000000e+02 7.090000000000000000e+02
1.470000000000000000e+02 7.900000000000000000e+02
1.620000000000000000e+02 8.730000000000000000e+02
1.850000000000000000e+02 9.550000000000000000e+02
2.330000000000000000e+02 1.021000000000000000e+03
2.950000000000000000e+02 1.075000000000000000e+03
3.620000000000000000e+02 1.119000000000000000e+03
4.410000000000000000e+02 1.129000000000000000e+03
5.220000000000000000e+02 1.121000000000000000e+03
5.970000000000000000e+02 1.080000000000000000e+03
6.650000000000000000e+02 1.033000000000000000e+03
7.150000000000000000e+02 9.680000000000000000e+02
7.380000000000000000e+02 8.880000000000000000e+02
7.500000000000000000e+02 8.010000000000000000e+02
7.630000000000000000e+02 7.180000000000000000e+02
7.680000000000000000e+02 6.340000000000000000e+02
1.800000000000000000e+02 5.880000000000000000e+02
2.160000000000000000e+02 5.500000000000000000e+02
2.730000000000000000e+02 5.390000000000000000e+02
3.320000000000000000e+02 5.510000000000000000e+02
3.890000000000000000e+02 5.730000000000000000e+02
4.820000000000000000e+02 5.720000000000000000e+02
5.390000000000000000e+02 5.490000000000000000e+02
5.970000000000000000e+02 5.380000000000000000e+02
6.540000000000000000e+02 5.480000000000000000e+02
6.940000000000000000e+02 5.850000000000000000e+02
4.360000000000000000e+02 6.230000000000000000e+02
4.360000000000000000e+02 6.730000000000000000e+02
4.360000000000000000e+02 7.220000000000000000e+02
4.350000000000000000e+02 7.740000000000000000e+02
3.730000000000000000e+02 8.090000000000000000e+02
4.030000000000000000e+02 8.200000000000000000e+02
4.360000000000000000e+02 8.290000000000000000e+02
4.690000000000000000e+02 8.210000000000000000e+02
5.010000000000000000e+02 8.110000000000000000e+02
2.540000000000000000e+02 6.290000000000000000e+02
2.860000000000000000e+02 6.120000000000000000e+02
3.250000000000000000e+02 6.110000000000000000e+02
3.600000000000000000e+02 6.350000000000000000e+02
3.230000000000000000e+02 6.450000000000000000e+02
2.840000000000000000e+02 6.440000000000000000e+02
5.190000000000000000e+02 6.390000000000000000e+02
5.520000000000000000e+02 6.160000000000000000e+02
5.920000000000000000e+02 6.160000000000000000e+02
6.230000000000000000e+02 6.340000000000000000e+02
5.940000000000000000e+02 6.500000000000000000e+02
5.550000000000000000e+02 6.500000000000000000e+02
3.290000000000000000e+02 9.180000000000000000e+02
3.710000000000000000e+02 9.000000000000000000e+02
4.070000000000000000e+02 8.890000000000000000e+02
4.380000000000000000e+02 8.980000000000000000e+02
4.700000000000000000e+02 8.900000000000000000e+02
5.080000000000000000e+02 9.010000000000000000e+02
5.520000000000000000e+02 9.200000000000000000e+02
5.080000000000000000e+02 9.310000000000000000e+02
4.700000000000000000e+02 9.350000000000000000e+02
4.390000000000000000e+02 9.370000000000000000e+02
4.070000000000000000e+02 9.350000000000000000e+02
3.700000000000000000e+02 9.310000000000000000e+02
3.470000000000000000e+02 9.170000000000000000e+02
4.080000000000000000e+02 9.100000000000000000e+02
4.390000000000000000e+02 9.120000000000000000e+02
4.700000000000000000e+02 9.100000000000000000e+02
5.350000000000000000e+02 9.190000000000000000e+02
4.700000000000000000e+02 9.070000000000000000e+02
4.390000000000000000e+02 9.100000000000000000e+02
4.080000000000000000e+02 9.070000000000000000e+02
