1.330000000000000000e+02 6.380000000000000000e+02
1.370000000000000000e+02 7.170000000000000000e+02
1.510000000000000000e+02 7.960000000000000000e+02
1.680000000000000000e+02 8.730000000000000000e+02
1.900000000000000000e+02 9.500000000000000000e+02
2.340000000000000000e+02 1.018000000000000000e+03
2.910000000000000000e+02 1.076000000000000000e+03
3.630000000000000000e+02 1.116000000000000000e+03
4.440000000000000000e+02 1.122000000000000000e+03
5.240000000000000000e+02 1.111000000000000000e+03
5.890000000000000000e+02 1.065000000000000000e+03
6.390000000000000000e+02 1.002000000000000000e+03
6.770000000000000000e+02 9.360000000000000000e+02
6.990000000000000000e+02 8.630000000000000000e+02
7.150000000000000000e+02 7.880000000000000000e+02
7.270000000000000000e+02 7.120000000000000000e+02
7.320000000000000000e+02 6.370000000000000000e+02
1.830000000000000000e+02 6.070000000000000000e+02
2.180000000000000000e+02 5.630000000000000000e+02
2.740000000000000000e+02 5.410000000000000000e+02
3.350000000000000000e+02 5.390000000000000000e+02
3.940000000000000000e+02 5.560000000000000000e+02
4.960000000000000000e+02 5.550000000000000000e+02
5.560000000000000000e+02 5.380000000000000000e+02
6.160000000000000000e+02 5.390000000000000000e+02
6.700000000000000000e+02 5.630000000000000000e+02
6.970000000000000000e+02 6.110000000000000000e+02
4.460000000000000000e+02 6.140000000000000000e+02
4.460000000000000000e+02 6.680000000000000000e+02
4.470000000000000000e+02 7.230000000000000000e+02
4.490000000000000000e+02 7.800000000000000000e+02
3.880000000000000000e+02 8.160000000000000000e+02
4.160000000000000000e+02 8.250000000000000000e+02
4.470000000000000000e+02 8.350000000000000000e+02
4.760000000000000000e+02 8.240000000000000000e+02
5.010000000000000000e+02 8.130000000000000000e+02
2.500000000000000000e+02 6.310000000000000000e+02
2.810000000000000000e+02 6.030000000000000000e+02
3.250000000000000000e+02 6.020000000000000000e+02
3.620000000000000000e+02 6.340000000000000000e+02
3.240000000000000000e+02 6.450000000000000000e+02
2.800000000000000000e+02 6.470000000000000000e+02
5.200000000000000000e+02 6.320000000000000000e+02
5.580000000000000000e+02 5.990000000000000000e+02
6.010000000000000000e+02 5.990000000000000000e+02
6.310000000000000000e+02 6.270000000000000000e+02
6.020000000000000000e+02 6.430000000000000000e+02
5.600000000000000000e+02 6.410000000000000000e+02
3.270000000000000000e+02 9.320000000000000000e+02
3.710000000000000000e+02 9.190000000000000000e+02
4.150000000000000000e+02 9.100000000000000000e+02
4.460000000000000000e+02 9.180000000000000000e+02
4.760000000000000000e+02 9.080000000000000000e+02
5.160000000000000000e+02 9.140000000000000000e+02
5.590000000000000000e+02 9.210000000000000000e+02
5.190000000000000000e+02 9.500000000000000000e+02
4.820000000000000000e+02 9.600000000000000000e+02
4.490000000000000000e+02 9.640000000000000000e+02
4.160000000000000000e+02 9.650000000000000000e+02
3.720000000000000000e+02 9.580000000000000000e+02
3.460000000000000000e+02 9.330000000000000000e+02
4.140000000000000000e+02 9.280000000000000000e+02
4.460000000000000000e+02 9.300000000000000000e+02
4.780000000000000000e+02 9.250000000000000000e+02
5.410000000000000000e+02 9.250000000000000000e+02
4.790000000000000000e+02 9.240000000000000000e+02
4.480000000000000000e+02 9.300000000000000000e+02
4.160000000000000000e+02 9.280000000000000000e+02
