1.210000000000000000e+02 6.290000000000000000e+02
1.310000000000000000e+02 7.110000000000000000e+02
1.490000000000000000e+02 7.900000000000000000e+02
1.650000000000000000e+02 8.680000000000000000e+02
1.920000000000000000e+02 9.410000000000000000e+02
2.350000000000000000e+02 1.004000000000000000e+03
2.950000000000000000e+02 1.057000000000000000e+03
3.630000000000000000e+02 1.102000000000000000e+03
4.420000000000000000e+02 1.116000000000000000e+03
5.220000000000000000e+02 1.102000000000000000e+03
5.920000000000000000e+02 1.056000000000000000e+03
6.520000000000000000e+02 1.002000000000000000e+03
6.960000000000000000e+02 9.370000000000000000e+02
7.230000000000000000e+02 8.640000000000000000e+02
7.360000000000000000e+02 7.870000000000000000e+02
7.490000000000000000e+02 7.110000000000000000e+02
7.560000000000000000e+02 6.300000000000000000e+02
1.680000000000000000e+02 5.860000000000000000e+02
2.090000000000000000e+02 5.480000000000000000e+02
2.680000000000000000e+02 5.350000000000000000e+02
3.260000000000000000e+02 5.460000000000000000e+02
3.820000000000000000e+02 5.720000000000000000e+02
4.990000000000000000e+02 5.630000000000000000e+02
5.550000000000000000e+02 5.350000000000000000e+02
6.120000000000000000e+02 5.240000000000000000e+02
6.690000000000000000e+02 5.410000000000000000e+02
7.070000000000000000e+02 5.820000000000000000e+02
4.400000000000000000e+02 6.280000000000000000e+02
4.410000000000000000e+02 6.780000000000000000e+02
4.430000000000000000e+02 7.270000000000000000e+02
4.450000000000000000e+02 7.780000000000000000e+02
3.860000000000000000e+02 8.170000000000000000e+02
4.140000000000000000e+02 8.280000000000000000e+02
4.420000000000000000e+02 8.360000000000000000e+02
4.710000000000000000e+02 8.280000000000000000e+02
4.980000000000000000e+02 8.180000000000000000e+02
2.330000000000000000e+02 6.390000000000000000e+02
2.700000000000000000e+02 6.150000000000000000e+02
3.170000000000000000e+02 6.160000000000000000e+02
3.580000000000000000e+02 6.480000000000000000e+02
3.160000000000000000e+02 6.580000000000000000e+02
2.680000000000000000e+02 6.590000000000000000e+02
5.170000000000000000e+02 6.470000000000000000e+02
5.570000000000000000e+02 6.140000000000000000e+02
6.040000000000000000e+02 6.110000000000000000e+02
6.390000000000000000e+02 6.370000000000000000e+02
6.080000000000000000e+02 6.570000000000000000e+02
5.610000000000000000e+02 6.570000000000000000e+02
3.150000000000000000e+02 9.090000000000000000e+02
3.620000000000000000e+02 8.900000000000000000e+02
4.100000000000000000e+02 8.790000000000000000e+02
4.420000000000000000e+02 8.860000000000000000e+02
4.770000000000000000e+02 8.780000000000000000e+02
5.230000000000000000e+02 8.870000000000000000e+02
5.700000000000000000e+02 9.030000000000000000e+02
5.240000000000000000e+02 9.450000000000000000e+02
4.800000000000000000e+02 9.620000000000000000e+02
4.420000000000000000e+02 9.650000000000000000e+02
4.070000000000000000e+02 9.630000000000000000e+02
3.600000000000000000e+02 9.480000000000000000e+02
3.370000000000000000e+02 9.140000000000000000e+02
4.080000000000000000e+02 9.120000000000000000e+02
4.420000000000000000e+02 9.140000000000000000e+02
4.770000000000000000e+02 9.100000000000000000e+02
5.470000000000000000e+02 9.090000000000000000e+02
4.770000000000000000e+02 9.120000000000000000e+02
4.420000000000000000e+02 9.170000000000000000e+02
4.080000000000000000e+02 9.140000000000000000e+02
