1.180000000000000000e+02 6.470000000000000000e+02
1.280000000000000000e+02 7.270000000000000000e+02
1.420000000000000000e+02 8.030000000000000000e+02
1.540000000000000000e+02 8.820000000000000000e+02
1.780000000000000000e+02 9.570000000000000000e+02
2.230000000000000000e+02 1.017000000000000000e+03
2.860000000000000000e+02 1.066000000000000000e+03
3.570000000000000000e+02 1.106000000000000000e+03
4.330000000000000000e+02 1.120000000000000000e+03
5.130000000000000000e+02 1.110000000000000000e+03
5.880000000000000000e+02 1.071000000000000000e+03
6.530000000000000000e+02 1.024000000000000000e+03
7.010000000000000000e+02 9.630000000000000000e+02
7.310000000000000000e+02 8.890000000000000000e+02
7.460000000000000000e+02 8.100000000000000000e+02
7.600000000000000000e+02 7.330000000000000000e+02
7.710000000000000000e+02 6.500000000000000000e+02
1.700000000000000000e+02 5.800000000000000000e+02
2.140000000000000000e+02 5.410000000000000000e+02
2.740000000000000000e+02 5.280000000000000000e+02
3.360000000000000000e+02 5.390000000000000000e+02
3.930000000000000000e+02 5.640000000000000000e+02
4.870000000000000000e+02 5.660000000000000000e+02
5.470000000000000000e+02 5.420000000000000000e+02
6.080000000000000000e+02 5.300000000000000000e+02
6.680000000000000000e+02 5.420000000000000000e+02
7.120000000000000000e+02 5.820000000000000000e+02
4.380000000000000000e+02 6.220000000000000000e+02
4.380000000000000000e+02 6.680000000000000000e+02
4.380000000000000000e+02 7.130000000000000000e+02
4.380000000000000000e+02 7.600000000000000000e+02
3.830000000000000000e+02 8.040000000000000000e+02
4.100000000000000000e+02 8.130000000000000000e+02
4.380000000000000000e+02 8.200000000000000000e+02
4.670000000000000000e+02 8.140000000000000000e+02
4.940000000000000000e+02 8.060000000000000000e+02
2.410000000000000000e+02 6.350000000000000000e+02
2.760000000000000000e+02 6.140000000000000000e+02
3.170000000000000000e+02 6.140000000000000000e+02
3.510000000000000000e+02 6.440000000000000000e+02
3.140000000000000000e+02 6.510000000000000000e+02
2.740000000000000000e+02 6.500000000000000000e+02
5.290000000000000000e+02 6.430000000000000000e+02
5.650000000000000000e+02 6.150000000000000000e+02
6.060000000000000000e+02 6.150000000000000000e+02
6.410000000000000000e+02 6.360000000000000000e+02
6.070000000000000000e+02 6.520000000000000000e+02
5.670000000000000000e+02 6.510000000000000000e+02
3.250000000000000000e+02 9.180000000000000000e+02
3.650000000000000000e+02 8.840000000000000000e+02
4.050000000000000000e+02 8.700000000000000000e+02
4.350000000000000000e+02 8.770000000000000000e+02
4.660000000000000000e+02 8.720000000000000000e+02
5.060000000000000000e+02 8.890000000000000000e+02
5.500000000000000000e+02 9.210000000000000000e+02
5.040000000000000000e+02 9.360000000000000000e+02
4.640000000000000000e+02 9.430000000000000000e+02
4.310000000000000000e+02 9.440000000000000000e+02
3.990000000000000000e+02 9.420000000000000000e+02
3.620000000000000000e+02 9.340000000000000000e+02
3.440000000000000000e+02 9.150000000000000000e+02
4.040000000000000000e+02 9.040000000000000000e+02
4.350000000000000000e+02 9.060000000000000000e+02
4.660000000000000000e+02 9.060000000000000000e+02
5.300000000000000000e+02 9.180000000000000000e+02
4.630000000000000000e+02 9.060000000000000000e+02
4.320000000000000000e+02 9.080000000000000000e+02
4.020000000000000000e+02 9.050000000000000000e+02
