1.300000000000000000e+02 6.520000000000000000e+02
1.420000000000000000e+02 7.340000000000000000e+02
1.580000000000000000e+02 8.130000000000000000e+02
1.710000000000000000e+02 8.910000000000000000e+02
1.950000000000000000e+02 9.650000000000000000e+02
2.370000000000000000e+02 1.025000000000000000e+03
2.980000000000000000e+02 1.074000000000000000e+03
3.700000000000000000e+02 1.108000000000000000e+03
4.440000000000000000e+02 1.123000000000000000e+03
5.180000000000000000e+02 1.110000000000000000e+03
5.900000000000000000e+02 1.074000000000000000e+03
6.530000000000000000e+02 1.026000000000000000e+03
6.950000000000000000e+02 9.640000000000000000e+02
7.190000000000000000e+02 8.900000000000000000e+02
7.310000000000000000e+02 8.110000000000000000e+02
7.450000000000000000e+02 7.330000000000000000e+02
7.570000000000000000e+02 6.510000000000000000e+02
1.860000000000000000e+02 5.710000000000000000e+02
2.240000000000000000e+02 5.360000000000000000e+02
2.800000000000000000e+02 5.250000000000000000e+02
3.370000000000000000e+02 5.340000000000000000e+02
3.900000000000000000e+02 5.590000000000000000e+02
4.890000000000000000e+02 5.610000000000000000e+02
5.430000000000000000e+02 5.380000000000000000e+02
6.010000000000000000e+02 5.310000000000000000e+02
6.580000000000000000e+02 5.440000000000000000e+02
6.980000000000000000e+02 5.800000000000000000e+02
4.380000000000000000e+02 6.150000000000000000e+02
4.390000000000000000e+02 6.670000000000000000e+02
4.390000000000000000e+02 7.200000000000000000e+02
4.390000000000000000e+02 7.730000000000000000e+02
3.840000000000000000e+02 8.050000000000000000e+02
4.100000000000000000e+02 8.190000000000000000e+02
4.380000000000000000e+02 8.300000000000000000e+02
4.670000000000000000e+02 8.180000000000000000e+02
4.940000000000000000e+02 8.050000000000000000e+02
2.450000000000000000e+02 6.290000000000000000e+02
2.770000000000000000e+02 6.030000000000000000e+02
3.180000000000000000e+02 6.030000000000000000e+02
3.560000000000000000e+02 6.320000000000000000e+02
3.170000000000000000e+02 6.410000000000000000e+02
2.760000000000000000e+02 6.430000000000000000e+02
5.230000000000000000e+02 6.320000000000000000e+02
5.590000000000000000e+02 6.020000000000000000e+02
6.000000000000000000e+02 6.030000000000000000e+02
6.320000000000000000e+02 6.290000000000000000e+02
6.010000000000000000e+02 6.430000000000000000e+02
5.600000000000000000e+02 6.400000000000000000e+02
3.280000000000000000e+02 9.190000000000000000e+02
3.750000000000000000e+02 8.980000000000000000e+02
4.130000000000000000e+02 8.860000000000000000e+02
4.410000000000000000e+02 8.930000000000000000e+02
4.690000000000000000e+02 8.860000000000000000e+02
5.070000000000000000e+02 8.970000000000000000e+02
5.500000000000000000e+02 9.180000000000000000e+02
5.070000000000000000e+02 9.370000000000000000e+02
4.710000000000000000e+02 9.430000000000000000e+02
4.420000000000000000e+02 9.450000000000000000e+02
4.120000000000000000e+02 9.430000000000000000e+02
3.740000000000000000e+02 9.370000000000000000e+02
3.480000000000000000e+02 9.190000000000000000e+02
4.120000000000000000e+02 9.100000000000000000e+02
4.410000000000000000e+02 9.120000000000000000e+02
4.690000000000000000e+02 9.100000000000000000e+02
5.310000000000000000e+02 9.180000000000000000e+02
4.700000000000000000e+02 9.090000000000000000e+02
4.420000000000000000e+02 9.120000000000000000e+02
4.130000000000000000e+02 9.100000000000000000e+02
