1.210000000000000000e+02 6.500000000000000000e+02
1.330000000000000000e+02 7.340000000000000000e+02
1.490000000000000000e+02 8.130000000000000000e+02
1.660000000000000000e+02 8.910000000000000000e+02
1.950000000000000000e+02 9.640000000000000000e+02
2.400000000000000000e+02 1.026000000000000000e+03
2.990000000000000000e+02 1.073000000000000000e+03
3.640000000000000000e+02 1.105000000000000000e+03
4.360000000000000000e+02 1.120000000000000000e+03
5.110000000000000000e+02 1.109000000000000000e+03
5.790000000000000000e+02 1.077000000000000000e+03
6.400000000000000000e+02 1.033000000000000000e+03
6.800000000000000000e+02 9.710000000000000000e+02
7.060000000000000000e+02 8.990000000000000000e+02
7.220000000000000000e+02 8.240000000000000000e+02
7.380000000000000000e+02 7.480000000000000000e+02
7.490000000000000000e+02 6.670000000000000000e+02
1.780000000000000000e+02 5.740000000000000000e+02
2.170000000000000000e+02 5.350000000000000000e+02
2.740000000000000000e+02 5.280000000000000000e+02
3.290000000000000000e+02 5.430000000000000000e+02
3.810000000000000000e+02 5.660000000000000000e+02
5.070000000000000000e+02 5.650000000000000000e+02
5.580000000000000000e+02 5.420000000000000000e+02
6.120000000000000000e+02 5.270000000000000000e+02
6.680000000000000000e+02 5.370000000000000000e+02
7.060000000000000000e+02 5.760000000000000000e+02
4.410000000000000000e+02 6.100000000000000000e+02
4.400000000000000000e+02 6.620000000000000000e+02
4.380000000000000000e+02 7.140000000000000000e+02
4.360000000000000000e+02 7.670000000000000000e+02
3.750000000000000000e+02 8.040000000000000000e+02
4.040000000000000000e+02 8.150000000000000000e+02
4.360000000000000000e+02 8.230000000000000000e+02
4.690000000000000000e+02 8.150000000000000000e+02
5.000000000000000000e+02 8.060000000000000000e+02
2.420000000000000000e+02 6.290000000000000000e+02
2.770000000000000000e+02 6.100000000000000000e+02
3.170000000000000000e+02 6.060000000000000000e+02
3.570000000000000000e+02 6.270000000000000000e+02
3.190000000000000000e+02 6.350000000000000000e+02
2.770000000000000000e+02 6.390000000000000000e+02
5.270000000000000000e+02 6.290000000000000000e+02
5.660000000000000000e+02 6.070000000000000000e+02
6.070000000000000000e+02 6.100000000000000000e+02
6.400000000000000000e+02 6.310000000000000000e+02
6.070000000000000000e+02 6.420000000000000000e+02
5.650000000000000000e+02 6.380000000000000000e+02
3.250000000000000000e+02 9.110000000000000000e+02
3.700000000000000000e+02 8.900000000000000000e+02
4.110000000000000000e+02 8.790000000000000000e+02
4.400000000000000000e+02 8.860000000000000000e+02
4.690000000000000000e+02 8.800000000000000000e+02
5.100000000000000000e+02 8.930000000000000000e+02
5.570000000000000000e+02 9.130000000000000000e+02
5.110000000000000000e+02 9.370000000000000000e+02
4.700000000000000000e+02 9.470000000000000000e+02
4.390000000000000000e+02 9.480000000000000000e+02
4.080000000000000000e+02 9.440000000000000000e+02
3.690000000000000000e+02 9.320000000000000000e+02
3.430000000000000000e+02 9.090000000000000000e+02
4.100000000000000000e+02 9.070000000000000000e+02
4.390000000000000000e+02 9.100000000000000000e+02
4.690000000000000000e+02 9.090000000000000000e+02
5.390000000000000000e+02 9.110000000000000000e+02
4.690000000000000000e+02 9.070000000000000000e+02
4.400000000000000000e+02 9.080000000000000000e+02
4.110000000000000000e+02 9.040000000000000000e+02
