1.310000000000000000e+02 6.210000000000000000e+02
1.310000000000000000e+02 7.030000000000000000e+02
1.380000000000000000e+02 7.840000000000000000e+02
1.490000000000000000e+02 8.670000000000000000e+02
1.780000000000000000e+02 9.460000000000000000e+02
2.300000000000000000e+02 1.011000000000000000e+03
2.990000000000000000e+02 1.061000000000000000e+03
3.730000000000000000e+02 1.104000000000000000e+03
4.500000000000000000e+02 1.113000000000000000e+03
5.270000000000000000e+02 1.100000000000000000e+03
5.950000000000000000e+02 1.059000000000000000e+03
6.590000000000000000e+02 1.010000000000000000e+03
7.070000000000000000e+02 9.490000000000000000e+02
7.310000000000000000e+02 8.750000000000000000e+02
7.420000000000000000e+02 8.000000000000000000e+02
7.470000000000000000e+02 7.220000000000000000e+02
7.450000000000000000e+02 6.440000000000000000e+02
1.820000000000000000e+02 5.850000000000000000e+02
2.220000000000000000e+02 5.470000000000000000e+02
2.820000000000000000e+02 5.390000000000000000e+02
3.410000000000000000e+02 5.510000000000000000e+02
3.990000000000000000e+02 5.680000000000000000e+02
4.810000000000000000e+02 5.730000000000000000e+02
5.410000000000000000e+02 5.580000000000000000e+02
6.020000000000000000e+02 5.470000000000000000e+02
6.650000000000000000e+02 5.610000000000000000e+02
6.980000000000000000e+02 6.080000000000000000e+02
4.420000000000000000e+02 6.170000000000000000e+02
4.430000000000000000e+02 6.720000000000000000e+02
4.430000000000000000e+02 7.270000000000000000e+02
4.440000000000000000e+02 7.840000000000000000e+02
3.830000000000000000e+02 8.180000000000000000e+02
4.120000000000000000e+02 8.280000000000000000e+02
4.420000000000000000e+02 8.380000000000000000e+02
4.710000000000000000e+02 8.280000000000000000e+02
4.980000000000000000e+02 8.170000000000000000e+02
2.520000000000000000e+02 6.190000000000000000e+02
2.830000000000000000e+02 5.990000000000000000e+02
3.230000000000000000e+02 6.010000000000000000e+02
3.570000000000000000e+02 6.290000000000000000e+02
3.200000000000000000e+02 6.350000000000000000e+02
2.800000000000000000e+02 6.330000000000000000e+02
5.180000000000000000e+02 6.330000000000000000e+02
5.520000000000000000e+02 6.070000000000000000e+02
5.910000000000000000e+02 6.070000000000000000e+02
6.250000000000000000e+02 6.280000000000000000e+02
5.920000000000000000e+02 6.400000000000000000e+02
5.540000000000000000e+02 6.390000000000000000e+02
3.190000000000000000e+02 9.090000000000000000e+02
3.610000000000000000e+02 9.000000000000000000e+02
4.020000000000000000e+02 8.960000000000000000e+02
4.370000000000000000e+02 9.050000000000000000e+02
4.690000000000000000e+02 8.960000000000000000e+02
5.120000000000000000e+02 9.000000000000000000e+02
5.580000000000000000e+02 9.080000000000000000e+02
5.160000000000000000e+02 9.360000000000000000e+02
4.760000000000000000e+02 9.500000000000000000e+02
4.420000000000000000e+02 9.530000000000000000e+02
4.060000000000000000e+02 9.490000000000000000e+02
3.630000000000000000e+02 9.350000000000000000e+02
3.370000000000000000e+02 9.110000000000000000e+02
4.030000000000000000e+02 9.150000000000000000e+02
4.370000000000000000e+02 9.200000000000000000e+02
4.700000000000000000e+02 9.150000000000000000e+02
5.410000000000000000e+02 9.110000000000000000e+02
4.730000000000000000e+02 9.220000000000000000e+02
4.400000000000000000e+02 9.250000000000000000e+02
4.060000000000000000e+02 9.210000000000000000e+02
