1.040000000000000000e+02 6.180000000000000000e+02
1.150000000000000000e+02 7.030000000000000000e+02
1.310000000000000000e+02 7.840000000000000000e+02
1.470000000000000000e+02 8.650000000000000000e+02
1.740000000000000000e+02 9.410000000000000000e+02
2.190000000000000000e+02 1.007000000000000000e+03
2.830000000000000000e+02 1.062000000000000000e+03
3.600000000000000000e+02 1.103000000000000000e+03
4.460000000000000000e+02 1.114000000000000000e+03
5.290000000000000000e+02 1.104000000000000000e+03
6.050000000000000000e+02 1.067000000000000000e+03
6.680000000000000000e+02 1.015000000000000000e+03
7.090000000000000000e+02 9.450000000000000000e+02
7.310000000000000000e+02 8.670000000000000000e+02
7.440000000000000000e+02 7.890000000000000000e+02
7.590000000000000000e+02 7.100000000000000000e+02
7.700000000000000000e+02 6.270000000000000000e+02
1.750000000000000000e+02 5.910000000000000000e+02
2.150000000000000000e+02 5.580000000000000000e+02
2.710000000000000000e+02 5.420000000000000000e+02
3.290000000000000000e+02 5.450000000000000000e+02
3.840000000000000000e+02 5.610000000000000000e+02
4.950000000000000000e+02 5.630000000000000000e+02
5.520000000000000000e+02 5.480000000000000000e+02
6.090000000000000000e+02 5.460000000000000000e+02
6.630000000000000000e+02 5.590000000000000000e+02
7.040000000000000000e+02 5.910000000000000000e+02
4.410000000000000000e+02 6.270000000000000000e+02
4.400000000000000000e+02 6.810000000000000000e+02
4.400000000000000000e+02 7.340000000000000000e+02
4.400000000000000000e+02 7.880000000000000000e+02
3.870000000000000000e+02 8.220000000000000000e+02
4.130000000000000000e+02 8.330000000000000000e+02
4.400000000000000000e+02 8.410000000000000000e+02
4.680000000000000000e+02 8.320000000000000000e+02
4.940000000000000000e+02 8.230000000000000000e+02
2.490000000000000000e+02 6.350000000000000000e+02
2.860000000000000000e+02 6.120000000000000000e+02
3.280000000000000000e+02 6.110000000000000000e+02
3.650000000000000000e+02 6.390000000000000000e+02
3.270000000000000000e+02 6.470000000000000000e+02
2.850000000000000000e+02 6.480000000000000000e+02
5.150000000000000000e+02 6.380000000000000000e+02
5.520000000000000000e+02 6.100000000000000000e+02
5.940000000000000000e+02 6.100000000000000000e+02
6.280000000000000000e+02 6.330000000000000000e+02
5.950000000000000000e+02 6.460000000000000000e+02
5.540000000000000000e+02 6.450000000000000000e+02
3.250000000000000000e+02 9.070000000000000000e+02
3.690000000000000000e+02 8.920000000000000000e+02
4.100000000000000000e+02 8.850000000000000000e+02
4.410000000000000000e+02 8.920000000000000000e+02
4.720000000000000000e+02 8.850000000000000000e+02
5.160000000000000000e+02 8.930000000000000000e+02
5.640000000000000000e+02 9.060000000000000000e+02
5.180000000000000000e+02 9.380000000000000000e+02
4.740000000000000000e+02 9.520000000000000000e+02
4.420000000000000000e+02 9.550000000000000000e+02
4.090000000000000000e+02 9.510000000000000000e+02
3.680000000000000000e+02 9.380000000000000000e+02
3.450000000000000000e+02 9.100000000000000000e+02
4.100000000000000000e+02 9.130000000000000000e+02
4.410000000000000000e+02 9.160000000000000000e+02
4.730000000000000000e+02 9.130000000000000000e+02
5.430000000000000000e+02 9.090000000000000000e+02
4.730000000000000000e+02 9.130000000000000000e+02
4.410000000000000000e+02 9.180000000000000000e+02
4.100000000000000000e+02 9.130000000000000000e+02
