1.270000000000000000e+02 6.360000000000000000e+02
1.350000000000000000e+02 7.230000000000000000e+02
1.510000000000000000e+02 8.060000000000000000e+02
1.660000000000000000e+02 8.880000000000000000e+02
1.920000000000000000e+02 9.650000000000000000e+02
2.390000000000000000e+02 1.031000000000000000e+03
3.010000000000000000e+02 1.082000000000000000e+03
3.710000000000000000e+02 1.119000000000000000e+03
4.480000000000000000e+02 1.128000000000000000e+03
5.210000000000000000e+02 1.121000000000000000e+03
5.810000000000000000e+02 1.080000000000000000e+03
6.320000000000000000e+02 1.024000000000000000e+03
6.720000000000000000e+02 9.600000000000000000e+02
6.950000000000000000e+02 8.840000000000000000e+02
7.080000000000000000e+02 8.050000000000000000e+02
7.230000000000000000e+02 7.250000000000000000e+02
7.310000000000000000e+02 6.440000000000000000e+02
1.760000000000000000e+02 6.040000000000000000e+02
2.060000000000000000e+02 5.550000000000000000e+02
2.640000000000000000e+02 5.260000000000000000e+02
3.280000000000000000e+02 5.220000000000000000e+02
3.900000000000000000e+02 5.380000000000000000e+02
4.950000000000000000e+02 5.400000000000000000e+02
5.550000000000000000e+02 5.250000000000000000e+02
6.200000000000000000e+02 5.290000000000000000e+02
6.770000000000000000e+02 5.570000000000000000e+02
7.020000000000000000e+02 6.090000000000000000e+02
4.420000000000000000e+02 6.140000000000000000e+02
4.400000000000000000e+02 6.680000000000000000e+02
4.390000000000000000e+02 7.210000000000000000e+02
4.370000000000000000e+02 7.760000000000000000e+02
3.830000000000000000e+02 8.150000000000000000e+02
4.100000000000000000e+02 8.250000000000000000e+02
4.390000000000000000e+02 8.310000000000000000e+02
4.680000000000000000e+02 8.230000000000000000e+02
4.970000000000000000e+02 8.120000000000000000e+02
2.520000000000000000e+02 6.240000000000000000e+02
2.850000000000000000e+02 5.980000000000000000e+02
3.280000000000000000e+02 5.970000000000000000e+02
3.670000000000000000e+02 6.300000000000000000e+02
3.270000000000000000e+02 6.390000000000000000e+02
2.830000000000000000e+02 6.400000000000000000e+02
5.140000000000000000e+02 6.300000000000000000e+02
5.540000000000000000e+02 5.990000000000000000e+02
5.970000000000000000e+02 5.980000000000000000e+02
6.290000000000000000e+02 6.240000000000000000e+02
5.980000000000000000e+02 6.410000000000000000e+02
5.540000000000000000e+02 6.390000000000000000e+02
3.450000000000000000e+02 9.240000000000000000e+02
3.750000000000000000e+02 9.030000000000000000e+02
4.120000000000000000e+02 8.900000000000000000e+02
4.410000000000000000e+02 8.980000000000000000e+02
4.670000000000000000e+02 8.890000000000000000e+02
5.050000000000000000e+02 9.000000000000000000e+02
5.400000000000000000e+02 9.200000000000000000e+02
5.080000000000000000e+02 9.420000000000000000e+02
4.730000000000000000e+02 9.520000000000000000e+02
4.460000000000000000e+02 9.550000000000000000e+02
4.150000000000000000e+02 9.530000000000000000e+02
3.780000000000000000e+02 9.450000000000000000e+02
3.610000000000000000e+02 9.220000000000000000e+02
4.120000000000000000e+02 9.130000000000000000e+02
4.420000000000000000e+02 9.150000000000000000e+02
4.690000000000000000e+02 9.110000000000000000e+02
5.230000000000000000e+02 9.180000000000000000e+02
4.710000000000000000e+02 9.170000000000000000e+02
4.440000000000000000e+02 9.200000000000000000e+02
4.140000000000000000e+02 9.170000000000000000e+02
