1.170000000000000000e+02 6.460000000000000000e+02
1.300000000000000000e+02 7.310000000000000000e+02
1.480000000000000000e+02 8.100000000000000000e+02
1.650000000000000000e+02 8.890000000000000000e+02
1.930000000000000000e+02 9.620000000000000000e+02
2.370000000000000000e+02 1.024000000000000000e+03
3.000000000000000000e+02 1.074000000000000000e+03
3.710000000000000000e+02 1.107000000000000000e+03
4.490000000000000000e+02 1.119000000000000000e+03
5.240000000000000000e+02 1.102000000000000000e+03
5.870000000000000000e+02 1.061000000000000000e+03
6.430000000000000000e+02 1.013000000000000000e+03
6.810000000000000000e+02 9.540000000000000000e+02
7.040000000000000000e+02 8.840000000000000000e+02
7.210000000000000000e+02 8.090000000000000000e+02
7.390000000000000000e+02 7.330000000000000000e+02
7.540000000000000000e+02 6.500000000000000000e+02
1.810000000000000000e+02 5.780000000000000000e+02
2.200000000000000000e+02 5.410000000000000000e+02
2.780000000000000000e+02 5.290000000000000000e+02
3.360000000000000000e+02 5.360000000000000000e+02
3.890000000000000000e+02 5.600000000000000000e+02
4.980000000000000000e+02 5.580000000000000000e+02
5.480000000000000000e+02 5.300000000000000000e+02
6.050000000000000000e+02 5.210000000000000000e+02
6.620000000000000000e+02 5.360000000000000000e+02
7.000000000000000000e+02 5.760000000000000000e+02
4.390000000000000000e+02 6.180000000000000000e+02
4.370000000000000000e+02 6.700000000000000000e+02
4.350000000000000000e+02 7.200000000000000000e+02
4.320000000000000000e+02 7.720000000000000000e+02
3.810000000000000000e+02 8.190000000000000000e+02
4.060000000000000000e+02 8.270000000000000000e+02
4.330000000000000000e+02 8.330000000000000000e+02
4.620000000000000000e+02 8.250000000000000000e+02
4.900000000000000000e+02 8.160000000000000000e+02
2.520000000000000000e+02 6.300000000000000000e+02
2.860000000000000000e+02 6.060000000000000000e+02
3.270000000000000000e+02 6.050000000000000000e+02
3.650000000000000000e+02 6.360000000000000000e+02
3.260000000000000000e+02 6.420000000000000000e+02
2.840000000000000000e+02 6.430000000000000000e+02
5.200000000000000000e+02 6.350000000000000000e+02
5.580000000000000000e+02 6.040000000000000000e+02
5.990000000000000000e+02 6.020000000000000000e+02
6.330000000000000000e+02 6.250000000000000000e+02
6.020000000000000000e+02 6.400000000000000000e+02
5.590000000000000000e+02 6.400000000000000000e+02
3.160000000000000000e+02 9.100000000000000000e+02
3.650000000000000000e+02 8.980000000000000000e+02
4.090000000000000000e+02 8.870000000000000000e+02
4.400000000000000000e+02 8.940000000000000000e+02
4.690000000000000000e+02 8.860000000000000000e+02
5.100000000000000000e+02 8.950000000000000000e+02
5.570000000000000000e+02 9.070000000000000000e+02
5.120000000000000000e+02 9.380000000000000000e+02
4.720000000000000000e+02 9.530000000000000000e+02
4.400000000000000000e+02 9.580000000000000000e+02
4.070000000000000000e+02 9.550000000000000000e+02
3.650000000000000000e+02 9.410000000000000000e+02
3.340000000000000000e+02 9.130000000000000000e+02
4.080000000000000000e+02 9.160000000000000000e+02
4.400000000000000000e+02 9.190000000000000000e+02
4.700000000000000000e+02 9.140000000000000000e+02
5.380000000000000000e+02 9.100000000000000000e+02
4.700000000000000000e+02 9.150000000000000000e+02
4.400000000000000000e+02 9.190000000000000000e+02
4.090000000000000000e+02 9.160000000000000000e+02
