1.530000000000000000e+02 6.160000000000000000e+02
1.620000000000000000e+02 7.010000000000000000e+02
1.730000000000000000e+02 7.850000000000000000e+02
1.840000000000000000e+02 8.690000000000000000e+02
2.050000000000000000e+02 9.490000000000000000e+02
2.440000000000000000e+02 1.016000000000000000e+03
3.000000000000000000e+02 1.069000000000000000e+03
3.650000000000000000e+02 1.109000000000000000e+03
4.450000000000000000e+02 1.119000000000000000e+03
5.240000000000000000e+02 1.110000000000000000e+03
5.910000000000000000e+02 1.072000000000000000e+03
6.510000000000000000e+02 1.020000000000000000e+03
6.910000000000000000e+02 9.520000000000000000e+02
7.110000000000000000e+02 8.710000000000000000e+02
7.200000000000000000e+02 7.840000000000000000e+02
7.280000000000000000e+02 6.980000000000000000e+02
7.370000000000000000e+02 6.090000000000000000e+02
1.980000000000000000e+02 5.760000000000000000e+02
2.350000000000000000e+02 5.430000000000000000e+02
2.900000000000000000e+02 5.400000000000000000e+02
3.410000000000000000e+02 5.530000000000000000e+02
3.930000000000000000e+02 5.750000000000000000e+02
4.790000000000000000e+02 5.760000000000000000e+02
5.330000000000000000e+02 5.540000000000000000e+02
5.870000000000000000e+02 5.400000000000000000e+02
6.430000000000000000e+02 5.440000000000000000e+02
6.810000000000000000e+02 5.780000000000000000e+02
4.390000000000000000e+02 6.150000000000000000e+02
4.370000000000000000e+02 6.710000000000000000e+02
4.360000000000000000e+02 7.270000000000000000e+02
4.340000000000000000e+02 7.850000000000000000e+02
3.860000000000000000e+02 8.220000000000000000e+02
4.080000000000000000e+02 8.340000000000000000e+02
4.350000000000000000e+02 8.410000000000000000e+02
4.630000000000000000e+02 8.320000000000000000e+02
4.900000000000000000e+02 8.220000000000000000e+02
2.620000000000000000e+02 6.120000000000000000e+02
2.940000000000000000e+02 5.890000000000000000e+02
3.380000000000000000e+02 5.890000000000000000e+02
3.720000000000000000e+02 6.210000000000000000e+02
3.340000000000000000e+02 6.310000000000000000e+02
2.920000000000000000e+02 6.310000000000000000e+02
5.110000000000000000e+02 6.230000000000000000e+02
5.450000000000000000e+02 5.910000000000000000e+02
5.880000000000000000e+02 5.920000000000000000e+02
6.200000000000000000e+02 6.150000000000000000e+02
5.910000000000000000e+02 6.360000000000000000e+02
5.480000000000000000e+02 6.350000000000000000e+02
3.410000000000000000e+02 9.190000000000000000e+02
3.830000000000000000e+02 9.180000000000000000e+02
4.180000000000000000e+02 9.130000000000000000e+02
4.420000000000000000e+02 9.200000000000000000e+02
4.660000000000000000e+02 9.130000000000000000e+02
5.030000000000000000e+02 9.200000000000000000e+02
5.470000000000000000e+02 9.220000000000000000e+02
5.030000000000000000e+02 9.480000000000000000e+02
4.670000000000000000e+02 9.550000000000000000e+02
4.400000000000000000e+02 9.560000000000000000e+02
4.140000000000000000e+02 9.540000000000000000e+02
3.810000000000000000e+02 9.450000000000000000e+02
3.580000000000000000e+02 9.250000000000000000e+02
4.170000000000000000e+02 9.270000000000000000e+02
4.410000000000000000e+02 9.310000000000000000e+02
4.670000000000000000e+02 9.280000000000000000e+02
5.280000000000000000e+02 9.260000000000000000e+02
4.660000000000000000e+02 9.270000000000000000e+02
4.400000000000000000e+02 9.300000000000000000e+02
4.160000000000000000e+02 9.260000000000000000e+02
