1.500000000000000000e+02 6.390000000000000000e+02
1.550000000000000000e+02 7.160000000000000000e+02
1.680000000000000000e+02 7.920000000000000000e+02
1.830000000000000000e+02 8.670000000000000000e+02
2.070000000000000000e+02 9.400000000000000000e+02
2.460000000000000000e+02 1.003000000000000000e+03
3.000000000000000000e+02 1.057000000000000000e+03
3.650000000000000000e+02 1.098000000000000000e+03
4.400000000000000000e+02 1.107000000000000000e+03
5.190000000000000000e+02 1.096000000000000000e+03
5.890000000000000000e+02 1.058000000000000000e+03
6.540000000000000000e+02 1.010000000000000000e+03
7.030000000000000000e+02 9.500000000000000000e+02
7.270000000000000000e+02 8.760000000000000000e+02
7.420000000000000000e+02 7.970000000000000000e+02
7.560000000000000000e+02 7.190000000000000000e+02
7.640000000000000000e+02 6.400000000000000000e+02
2.080000000000000000e+02 5.700000000000000000e+02
2.420000000000000000e+02 5.400000000000000000e+02
2.890000000000000000e+02 5.280000000000000000e+02
3.380000000000000000e+02 5.300000000000000000e+02
3.820000000000000000e+02 5.520000000000000000e+02
4.950000000000000000e+02 5.470000000000000000e+02
5.410000000000000000e+02 5.230000000000000000e+02
5.930000000000000000e+02 5.180000000000000000e+02
6.430000000000000000e+02 5.310000000000000000e+02
6.830000000000000000e+02 5.610000000000000000e+02
4.330000000000000000e+02 6.160000000000000000e+02
4.300000000000000000e+02 6.770000000000000000e+02
4.260000000000000000e+02 7.370000000000000000e+02
4.220000000000000000e+02 7.980000000000000000e+02
3.770000000000000000e+02 8.260000000000000000e+02
4.000000000000000000e+02 8.400000000000000000e+02
4.280000000000000000e+02 8.500000000000000000e+02
4.590000000000000000e+02 8.370000000000000000e+02
4.870000000000000000e+02 8.240000000000000000e+02
2.610000000000000000e+02 6.300000000000000000e+02
2.930000000000000000e+02 6.030000000000000000e+02
3.370000000000000000e+02 6.040000000000000000e+02
3.740000000000000000e+02 6.390000000000000000e+02
3.330000000000000000e+02 6.460000000000000000e+02
2.910000000000000000e+02 6.460000000000000000e+02
5.130000000000000000e+02 6.340000000000000000e+02
5.500000000000000000e+02 5.990000000000000000e+02
5.920000000000000000e+02 5.950000000000000000e+02
6.250000000000000000e+02 6.220000000000000000e+02
5.960000000000000000e+02 6.390000000000000000e+02
5.530000000000000000e+02 6.400000000000000000e+02
3.320000000000000000e+02 9.220000000000000000e+02
3.740000000000000000e+02 9.090000000000000000e+02
4.100000000000000000e+02 9.010000000000000000e+02
4.370000000000000000e+02 9.090000000000000000e+02
4.640000000000000000e+02 9.000000000000000000e+02
5.050000000000000000e+02 9.070000000000000000e+02
5.540000000000000000e+02 9.160000000000000000e+02
5.050000000000000000e+02 9.410000000000000000e+02
4.640000000000000000e+02 9.500000000000000000e+02
4.360000000000000000e+02 9.540000000000000000e+02
4.070000000000000000e+02 9.520000000000000000e+02
3.730000000000000000e+02 9.450000000000000000e+02
3.530000000000000000e+02 9.250000000000000000e+02
4.090000000000000000e+02 9.230000000000000000e+02
4.370000000000000000e+02 9.250000000000000000e+02
4.650000000000000000e+02 9.220000000000000000e+02
5.320000000000000000e+02 9.210000000000000000e+02
4.640000000000000000e+02 9.180000000000000000e+02
4.360000000000000000e+02 9.220000000000000000e+02
4.090000000000000000e+02 9.190000000000000000e+02
