9.800000000000000000e+01 6.590000000000000000e+02
1.100000000000000000e+02 7.420000000000000000e+02
1.240000000000000000e+02 8.210000000000000000e+02
1.400000000000000000e+02 8.970000000000000000e+02
1.690000000000000000e+02 9.700000000000000000e+02
2.150000000000000000e+02 1.029000000000000000e+03
2.860000000000000000e+02 1.065000000000000000e+03
3.630000000000000000e+02 1.089000000000000000e+03
4.420000000000000000e+02 1.097000000000000000e+03
5.210000000000000000e+02 1.085000000000000000e+03
5.990000000000000000e+02 1.058000000000000000e+03
6.720000000000000000e+02 1.023000000000000000e+03
7.180000000000000000e+02 9.620000000000000000e+02
7.410000000000000000e+02 8.870000000000000000e+02
7.520000000000000000e+02 8.090000000000000000e+02
7.610000000000000000e+02 7.290000000000000000e+02
7.680000000000000000e+02 6.460000000000000000e+02
1.770000000000000000e+02 5.830000000000000000e+02
2.120000000000000000e+02 5.420000000000000000e+02
2.680000000000000000e+02 5.230000000000000000e+02
3.260000000000000000e+02 5.330000000000000000e+02
3.820000000000000000e+02 5.550000000000000000e+02
5.100000000000000000e+02 5.460000000000000000e+02
5.590000000000000000e+02 5.180000000000000000e+02
6.150000000000000000e+02 5.070000000000000000e+02
6.700000000000000000e+02 5.280000000000000000e+02
7.030000000000000000e+02 5.700000000000000000e+02
4.410000000000000000e+02 6.220000000000000000e+02
4.400000000000000000e+02 6.690000000000000000e+02
4.390000000000000000e+02 7.150000000000000000e+02
4.390000000000000000e+02 7.620000000000000000e+02
3.900000000000000000e+02 8.120000000000000000e+02
4.130000000000000000e+02 8.170000000000000000e+02
4.380000000000000000e+02 8.190000000000000000e+02
4.640000000000000000e+02 8.160000000000000000e+02
4.900000000000000000e+02 8.130000000000000000e+02
2.470000000000000000e+02 6.440000000000000000e+02
2.820000000000000000e+02 6.220000000000000000e+02
3.230000000000000000e+02 6.210000000000000000e+02
3.610000000000000000e+02 6.470000000000000000e+02
3.220000000000000000e+02 6.590000000000000000e+02
2.800000000000000000e+02 6.600000000000000000e+02
5.220000000000000000e+02 6.450000000000000000e+02
5.580000000000000000e+02 6.170000000000000000e+02
6.000000000000000000e+02 6.150000000000000000e+02
6.340000000000000000e+02 6.370000000000000000e+02
6.040000000000000000e+02 6.550000000000000000e+02
5.610000000000000000e+02 6.560000000000000000e+02
3.300000000000000000e+02 9.170000000000000000e+02
3.700000000000000000e+02 8.910000000000000000e+02
4.070000000000000000e+02 8.830000000000000000e+02
4.360000000000000000e+02 8.900000000000000000e+02
4.660000000000000000e+02 8.860000000000000000e+02
5.040000000000000000e+02 8.940000000000000000e+02
5.480000000000000000e+02 9.190000000000000000e+02
5.040000000000000000e+02 9.320000000000000000e+02
4.670000000000000000e+02 9.350000000000000000e+02
4.350000000000000000e+02 9.360000000000000000e+02
4.050000000000000000e+02 9.330000000000000000e+02
3.690000000000000000e+02 9.290000000000000000e+02
3.480000000000000000e+02 9.110000000000000000e+02
4.070000000000000000e+02 9.050000000000000000e+02
4.360000000000000000e+02 9.090000000000000000e+02
4.670000000000000000e+02 9.080000000000000000e+02
5.290000000000000000e+02 9.140000000000000000e+02
4.650000000000000000e+02 9.010000000000000000e+02
4.350000000000000000e+02 9.020000000000000000e+02
4.060000000000000000e+02 9.000000000000000000e+02
