1.250000000000000000e+02 6.510000000000000000e+02
1.330000000000000000e+02 7.360000000000000000e+02
1.500000000000000000e+02 8.160000000000000000e+02
1.670000000000000000e+02 8.950000000000000000e+02
1.940000000000000000e+02 9.670000000000000000e+02
2.320000000000000000e+02 1.030000000000000000e+03
2.940000000000000000e+02 1.072000000000000000e+03
3.700000000000000000e+02 1.095000000000000000e+03
4.480000000000000000e+02 1.105000000000000000e+03
5.290000000000000000e+02 1.093000000000000000e+03
6.080000000000000000e+02 1.067000000000000000e+03
6.720000000000000000e+02 1.023000000000000000e+03
7.110000000000000000e+02 9.590000000000000000e+02
7.390000000000000000e+02 8.870000000000000000e+02
7.530000000000000000e+02 8.070000000000000000e+02
7.650000000000000000e+02 7.280000000000000000e+02
7.700000000000000000e+02 6.430000000000000000e+02
1.710000000000000000e+02 5.700000000000000000e+02
2.140000000000000000e+02 5.380000000000000000e+02
2.750000000000000000e+02 5.360000000000000000e+02
3.330000000000000000e+02 5.520000000000000000e+02
3.860000000000000000e+02 5.790000000000000000e+02
4.900000000000000000e+02 5.760000000000000000e+02
5.430000000000000000e+02 5.490000000000000000e+02
6.010000000000000000e+02 5.330000000000000000e+02
6.630000000000000000e+02 5.350000000000000000e+02
7.090000000000000000e+02 5.660000000000000000e+02
4.370000000000000000e+02 6.220000000000000000e+02
4.370000000000000000e+02 6.740000000000000000e+02
4.370000000000000000e+02 7.260000000000000000e+02
4.360000000000000000e+02 7.790000000000000000e+02
3.820000000000000000e+02 8.180000000000000000e+02
4.080000000000000000e+02 8.300000000000000000e+02
4.370000000000000000e+02 8.360000000000000000e+02
4.670000000000000000e+02 8.280000000000000000e+02
4.940000000000000000e+02 8.160000000000000000e+02
2.400000000000000000e+02 6.290000000000000000e+02
2.750000000000000000e+02 6.080000000000000000e+02
3.180000000000000000e+02 6.080000000000000000e+02
3.580000000000000000e+02 6.370000000000000000e+02
3.170000000000000000e+02 6.450000000000000000e+02
2.730000000000000000e+02 6.460000000000000000e+02
5.210000000000000000e+02 6.360000000000000000e+02
5.590000000000000000e+02 6.050000000000000000e+02
6.020000000000000000e+02 6.040000000000000000e+02
6.380000000000000000e+02 6.270000000000000000e+02
6.040000000000000000e+02 6.450000000000000000e+02
5.610000000000000000e+02 6.440000000000000000e+02
3.360000000000000000e+02 9.260000000000000000e+02
3.780000000000000000e+02 9.020000000000000000e+02
4.120000000000000000e+02 8.890000000000000000e+02
4.400000000000000000e+02 8.960000000000000000e+02
4.670000000000000000e+02 8.880000000000000000e+02
5.020000000000000000e+02 8.960000000000000000e+02
5.470000000000000000e+02 9.130000000000000000e+02
5.040000000000000000e+02 9.210000000000000000e+02
4.700000000000000000e+02 9.240000000000000000e+02
4.420000000000000000e+02 9.280000000000000000e+02
4.130000000000000000e+02 9.280000000000000000e+02
3.790000000000000000e+02 9.300000000000000000e+02
3.520000000000000000e+02 9.210000000000000000e+02
4.110000000000000000e+02 9.110000000000000000e+02
4.400000000000000000e+02 9.140000000000000000e+02
4.680000000000000000e+02 9.100000000000000000e+02
5.310000000000000000e+02 9.100000000000000000e+02
4.690000000000000000e+02 9.000000000000000000e+02
4.410000000000000000e+02 9.040000000000000000e+02
4.130000000000000000e+02 9.030000000000000000e+02
