1.280000000000000000e+02 6.280000000000000000e+02
1.390000000000000000e+02 7.100000000000000000e+02
1.550000000000000000e+02 7.880000000000000000e+02
1.710000000000000000e+02 8.650000000000000000e+02
1.920000000000000000e+02 9.400000000000000000e+02
2.350000000000000000e+02 1.006000000000000000e+03
2.920000000000000000e+02 1.058000000000000000e+03
3.610000000000000000e+02 1.095000000000000000e+03
4.390000000000000000e+02 1.107000000000000000e+03
5.170000000000000000e+02 1.094000000000000000e+03
5.870000000000000000e+02 1.052000000000000000e+03
6.460000000000000000e+02 9.990000000000000000e+02
6.870000000000000000e+02 9.330000000000000000e+02
7.100000000000000000e+02 8.600000000000000000e+02
7.240000000000000000e+02 7.820000000000000000e+02
7.400000000000000000e+02 7.050000000000000000e+02
7.500000000000000000e+02 6.260000000000000000e+02
1.690000000000000000e+02 5.880000000000000000e+02
2.140000000000000000e+02 5.540000000000000000e+02
2.740000000000000000e+02 5.490000000000000000e+02
3.340000000000000000e+02 5.560000000000000000e+02
3.920000000000000000e+02 5.760000000000000000e+02
4.890000000000000000e+02 5.750000000000000000e+02
5.470000000000000000e+02 5.560000000000000000e+02
6.060000000000000000e+02 5.480000000000000000e+02
6.660000000000000000e+02 5.550000000000000000e+02
7.080000000000000000e+02 5.900000000000000000e+02
4.390000000000000000e+02 6.210000000000000000e+02
4.380000000000000000e+02 6.730000000000000000e+02
4.370000000000000000e+02 7.260000000000000000e+02
4.360000000000000000e+02 7.810000000000000000e+02
3.880000000000000000e+02 8.140000000000000000e+02
4.120000000000000000e+02 8.240000000000000000e+02
4.380000000000000000e+02 8.320000000000000000e+02
4.650000000000000000e+02 8.230000000000000000e+02
4.890000000000000000e+02 8.130000000000000000e+02
2.520000000000000000e+02 6.170000000000000000e+02
2.820000000000000000e+02 5.880000000000000000e+02
3.270000000000000000e+02 5.900000000000000000e+02
3.590000000000000000e+02 6.260000000000000000e+02
3.220000000000000000e+02 6.350000000000000000e+02
2.790000000000000000e+02 6.340000000000000000e+02
5.250000000000000000e+02 6.240000000000000000e+02
5.570000000000000000e+02 5.890000000000000000e+02
6.010000000000000000e+02 5.870000000000000000e+02
6.310000000000000000e+02 6.160000000000000000e+02
6.040000000000000000e+02 6.340000000000000000e+02
5.610000000000000000e+02 6.330000000000000000e+02
3.430000000000000000e+02 9.370000000000000000e+02
3.740000000000000000e+02 9.110000000000000000e+02
4.110000000000000000e+02 8.930000000000000000e+02
4.390000000000000000e+02 9.010000000000000000e+02
4.670000000000000000e+02 8.930000000000000000e+02
5.090000000000000000e+02 9.100000000000000000e+02
5.480000000000000000e+02 9.320000000000000000e+02
5.110000000000000000e+02 9.560000000000000000e+02
4.720000000000000000e+02 9.670000000000000000e+02
4.430000000000000000e+02 9.690000000000000000e+02
4.130000000000000000e+02 9.680000000000000000e+02
3.770000000000000000e+02 9.580000000000000000e+02
3.600000000000000000e+02 9.360000000000000000e+02
4.120000000000000000e+02 9.250000000000000000e+02
4.400000000000000000e+02 9.260000000000000000e+02
4.680000000000000000e+02 9.240000000000000000e+02
5.310000000000000000e+02 9.320000000000000000e+02
4.700000000000000000e+02 9.250000000000000000e+02
4.410000000000000000e+02 9.280000000000000000e+02
4.130000000000000000e+02 9.260000000000000000e+02
