1.320000000000000000e+02 6.430000000000000000e+02
1.400000000000000000e+02 7.250000000000000000e+02
1.460000000000000000e+02 8.040000000000000000e+02
1.550000000000000000e+02 8.870000000000000000e+02
1.800000000000000000e+02 9.630000000000000000e+02
2.230000000000000000e+02 1.024000000000000000e+03
2.870000000000000000e+02 1.068000000000000000e+03
3.600000000000000000e+02 1.099000000000000000e+03
4.390000000000000000e+02 1.111000000000000000e+03
5.210000000000000000e+02 1.102000000000000000e+03
5.990000000000000000e+02 1.072000000000000000e+03
6.650000000000000000e+02 1.027000000000000000e+03
7.070000000000000000e+02 9.620000000000000000e+02
7.300000000000000000e+02 8.820000000000000000e+02
7.390000000000000000e+02 8.000000000000000000e+02
7.470000000000000000e+02 7.200000000000000000e+02
7.510000000000000000e+02 6.380000000000000000e+02
1.990000000000000000e+02 5.550000000000000000e+02
2.350000000000000000e+02 5.260000000000000000e+02
2.850000000000000000e+02 5.240000000000000000e+02
3.350000000000000000e+02 5.400000000000000000e+02
3.810000000000000000e+02 5.660000000000000000e+02
4.920000000000000000e+02 5.660000000000000000e+02
5.400000000000000000e+02 5.400000000000000000e+02
5.910000000000000000e+02 5.230000000000000000e+02
6.430000000000000000e+02 5.270000000000000000e+02
6.790000000000000000e+02 5.560000000000000000e+02
4.390000000000000000e+02 6.190000000000000000e+02
4.380000000000000000e+02 6.680000000000000000e+02
4.380000000000000000e+02 7.180000000000000000e+02
4.370000000000000000e+02 7.690000000000000000e+02
3.900000000000000000e+02 8.070000000000000000e+02
4.120000000000000000e+02 8.190000000000000000e+02
4.370000000000000000e+02 8.260000000000000000e+02
4.630000000000000000e+02 8.210000000000000000e+02
4.860000000000000000e+02 8.110000000000000000e+02
2.560000000000000000e+02 6.230000000000000000e+02
2.900000000000000000e+02 6.070000000000000000e+02
3.270000000000000000e+02 6.070000000000000000e+02
3.600000000000000000e+02 6.300000000000000000e+02
3.240000000000000000e+02 6.390000000000000000e+02
2.870000000000000000e+02 6.390000000000000000e+02
5.220000000000000000e+02 6.320000000000000000e+02
5.560000000000000000e+02 6.100000000000000000e+02
5.930000000000000000e+02 6.080000000000000000e+02
6.230000000000000000e+02 6.260000000000000000e+02
5.950000000000000000e+02 6.410000000000000000e+02
5.580000000000000000e+02 6.410000000000000000e+02
3.420000000000000000e+02 9.250000000000000000e+02
3.810000000000000000e+02 9.040000000000000000e+02
4.130000000000000000e+02 8.950000000000000000e+02
4.370000000000000000e+02 9.020000000000000000e+02
4.610000000000000000e+02 8.970000000000000000e+02
4.960000000000000000e+02 9.120000000000000000e+02
5.390000000000000000e+02 9.320000000000000000e+02
4.950000000000000000e+02 9.400000000000000000e+02
4.600000000000000000e+02 9.410000000000000000e+02
4.350000000000000000e+02 9.410000000000000000e+02
4.090000000000000000e+02 9.380000000000000000e+02
3.780000000000000000e+02 9.330000000000000000e+02
3.580000000000000000e+02 9.220000000000000000e+02
4.120000000000000000e+02 9.160000000000000000e+02
4.370000000000000000e+02 9.190000000000000000e+02
4.610000000000000000e+02 9.190000000000000000e+02
5.230000000000000000e+02 9.290000000000000000e+02
4.590000000000000000e+02 9.180000000000000000e+02
4.350000000000000000e+02 9.190000000000000000e+02
4.110000000000000000e+02 9.140000000000000000e+02
