1.390000000000000000e+02 6.080000000000000000e+02
1.490000000000000000e+02 6.910000000000000000e+02
1.610000000000000000e+02 7.750000000000000000e+02
1.730000000000000000e+02 8.580000000000000000e+02
1.950000000000000000e+02 9.360000000000000000e+02
2.400000000000000000e+02 1.003000000000000000e+03
3.010000000000000000e+02 1.053000000000000000e+03
3.640000000000000000e+02 1.096000000000000000e+03
4.420000000000000000e+02 1.108000000000000000e+03
5.220000000000000000e+02 1.097000000000000000e+03
5.940000000000000000e+02 1.056000000000000000e+03
6.610000000000000000e+02 1.005000000000000000e+03
7.120000000000000000e+02 9.350000000000000000e+02
7.380000000000000000e+02 8.550000000000000000e+02
7.490000000000000000e+02 7.670000000000000000e+02
7.560000000000000000e+02 6.790000000000000000e+02
7.610000000000000000e+02 5.910000000000000000e+02
1.940000000000000000e+02 5.910000000000000000e+02
2.320000000000000000e+02 5.550000000000000000e+02
2.870000000000000000e+02 5.420000000000000000e+02
3.430000000000000000e+02 5.490000000000000000e+02
3.970000000000000000e+02 5.680000000000000000e+02
4.600000000000000000e+02 5.640000000000000000e+02
5.190000000000000000e+02 5.450000000000000000e+02
5.790000000000000000e+02 5.350000000000000000e+02
6.390000000000000000e+02 5.490000000000000000e+02
6.830000000000000000e+02 5.880000000000000000e+02
4.320000000000000000e+02 6.230000000000000000e+02
4.320000000000000000e+02 6.850000000000000000e+02
4.310000000000000000e+02 7.450000000000000000e+02
4.300000000000000000e+02 8.070000000000000000e+02
3.760000000000000000e+02 8.360000000000000000e+02
4.040000000000000000e+02 8.470000000000000000e+02
4.350000000000000000e+02 8.560000000000000000e+02
4.660000000000000000e+02 8.460000000000000000e+02
4.960000000000000000e+02 8.360000000000000000e+02
2.620000000000000000e+02 6.230000000000000000e+02
2.940000000000000000e+02 6.020000000000000000e+02
3.360000000000000000e+02 6.010000000000000000e+02
3.690000000000000000e+02 6.300000000000000000e+02
3.340000000000000000e+02 6.410000000000000000e+02
2.920000000000000000e+02 6.420000000000000000e+02
5.060000000000000000e+02 6.270000000000000000e+02
5.380000000000000000e+02 5.980000000000000000e+02
5.800000000000000000e+02 5.970000000000000000e+02
6.110000000000000000e+02 6.170000000000000000e+02
5.830000000000000000e+02 6.360000000000000000e+02
5.410000000000000000e+02 6.370000000000000000e+02
3.350000000000000000e+02 9.220000000000000000e+02
3.730000000000000000e+02 9.110000000000000000e+02
4.100000000000000000e+02 9.020000000000000000e+02
4.380000000000000000e+02 9.120000000000000000e+02
4.660000000000000000e+02 9.020000000000000000e+02
5.060000000000000000e+02 9.120000000000000000e+02
5.480000000000000000e+02 9.220000000000000000e+02
5.040000000000000000e+02 9.470000000000000000e+02
4.660000000000000000e+02 9.600000000000000000e+02
4.370000000000000000e+02 9.630000000000000000e+02
4.070000000000000000e+02 9.590000000000000000e+02
3.720000000000000000e+02 9.450000000000000000e+02
3.530000000000000000e+02 9.230000000000000000e+02
4.100000000000000000e+02 9.230000000000000000e+02
4.390000000000000000e+02 9.270000000000000000e+02
4.670000000000000000e+02 9.240000000000000000e+02
5.280000000000000000e+02 9.230000000000000000e+02
4.650000000000000000e+02 9.240000000000000000e+02
4.360000000000000000e+02 9.270000000000000000e+02
4.080000000000000000e+02 9.230000000000000000e+02
