1.620000000000000000e+02 6.450000000000000000e+02
1.610000000000000000e+02 7.250000000000000000e+02
1.740000000000000000e+02 8.030000000000000000e+02
1.850000000000000000e+02 8.790000000000000000e+02
2.040000000000000000e+02 9.560000000000000000e+02
2.380000000000000000e+02 1.023000000000000000e+03
2.960000000000000000e+02 1.071000000000000000e+03
3.660000000000000000e+02 1.102000000000000000e+03
4.460000000000000000e+02 1.107000000000000000e+03
5.230000000000000000e+02 1.098000000000000000e+03
5.930000000000000000e+02 1.067000000000000000e+03
6.490000000000000000e+02 1.020000000000000000e+03
6.850000000000000000e+02 9.520000000000000000e+02
7.040000000000000000e+02 8.750000000000000000e+02
7.160000000000000000e+02 7.970000000000000000e+02
7.250000000000000000e+02 7.170000000000000000e+02
7.200000000000000000e+02 6.370000000000000000e+02
1.860000000000000000e+02 5.790000000000000000e+02
2.230000000000000000e+02 5.450000000000000000e+02
2.770000000000000000e+02 5.370000000000000000e+02
3.310000000000000000e+02 5.490000000000000000e+02
3.850000000000000000e+02 5.680000000000000000e+02
4.920000000000000000e+02 5.580000000000000000e+02
5.420000000000000000e+02 5.290000000000000000e+02
5.970000000000000000e+02 5.110000000000000000e+02
6.530000000000000000e+02 5.190000000000000000e+02
6.900000000000000000e+02 5.580000000000000000e+02
4.390000000000000000e+02 6.130000000000000000e+02
4.380000000000000000e+02 6.650000000000000000e+02
4.380000000000000000e+02 7.160000000000000000e+02
4.370000000000000000e+02 7.700000000000000000e+02
3.800000000000000000e+02 8.100000000000000000e+02
4.070000000000000000e+02 8.210000000000000000e+02
4.370000000000000000e+02 8.300000000000000000e+02
4.690000000000000000e+02 8.220000000000000000e+02
4.980000000000000000e+02 8.110000000000000000e+02
2.520000000000000000e+02 6.280000000000000000e+02
2.850000000000000000e+02 6.050000000000000000e+02
3.270000000000000000e+02 6.030000000000000000e+02
3.640000000000000000e+02 6.330000000000000000e+02
3.260000000000000000e+02 6.420000000000000000e+02
2.840000000000000000e+02 6.440000000000000000e+02
5.140000000000000000e+02 6.270000000000000000e+02
5.510000000000000000e+02 5.920000000000000000e+02
5.930000000000000000e+02 5.890000000000000000e+02
6.260000000000000000e+02 6.120000000000000000e+02
5.980000000000000000e+02 6.320000000000000000e+02
5.560000000000000000e+02 6.340000000000000000e+02
3.270000000000000000e+02 9.210000000000000000e+02
3.670000000000000000e+02 8.990000000000000000e+02
4.060000000000000000e+02 8.890000000000000000e+02
4.360000000000000000e+02 9.010000000000000000e+02
4.680000000000000000e+02 8.920000000000000000e+02
5.120000000000000000e+02 9.040000000000000000e+02
5.590000000000000000e+02 9.230000000000000000e+02
5.150000000000000000e+02 9.520000000000000000e+02
4.720000000000000000e+02 9.640000000000000000e+02
4.370000000000000000e+02 9.660000000000000000e+02
4.040000000000000000e+02 9.610000000000000000e+02
3.650000000000000000e+02 9.460000000000000000e+02
3.450000000000000000e+02 9.200000000000000000e+02
4.050000000000000000e+02 9.190000000000000000e+02
4.360000000000000000e+02 9.250000000000000000e+02
4.690000000000000000e+02 9.220000000000000000e+02
5.420000000000000000e+02 9.240000000000000000e+02
4.690000000000000000e+02 9.230000000000000000e+02
4.370000000000000000e+02 9.260000000000000000e+02
4.060000000000000000e+02 9.200000000000000000e+02
