1.290000000000000000e+02 6.350000000000000000e+02
1.340000000000000000e+02 7.200000000000000000e+02
1.440000000000000000e+02 8.020000000000000000e+02
1.550000000000000000e+02 8.830000000000000000e+02
1.810000000000000000e+02 9.600000000000000000e+02
2.250000000000000000e+02 1.024000000000000000e+03
2.900000000000000000e+02 1.073000000000000000e+03
3.600000000000000000e+02 1.108000000000000000e+03
4.380000000000000000e+02 1.118000000000000000e+03
5.180000000000000000e+02 1.108000000000000000e+03
5.930000000000000000e+02 1.076000000000000000e+03
6.580000000000000000e+02 1.030000000000000000e+03
7.030000000000000000e+02 9.670000000000000000e+02
7.280000000000000000e+02 8.900000000000000000e+02
7.380000000000000000e+02 8.070000000000000000e+02
7.470000000000000000e+02 7.240000000000000000e+02
7.520000000000000000e+02 6.370000000000000000e+02
1.830000000000000000e+02 5.890000000000000000e+02
2.160000000000000000e+02 5.480000000000000000e+02
2.710000000000000000e+02 5.330000000000000000e+02
3.280000000000000000e+02 5.400000000000000000e+02
3.830000000000000000e+02 5.580000000000000000e+02
4.980000000000000000e+02 5.580000000000000000e+02
5.550000000000000000e+02 5.400000000000000000e+02
6.090000000000000000e+02 5.310000000000000000e+02
6.630000000000000000e+02 5.450000000000000000e+02
6.960000000000000000e+02 5.860000000000000000e+02
4.400000000000000000e+02 6.180000000000000000e+02
4.400000000000000000e+02 6.720000000000000000e+02
4.400000000000000000e+02 7.260000000000000000e+02
4.390000000000000000e+02 7.830000000000000000e+02
3.810000000000000000e+02 8.110000000000000000e+02
4.080000000000000000e+02 8.250000000000000000e+02
4.380000000000000000e+02 8.360000000000000000e+02
4.680000000000000000e+02 8.250000000000000000e+02
4.970000000000000000e+02 8.130000000000000000e+02
2.560000000000000000e+02 6.250000000000000000e+02
2.900000000000000000e+02 6.050000000000000000e+02
3.290000000000000000e+02 6.040000000000000000e+02
3.660000000000000000e+02 6.280000000000000000e+02
3.280000000000000000e+02 6.360000000000000000e+02
2.880000000000000000e+02 6.380000000000000000e+02
5.180000000000000000e+02 6.290000000000000000e+02
5.530000000000000000e+02 6.070000000000000000e+02
5.920000000000000000e+02 6.070000000000000000e+02
6.230000000000000000e+02 6.270000000000000000e+02
5.930000000000000000e+02 6.410000000000000000e+02
5.540000000000000000e+02 6.390000000000000000e+02
3.280000000000000000e+02 8.990000000000000000e+02
3.720000000000000000e+02 9.000000000000000000e+02
4.070000000000000000e+02 8.970000000000000000e+02
4.360000000000000000e+02 9.040000000000000000e+02
4.650000000000000000e+02 8.970000000000000000e+02
5.040000000000000000e+02 9.020000000000000000e+02
5.510000000000000000e+02 9.070000000000000000e+02
5.040000000000000000e+02 9.300000000000000000e+02
4.670000000000000000e+02 9.370000000000000000e+02
4.360000000000000000e+02 9.380000000000000000e+02
4.060000000000000000e+02 9.350000000000000000e+02
3.720000000000000000e+02 9.260000000000000000e+02
3.460000000000000000e+02 9.030000000000000000e+02
4.070000000000000000e+02 9.110000000000000000e+02
4.360000000000000000e+02 9.150000000000000000e+02
4.660000000000000000e+02 9.130000000000000000e+02
5.340000000000000000e+02 9.090000000000000000e+02
4.660000000000000000e+02 9.130000000000000000e+02
4.370000000000000000e+02 9.150000000000000000e+02
4.080000000000000000e+02 9.110000000000000000e+02
