1.150000000000000000e+02 6.560000000000000000e+02
1.200000000000000000e+02 7.410000000000000000e+02
1.270000000000000000e+02 8.240000000000000000e+02
1.350000000000000000e+02 9.080000000000000000e+02
1.610000000000000000e+02 9.850000000000000000e+02
2.130000000000000000e+02 1.045000000000000000e+03
2.830000000000000000e+02 1.088000000000000000e+03
3.600000000000000000e+02 1.119000000000000000e+03
4.440000000000000000e+02 1.130000000000000000e+03
5.240000000000000000e+02 1.119000000000000000e+03
5.980000000000000000e+02 1.086000000000000000e+03
6.620000000000000000e+02 1.042000000000000000e+03
7.100000000000000000e+02 9.810000000000000000e+02
7.320000000000000000e+02 9.050000000000000000e+02
7.410000000000000000e+02 8.220000000000000000e+02
7.470000000000000000e+02 7.410000000000000000e+02
7.540000000000000000e+02 6.580000000000000000e+02
1.920000000000000000e+02 5.850000000000000000e+02
2.280000000000000000e+02 5.470000000000000000e+02
2.840000000000000000e+02 5.310000000000000000e+02
3.440000000000000000e+02 5.330000000000000000e+02
4.000000000000000000e+02 5.470000000000000000e+02
4.940000000000000000e+02 5.520000000000000000e+02
5.480000000000000000e+02 5.390000000000000000e+02
6.060000000000000000e+02 5.380000000000000000e+02
6.570000000000000000e+02 5.560000000000000000e+02
6.890000000000000000e+02 5.950000000000000000e+02
4.430000000000000000e+02 6.120000000000000000e+02
4.420000000000000000e+02 6.610000000000000000e+02
4.430000000000000000e+02 7.090000000000000000e+02
4.430000000000000000e+02 7.590000000000000000e+02
3.870000000000000000e+02 8.050000000000000000e+02
4.150000000000000000e+02 8.130000000000000000e+02
4.430000000000000000e+02 8.180000000000000000e+02
4.720000000000000000e+02 8.130000000000000000e+02
4.990000000000000000e+02 8.060000000000000000e+02
2.610000000000000000e+02 6.270000000000000000e+02
2.940000000000000000e+02 6.110000000000000000e+02
3.300000000000000000e+02 6.090000000000000000e+02
3.640000000000000000e+02 6.250000000000000000e+02
3.290000000000000000e+02 6.330000000000000000e+02
2.930000000000000000e+02 6.350000000000000000e+02
5.170000000000000000e+02 6.290000000000000000e+02
5.500000000000000000e+02 6.130000000000000000e+02
5.860000000000000000e+02 6.160000000000000000e+02
6.170000000000000000e+02 6.330000000000000000e+02
5.860000000000000000e+02 6.400000000000000000e+02
5.510000000000000000e+02 6.370000000000000000e+02
3.420000000000000000e+02 9.210000000000000000e+02
3.780000000000000000e+02 8.880000000000000000e+02
4.160000000000000000e+02 8.730000000000000000e+02
4.480000000000000000e+02 8.810000000000000000e+02
4.800000000000000000e+02 8.720000000000000000e+02
5.170000000000000000e+02 8.860000000000000000e+02
5.470000000000000000e+02 9.190000000000000000e+02
5.160000000000000000e+02 9.290000000000000000e+02
4.820000000000000000e+02 9.360000000000000000e+02
4.480000000000000000e+02 9.380000000000000000e+02
4.150000000000000000e+02 9.370000000000000000e+02
3.790000000000000000e+02 9.310000000000000000e+02
3.590000000000000000e+02 9.170000000000000000e+02
4.150000000000000000e+02 9.010000000000000000e+02
4.480000000000000000e+02 9.030000000000000000e+02
4.800000000000000000e+02 9.000000000000000000e+02
5.300000000000000000e+02 9.140000000000000000e+02
4.800000000000000000e+02 8.990000000000000000e+02
4.480000000000000000e+02 9.030000000000000000e+02
4.160000000000000000e+02 9.010000000000000000e+02
