1.220000000000000000e+02 5.980000000000000000e+02
1.330000000000000000e+02 6.880000000000000000e+02
1.520000000000000000e+02 7.720000000000000000e+02
1.680000000000000000e+02 8.560000000000000000e+02
1.940000000000000000e+02 9.350000000000000000e+02
2.370000000000000000e+02 1.005000000000000000e+03
2.990000000000000000e+02 1.060000000000000000e+03
3.680000000000000000e+02 1.099000000000000000e+03
4.420000000000000000e+02 1.111000000000000000e+03
5.180000000000000000e+02 1.095000000000000000e+03
5.890000000000000000e+02 1.053000000000000000e+03
6.510000000000000000e+02 1.000000000000000000e+03
6.940000000000000000e+02 9.290000000000000000e+02
7.190000000000000000e+02 8.530000000000000000e+02
7.330000000000000000e+02 7.710000000000000000e+02
7.480000000000000000e+02 6.880000000000000000e+02
7.570000000000000000e+02 6.000000000000000000e+02
1.750000000000000000e+02 5.890000000000000000e+02
2.180000000000000000e+02 5.480000000000000000e+02
2.810000000000000000e+02 5.330000000000000000e+02
3.440000000000000000e+02 5.440000000000000000e+02
3.990000000000000000e+02 5.710000000000000000e+02
4.800000000000000000e+02 5.660000000000000000e+02
5.360000000000000000e+02 5.380000000000000000e+02
5.970000000000000000e+02 5.290000000000000000e+02
6.590000000000000000e+02 5.450000000000000000e+02
7.020000000000000000e+02 5.850000000000000000e+02
4.370000000000000000e+02 6.200000000000000000e+02
4.360000000000000000e+02 6.800000000000000000e+02
4.360000000000000000e+02 7.390000000000000000e+02
4.350000000000000000e+02 7.990000000000000000e+02
3.850000000000000000e+02 8.310000000000000000e+02
4.090000000000000000e+02 8.430000000000000000e+02
4.370000000000000000e+02 8.510000000000000000e+02
4.650000000000000000e+02 8.420000000000000000e+02
4.910000000000000000e+02 8.300000000000000000e+02
2.450000000000000000e+02 6.300000000000000000e+02
2.800000000000000000e+02 6.110000000000000000e+02
3.220000000000000000e+02 6.110000000000000000e+02
3.590000000000000000e+02 6.390000000000000000e+02
3.200000000000000000e+02 6.470000000000000000e+02
2.780000000000000000e+02 6.480000000000000000e+02
5.210000000000000000e+02 6.360000000000000000e+02
5.570000000000000000e+02 6.090000000000000000e+02
5.970000000000000000e+02 6.080000000000000000e+02
6.310000000000000000e+02 6.270000000000000000e+02
6.000000000000000000e+02 6.440000000000000000e+02
5.590000000000000000e+02 6.440000000000000000e+02
3.440000000000000000e+02 9.280000000000000000e+02
3.840000000000000000e+02 9.080000000000000000e+02
4.180000000000000000e+02 8.960000000000000000e+02
4.420000000000000000e+02 9.030000000000000000e+02
4.670000000000000000e+02 8.960000000000000000e+02
5.010000000000000000e+02 9.070000000000000000e+02
5.410000000000000000e+02 9.220000000000000000e+02
5.020000000000000000e+02 9.540000000000000000e+02
4.690000000000000000e+02 9.690000000000000000e+02
4.420000000000000000e+02 9.720000000000000000e+02
4.150000000000000000e+02 9.700000000000000000e+02
3.820000000000000000e+02 9.560000000000000000e+02
3.620000000000000000e+02 9.250000000000000000e+02
4.170000000000000000e+02 9.210000000000000000e+02
4.420000000000000000e+02 9.230000000000000000e+02
4.680000000000000000e+02 9.200000000000000000e+02
5.230000000000000000e+02 9.210000000000000000e+02
4.680000000000000000e+02 9.220000000000000000e+02
4.420000000000000000e+02 9.270000000000000000e+02
4.160000000000000000e+02 9.240000000000000000e+02
