1.700000000000000000e+02 6.680000000000000000e+02
1.780000000000000000e+02 7.460000000000000000e+02
1.940000000000000000e+02 8.230000000000000000e+02
2.120000000000000000e+02 8.960000000000000000e+02
2.340000000000000000e+02 9.660000000000000000e+02
2.660000000000000000e+02 1.028000000000000000e+03
3.130000000000000000e+02 1.077000000000000000e+03
3.730000000000000000e+02 1.110000000000000000e+03
4.470000000000000000e+02 1.119000000000000000e+03
5.230000000000000000e+02 1.109000000000000000e+03
5.980000000000000000e+02 1.082000000000000000e+03
6.590000000000000000e+02 1.038000000000000000e+03
7.060000000000000000e+02 9.800000000000000000e+02
7.370000000000000000e+02 9.100000000000000000e+02
7.550000000000000000e+02 8.340000000000000000e+02
7.680000000000000000e+02 7.590000000000000000e+02
7.740000000000000000e+02 6.780000000000000000e+02
1.910000000000000000e+02 5.620000000000000000e+02
2.190000000000000000e+02 5.170000000000000000e+02
2.710000000000000000e+02 5.030000000000000000e+02
3.240000000000000000e+02 5.110000000000000000e+02
3.740000000000000000e+02 5.380000000000000000e+02
4.930000000000000000e+02 5.380000000000000000e+02
5.460000000000000000e+02 5.140000000000000000e+02
6.040000000000000000e+02 5.090000000000000000e+02
6.590000000000000000e+02 5.260000000000000000e+02
6.970000000000000000e+02 5.670000000000000000e+02
4.330000000000000000e+02 6.120000000000000000e+02
4.290000000000000000e+02 6.620000000000000000e+02
4.260000000000000000e+02 7.120000000000000000e+02
4.220000000000000000e+02 7.630000000000000000e+02
3.810000000000000000e+02 8.110000000000000000e+02
4.040000000000000000e+02 8.200000000000000000e+02
4.290000000000000000e+02 8.260000000000000000e+02
4.560000000000000000e+02 8.190000000000000000e+02
4.840000000000000000e+02 8.110000000000000000e+02
2.560000000000000000e+02 6.270000000000000000e+02
2.850000000000000000e+02 6.030000000000000000e+02
3.240000000000000000e+02 6.040000000000000000e+02
3.620000000000000000e+02 6.320000000000000000e+02
3.250000000000000000e+02 6.390000000000000000e+02
2.840000000000000000e+02 6.410000000000000000e+02
5.210000000000000000e+02 6.340000000000000000e+02
5.560000000000000000e+02 6.070000000000000000e+02
5.960000000000000000e+02 6.070000000000000000e+02
6.290000000000000000e+02 6.310000000000000000e+02
5.970000000000000000e+02 6.430000000000000000e+02
5.570000000000000000e+02 6.410000000000000000e+02
3.380000000000000000e+02 9.240000000000000000e+02
3.690000000000000000e+02 8.960000000000000000e+02
4.070000000000000000e+02 8.840000000000000000e+02
4.350000000000000000e+02 8.920000000000000000e+02
4.640000000000000000e+02 8.830000000000000000e+02
5.080000000000000000e+02 8.940000000000000000e+02
5.520000000000000000e+02 9.200000000000000000e+02
5.100000000000000000e+02 9.490000000000000000e+02
4.670000000000000000e+02 9.630000000000000000e+02
4.360000000000000000e+02 9.670000000000000000e+02
4.060000000000000000e+02 9.660000000000000000e+02
3.690000000000000000e+02 9.540000000000000000e+02
3.560000000000000000e+02 9.230000000000000000e+02
4.080000000000000000e+02 9.210000000000000000e+02
4.360000000000000000e+02 9.230000000000000000e+02
4.650000000000000000e+02 9.200000000000000000e+02
5.330000000000000000e+02 9.190000000000000000e+02
4.650000000000000000e+02 9.200000000000000000e+02
4.350000000000000000e+02 9.240000000000000000e+02
4.080000000000000000e+02 9.210000000000000000e+02
