1.540000000000000000e+02 6.580000000000000000e+02
1.570000000000000000e+02 7.360000000000000000e+02
1.630000000000000000e+02 8.120000000000000000e+02
1.700000000000000000e+02 8.910000000000000000e+02
1.890000000000000000e+02 9.640000000000000000e+02
2.280000000000000000e+02 1.027000000000000000e+03
2.840000000000000000e+02 1.077000000000000000e+03
3.520000000000000000e+02 1.112000000000000000e+03
4.390000000000000000e+02 1.116000000000000000e+03
5.270000000000000000e+02 1.110000000000000000e+03
6.000000000000000000e+02 1.077000000000000000e+03
6.620000000000000000e+02 1.029000000000000000e+03
7.060000000000000000e+02 9.690000000000000000e+02
7.280000000000000000e+02 8.950000000000000000e+02
7.350000000000000000e+02 8.140000000000000000e+02
7.400000000000000000e+02 7.360000000000000000e+02
7.440000000000000000e+02 6.520000000000000000e+02
1.830000000000000000e+02 6.010000000000000000e+02
2.130000000000000000e+02 5.490000000000000000e+02
2.710000000000000000e+02 5.260000000000000000e+02
3.310000000000000000e+02 5.300000000000000000e+02
3.890000000000000000e+02 5.530000000000000000e+02
4.890000000000000000e+02 5.520000000000000000e+02
5.470000000000000000e+02 5.270000000000000000e+02
6.100000000000000000e+02 5.230000000000000000e+02
6.720000000000000000e+02 5.440000000000000000e+02
7.080000000000000000e+02 5.960000000000000000e+02
4.360000000000000000e+02 6.140000000000000000e+02
4.350000000000000000e+02 6.680000000000000000e+02
4.350000000000000000e+02 7.210000000000000000e+02
4.340000000000000000e+02 7.770000000000000000e+02
3.700000000000000000e+02 8.090000000000000000e+02
4.030000000000000000e+02 8.170000000000000000e+02
4.370000000000000000e+02 8.270000000000000000e+02
4.710000000000000000e+02 8.160000000000000000e+02
5.050000000000000000e+02 8.070000000000000000e+02
2.450000000000000000e+02 6.340000000000000000e+02
2.780000000000000000e+02 6.060000000000000000e+02
3.230000000000000000e+02 6.060000000000000000e+02
3.630000000000000000e+02 6.360000000000000000e+02
3.210000000000000000e+02 6.470000000000000000e+02
2.760000000000000000e+02 6.480000000000000000e+02
5.200000000000000000e+02 6.350000000000000000e+02
5.610000000000000000e+02 6.050000000000000000e+02
6.070000000000000000e+02 6.030000000000000000e+02
6.390000000000000000e+02 6.300000000000000000e+02
6.090000000000000000e+02 6.450000000000000000e+02
5.630000000000000000e+02 6.440000000000000000e+02
3.100000000000000000e+02 9.120000000000000000e+02
3.530000000000000000e+02 8.850000000000000000e+02
4.000000000000000000e+02 8.750000000000000000e+02
4.380000000000000000e+02 8.830000000000000000e+02
4.750000000000000000e+02 8.740000000000000000e+02
5.220000000000000000e+02 8.830000000000000000e+02
5.670000000000000000e+02 9.080000000000000000e+02
5.210000000000000000e+02 9.320000000000000000e+02
4.750000000000000000e+02 9.440000000000000000e+02
4.370000000000000000e+02 9.470000000000000000e+02
3.970000000000000000e+02 9.450000000000000000e+02
3.540000000000000000e+02 9.340000000000000000e+02
3.300000000000000000e+02 9.130000000000000000e+02
4.000000000000000000e+02 9.050000000000000000e+02
4.380000000000000000e+02 9.070000000000000000e+02
4.750000000000000000e+02 9.040000000000000000e+02
5.450000000000000000e+02 9.100000000000000000e+02
4.740000000000000000e+02 9.050000000000000000e+02
4.370000000000000000e+02 9.080000000000000000e+02
3.990000000000000000e+02 9.050000000000000000e+02
