1.460000000000000000e+02 6.280000000000000000e+02
1.520000000000000000e+02 7.080000000000000000e+02
1.630000000000000000e+02 7.880000000000000000e+02
1.760000000000000000e+02 8.660000000000000000e+02
2.000000000000000000e+02 9.380000000000000000e+02
2.450000000000000000e+02 9.990000000000000000e+02
3.010000000000000000e+02 1.049000000000000000e+03
3.670000000000000000e+02 1.089000000000000000e+03
4.420000000000000000e+02 1.104000000000000000e+03
5.180000000000000000e+02 1.090000000000000000e+03
5.910000000000000000e+02 1.051000000000000000e+03
6.560000000000000000e+02 1.000000000000000000e+03
7.050000000000000000e+02 9.400000000000000000e+02
7.340000000000000000e+02 8.670000000000000000e+02
7.460000000000000000e+02 7.870000000000000000e+02
7.570000000000000000e+02 7.060000000000000000e+02
7.620000000000000000e+02 6.230000000000000000e+02
1.930000000000000000e+02 5.720000000000000000e+02
2.340000000000000000e+02 5.390000000000000000e+02
2.880000000000000000e+02 5.330000000000000000e+02
3.420000000000000000e+02 5.440000000000000000e+02
3.910000000000000000e+02 5.670000000000000000e+02
4.830000000000000000e+02 5.650000000000000000e+02
5.370000000000000000e+02 5.390000000000000000e+02
5.940000000000000000e+02 5.260000000000000000e+02
6.530000000000000000e+02 5.350000000000000000e+02
6.950000000000000000e+02 5.730000000000000000e+02
4.340000000000000000e+02 6.240000000000000000e+02
4.330000000000000000e+02 6.760000000000000000e+02
4.310000000000000000e+02 7.280000000000000000e+02
4.290000000000000000e+02 7.820000000000000000e+02
3.790000000000000000e+02 8.240000000000000000e+02
4.050000000000000000e+02 8.310000000000000000e+02
4.330000000000000000e+02 8.370000000000000000e+02
4.620000000000000000e+02 8.310000000000000000e+02
4.900000000000000000e+02 8.250000000000000000e+02
2.490000000000000000e+02 6.270000000000000000e+02
2.840000000000000000e+02 6.040000000000000000e+02
3.250000000000000000e+02 6.060000000000000000e+02
3.580000000000000000e+02 6.430000000000000000e+02
3.210000000000000000e+02 6.490000000000000000e+02
2.780000000000000000e+02 6.470000000000000000e+02
5.190000000000000000e+02 6.410000000000000000e+02
5.530000000000000000e+02 6.050000000000000000e+02
5.960000000000000000e+02 6.020000000000000000e+02
6.320000000000000000e+02 6.260000000000000000e+02
6.020000000000000000e+02 6.450000000000000000e+02
5.570000000000000000e+02 6.480000000000000000e+02
3.400000000000000000e+02 9.280000000000000000e+02
3.740000000000000000e+02 9.030000000000000000e+02
4.080000000000000000e+02 8.870000000000000000e+02
4.350000000000000000e+02 8.950000000000000000e+02
4.630000000000000000e+02 8.880000000000000000e+02
5.000000000000000000e+02 9.040000000000000000e+02
5.410000000000000000e+02 9.310000000000000000e+02
4.990000000000000000e+02 9.640000000000000000e+02
4.620000000000000000e+02 9.760000000000000000e+02
4.320000000000000000e+02 9.780000000000000000e+02
4.030000000000000000e+02 9.740000000000000000e+02
3.710000000000000000e+02 9.590000000000000000e+02
3.560000000000000000e+02 9.270000000000000000e+02
4.080000000000000000e+02 9.200000000000000000e+02
4.350000000000000000e+02 9.230000000000000000e+02
4.630000000000000000e+02 9.210000000000000000e+02
5.230000000000000000e+02 9.290000000000000000e+02
4.610000000000000000e+02 9.250000000000000000e+02
4.330000000000000000e+02 9.270000000000000000e+02
4.060000000000000000e+02 9.230000000000000000e+02
