1.230000000000000000e+02 6.250000000000000000e+02
1.300000000000000000e+02 7.080000000000000000e+02
1.400000000000000000e+02 7.890000000000000000e+02
1.550000000000000000e+02 8.710000000000000000e+02
1.820000000000000000e+02 9.510000000000000000e+02
2.280000000000000000e+02 1.018000000000000000e+03
2.910000000000000000e+02 1.069000000000000000e+03
3.590000000000000000e+02 1.109000000000000000e+03
4.370000000000000000e+02 1.119000000000000000e+03
5.190000000000000000e+02 1.112000000000000000e+03
5.930000000000000000e+02 1.072000000000000000e+03
6.640000000000000000e+02 1.022000000000000000e+03
7.160000000000000000e+02 9.540000000000000000e+02
7.460000000000000000e+02 8.750000000000000000e+02
7.610000000000000000e+02 7.920000000000000000e+02
7.650000000000000000e+02 7.060000000000000000e+02
7.680000000000000000e+02 6.210000000000000000e+02
1.790000000000000000e+02 6.070000000000000000e+02
2.180000000000000000e+02 5.710000000000000000e+02
2.760000000000000000e+02 5.590000000000000000e+02
3.400000000000000000e+02 5.580000000000000000e+02
4.010000000000000000e+02 5.730000000000000000e+02
4.750000000000000000e+02 5.720000000000000000e+02
5.340000000000000000e+02 5.540000000000000000e+02
5.980000000000000000e+02 5.520000000000000000e+02
6.570000000000000000e+02 5.630000000000000000e+02
7.010000000000000000e+02 5.990000000000000000e+02
4.380000000000000000e+02 6.250000000000000000e+02
4.380000000000000000e+02 6.680000000000000000e+02
4.380000000000000000e+02 7.100000000000000000e+02
4.380000000000000000e+02 7.550000000000000000e+02
3.770000000000000000e+02 8.080000000000000000e+02
4.070000000000000000e+02 8.170000000000000000e+02
4.390000000000000000e+02 8.230000000000000000e+02
4.710000000000000000e+02 8.170000000000000000e+02
5.020000000000000000e+02 8.090000000000000000e+02
2.490000000000000000e+02 6.320000000000000000e+02
2.830000000000000000e+02 6.110000000000000000e+02
3.230000000000000000e+02 6.100000000000000000e+02
3.600000000000000000e+02 6.350000000000000000e+02
3.220000000000000000e+02 6.450000000000000000e+02
2.820000000000000000e+02 6.460000000000000000e+02
5.190000000000000000e+02 6.320000000000000000e+02
5.540000000000000000e+02 6.050000000000000000e+02
5.950000000000000000e+02 6.040000000000000000e+02
6.310000000000000000e+02 6.240000000000000000e+02
5.970000000000000000e+02 6.400000000000000000e+02
5.570000000000000000e+02 6.400000000000000000e+02
3.370000000000000000e+02 9.240000000000000000e+02
3.750000000000000000e+02 8.990000000000000000e+02
4.080000000000000000e+02 8.900000000000000000e+02
4.370000000000000000e+02 8.970000000000000000e+02
4.660000000000000000e+02 8.910000000000000000e+02
5.020000000000000000e+02 9.030000000000000000e+02
5.440000000000000000e+02 9.300000000000000000e+02
5.020000000000000000e+02 9.360000000000000000e+02
4.650000000000000000e+02 9.380000000000000000e+02
4.360000000000000000e+02 9.380000000000000000e+02
4.070000000000000000e+02 9.360000000000000000e+02
3.750000000000000000e+02 9.310000000000000000e+02
3.530000000000000000e+02 9.190000000000000000e+02
4.080000000000000000e+02 9.070000000000000000e+02
4.370000000000000000e+02 9.120000000000000000e+02
4.660000000000000000e+02 9.090000000000000000e+02
5.270000000000000000e+02 9.230000000000000000e+02
4.640000000000000000e+02 9.110000000000000000e+02
4.360000000000000000e+02 9.130000000000000000e+02
4.070000000000000000e+02 9.090000000000000000e+02
