1.450000000000000000e+02 6.150000000000000000e+02
1.500000000000000000e+02 7.000000000000000000e+02
1.660000000000000000e+02 7.800000000000000000e+02
1.840000000000000000e+02 8.590000000000000000e+02
2.070000000000000000e+02 9.400000000000000000e+02
2.430000000000000000e+02 1.015000000000000000e+03
2.930000000000000000e+02 1.078000000000000000e+03
3.570000000000000000e+02 1.124000000000000000e+03
4.330000000000000000e+02 1.138000000000000000e+03
5.110000000000000000e+02 1.126000000000000000e+03
5.820000000000000000e+02 1.085000000000000000e+03
6.380000000000000000e+02 1.025000000000000000e+03
6.790000000000000000e+02 9.510000000000000000e+02
7.050000000000000000e+02 8.730000000000000000e+02
7.240000000000000000e+02 7.930000000000000000e+02
7.370000000000000000e+02 7.140000000000000000e+02
7.430000000000000000e+02 6.290000000000000000e+02
1.910000000000000000e+02 5.960000000000000000e+02
2.240000000000000000e+02 5.470000000000000000e+02
2.830000000000000000e+02 5.290000000000000000e+02
3.460000000000000000e+02 5.320000000000000000e+02
4.060000000000000000e+02 5.470000000000000000e+02
4.720000000000000000e+02 5.430000000000000000e+02
5.320000000000000000e+02 5.270000000000000000e+02
5.960000000000000000e+02 5.270000000000000000e+02
6.570000000000000000e+02 5.510000000000000000e+02
6.920000000000000000e+02 6.010000000000000000e+02
4.370000000000000000e+02 6.030000000000000000e+02
4.340000000000000000e+02 6.600000000000000000e+02
4.310000000000000000e+02 7.180000000000000000e+02
4.280000000000000000e+02 7.780000000000000000e+02
3.760000000000000000e+02 8.160000000000000000e+02
4.010000000000000000e+02 8.280000000000000000e+02
4.300000000000000000e+02 8.370000000000000000e+02
4.610000000000000000e+02 8.290000000000000000e+02
4.900000000000000000e+02 8.180000000000000000e+02
2.490000000000000000e+02 6.260000000000000000e+02
2.820000000000000000e+02 6.060000000000000000e+02
3.220000000000000000e+02 6.050000000000000000e+02
3.630000000000000000e+02 6.290000000000000000e+02
3.230000000000000000e+02 6.400000000000000000e+02
2.820000000000000000e+02 6.420000000000000000e+02
5.170000000000000000e+02 6.280000000000000000e+02
5.560000000000000000e+02 6.050000000000000000e+02
5.960000000000000000e+02 6.080000000000000000e+02
6.300000000000000000e+02 6.300000000000000000e+02
5.970000000000000000e+02 6.430000000000000000e+02
5.570000000000000000e+02 6.400000000000000000e+02
3.420000000000000000e+02 9.310000000000000000e+02
3.760000000000000000e+02 9.110000000000000000e+02
4.090000000000000000e+02 9.010000000000000000e+02
4.350000000000000000e+02 9.080000000000000000e+02
4.630000000000000000e+02 9.000000000000000000e+02
4.960000000000000000e+02 9.120000000000000000e+02
5.360000000000000000e+02 9.320000000000000000e+02
4.970000000000000000e+02 9.540000000000000000e+02
4.630000000000000000e+02 9.600000000000000000e+02
4.340000000000000000e+02 9.620000000000000000e+02
4.080000000000000000e+02 9.600000000000000000e+02
3.760000000000000000e+02 9.540000000000000000e+02
3.580000000000000000e+02 9.290000000000000000e+02
4.090000000000000000e+02 9.220000000000000000e+02
4.350000000000000000e+02 9.260000000000000000e+02
4.630000000000000000e+02 9.220000000000000000e+02
5.180000000000000000e+02 9.300000000000000000e+02
4.620000000000000000e+02 9.220000000000000000e+02
4.340000000000000000e+02 9.250000000000000000e+02
4.080000000000000000e+02 9.220000000000000000e+02
