1.270000000000000000e+02 6.380000000000000000e+02
1.290000000000000000e+02 7.190000000000000000e+02
1.370000000000000000e+02 8.010000000000000000e+02
1.540000000000000000e+02 8.830000000000000000e+02
1.780000000000000000e+02 9.620000000000000000e+02
2.260000000000000000e+02 1.032000000000000000e+03
2.910000000000000000e+02 1.089000000000000000e+03
3.660000000000000000e+02 1.129000000000000000e+03
4.480000000000000000e+02 1.140000000000000000e+03
5.300000000000000000e+02 1.131000000000000000e+03
6.040000000000000000e+02 1.093000000000000000e+03
6.640000000000000000e+02 1.034000000000000000e+03
7.070000000000000000e+02 9.630000000000000000e+02
7.290000000000000000e+02 8.830000000000000000e+02
7.440000000000000000e+02 8.040000000000000000e+02
7.540000000000000000e+02 7.240000000000000000e+02
7.580000000000000000e+02 6.440000000000000000e+02
1.850000000000000000e+02 5.950000000000000000e+02
2.200000000000000000e+02 5.500000000000000000e+02
2.780000000000000000e+02 5.360000000000000000e+02
3.390000000000000000e+02 5.400000000000000000e+02
3.980000000000000000e+02 5.600000000000000000e+02
4.830000000000000000e+02 5.620000000000000000e+02
5.440000000000000000e+02 5.450000000000000000e+02
6.070000000000000000e+02 5.440000000000000000e+02
6.650000000000000000e+02 5.640000000000000000e+02
7.010000000000000000e+02 6.100000000000000000e+02
4.410000000000000000e+02 6.090000000000000000e+02
4.410000000000000000e+02 6.510000000000000000e+02
4.410000000000000000e+02 6.940000000000000000e+02
4.410000000000000000e+02 7.410000000000000000e+02
3.880000000000000000e+02 8.020000000000000000e+02
4.130000000000000000e+02 8.100000000000000000e+02
4.410000000000000000e+02 8.140000000000000000e+02
4.680000000000000000e+02 8.100000000000000000e+02
4.930000000000000000e+02 8.040000000000000000e+02
2.490000000000000000e+02 6.320000000000000000e+02
2.820000000000000000e+02 6.060000000000000000e+02
3.240000000000000000e+02 6.060000000000000000e+02
3.650000000000000000e+02 6.350000000000000000e+02
3.240000000000000000e+02 6.420000000000000000e+02
2.820000000000000000e+02 6.440000000000000000e+02
5.140000000000000000e+02 6.400000000000000000e+02
5.570000000000000000e+02 6.130000000000000000e+02
5.990000000000000000e+02 6.160000000000000000e+02
6.320000000000000000e+02 6.430000000000000000e+02
5.980000000000000000e+02 6.530000000000000000e+02
5.560000000000000000e+02 6.490000000000000000e+02
3.390000000000000000e+02 9.080000000000000000e+02
3.800000000000000000e+02 8.910000000000000000e+02
4.150000000000000000e+02 8.800000000000000000e+02
4.420000000000000000e+02 8.860000000000000000e+02
4.680000000000000000e+02 8.800000000000000000e+02
5.050000000000000000e+02 8.920000000000000000e+02
5.470000000000000000e+02 9.130000000000000000e+02
5.070000000000000000e+02 9.400000000000000000e+02
4.710000000000000000e+02 9.510000000000000000e+02
4.430000000000000000e+02 9.530000000000000000e+02
4.140000000000000000e+02 9.500000000000000000e+02
3.790000000000000000e+02 9.380000000000000000e+02
3.570000000000000000e+02 9.110000000000000000e+02
4.140000000000000000e+02 9.090000000000000000e+02
4.420000000000000000e+02 9.120000000000000000e+02
4.680000000000000000e+02 9.090000000000000000e+02
5.300000000000000000e+02 9.130000000000000000e+02
4.690000000000000000e+02 9.100000000000000000e+02
4.420000000000000000e+02 9.130000000000000000e+02
4.160000000000000000e+02 9.090000000000000000e+02
