1.250000000000000000e+02 6.410000000000000000e+02
1.300000000000000000e+02 7.190000000000000000e+02
1.380000000000000000e+02 7.940000000000000000e+02
1.480000000000000000e+02 8.710000000000000000e+02
1.670000000000000000e+02 9.480000000000000000e+02
2.100000000000000000e+02 1.014000000000000000e+03
2.770000000000000000e+02 1.061000000000000000e+03
3.560000000000000000e+02 1.095000000000000000e+03
4.440000000000000000e+02 1.104000000000000000e+03
5.340000000000000000e+02 1.097000000000000000e+03
6.170000000000000000e+02 1.067000000000000000e+03
6.860000000000000000e+02 1.022000000000000000e+03
7.300000000000000000e+02 9.580000000000000000e+02
7.510000000000000000e+02 8.830000000000000000e+02
7.620000000000000000e+02 8.060000000000000000e+02
7.680000000000000000e+02 7.320000000000000000e+02
7.730000000000000000e+02 6.540000000000000000e+02
1.840000000000000000e+02 5.810000000000000000e+02
2.210000000000000000e+02 5.380000000000000000e+02
2.800000000000000000e+02 5.240000000000000000e+02
3.430000000000000000e+02 5.290000000000000000e+02
4.010000000000000000e+02 5.510000000000000000e+02
4.710000000000000000e+02 5.520000000000000000e+02
5.310000000000000000e+02 5.310000000000000000e+02
5.980000000000000000e+02 5.300000000000000000e+02
6.580000000000000000e+02 5.510000000000000000e+02
7.000000000000000000e+02 5.940000000000000000e+02
4.370000000000000000e+02 6.190000000000000000e+02
4.360000000000000000e+02 6.660000000000000000e+02
4.340000000000000000e+02 7.130000000000000000e+02
4.320000000000000000e+02 7.620000000000000000e+02
3.820000000000000000e+02 8.100000000000000000e+02
4.070000000000000000e+02 8.190000000000000000e+02
4.340000000000000000e+02 8.270000000000000000e+02
4.620000000000000000e+02 8.210000000000000000e+02
4.900000000000000000e+02 8.150000000000000000e+02
2.510000000000000000e+02 6.310000000000000000e+02
2.840000000000000000e+02 6.120000000000000000e+02
3.240000000000000000e+02 6.130000000000000000e+02
3.610000000000000000e+02 6.370000000000000000e+02
3.220000000000000000e+02 6.480000000000000000e+02
2.820000000000000000e+02 6.470000000000000000e+02
5.220000000000000000e+02 6.430000000000000000e+02
5.580000000000000000e+02 6.210000000000000000e+02
5.980000000000000000e+02 6.210000000000000000e+02
6.310000000000000000e+02 6.420000000000000000e+02
6.000000000000000000e+02 6.560000000000000000e+02
5.580000000000000000e+02 6.550000000000000000e+02
3.310000000000000000e+02 9.200000000000000000e+02
3.710000000000000000e+02 8.930000000000000000e+02
4.070000000000000000e+02 8.790000000000000000e+02
4.360000000000000000e+02 8.860000000000000000e+02
4.650000000000000000e+02 8.790000000000000000e+02
5.050000000000000000e+02 8.950000000000000000e+02
5.510000000000000000e+02 9.220000000000000000e+02
5.080000000000000000e+02 9.390000000000000000e+02
4.690000000000000000e+02 9.430000000000000000e+02
4.380000000000000000e+02 9.450000000000000000e+02
4.080000000000000000e+02 9.420000000000000000e+02
3.720000000000000000e+02 9.370000000000000000e+02
3.470000000000000000e+02 9.180000000000000000e+02
4.080000000000000000e+02 9.070000000000000000e+02
4.370000000000000000e+02 9.100000000000000000e+02
4.660000000000000000e+02 9.070000000000000000e+02
5.330000000000000000e+02 9.190000000000000000e+02
4.670000000000000000e+02 9.090000000000000000e+02
4.370000000000000000e+02 9.110000000000000000e+02
4.080000000000000000e+02 9.080000000000000000e+02
