1.220000000000000000e+02 6.340000000000000000e+02
1.310000000000000000e+02 7.220000000000000000e+02
1.430000000000000000e+02 8.070000000000000000e+02
1.610000000000000000e+02 8.890000000000000000e+02
1.920000000000000000e+02 9.630000000000000000e+02
2.400000000000000000e+02 1.026000000000000000e+03
3.000000000000000000e+02 1.079000000000000000e+03
3.700000000000000000e+02 1.115000000000000000e+03
4.450000000000000000e+02 1.126000000000000000e+03
5.190000000000000000e+02 1.116000000000000000e+03
5.860000000000000000e+02 1.079000000000000000e+03
6.410000000000000000e+02 1.020000000000000000e+03
6.820000000000000000e+02 9.530000000000000000e+02
7.070000000000000000e+02 8.790000000000000000e+02
7.240000000000000000e+02 8.040000000000000000e+02
7.340000000000000000e+02 7.250000000000000000e+02
7.410000000000000000e+02 6.410000000000000000e+02
2.000000000000000000e+02 5.880000000000000000e+02
2.310000000000000000e+02 5.410000000000000000e+02
2.890000000000000000e+02 5.210000000000000000e+02
3.490000000000000000e+02 5.300000000000000000e+02
4.060000000000000000e+02 5.490000000000000000e+02
4.800000000000000000e+02 5.580000000000000000e+02
5.370000000000000000e+02 5.390000000000000000e+02
5.970000000000000000e+02 5.320000000000000000e+02
6.530000000000000000e+02 5.520000000000000000e+02
6.830000000000000000e+02 6.020000000000000000e+02
4.450000000000000000e+02 6.050000000000000000e+02
4.450000000000000000e+02 6.590000000000000000e+02
4.450000000000000000e+02 7.130000000000000000e+02
4.440000000000000000e+02 7.710000000000000000e+02
3.800000000000000000e+02 8.050000000000000000e+02
4.090000000000000000e+02 8.160000000000000000e+02
4.420000000000000000e+02 8.250000000000000000e+02
4.740000000000000000e+02 8.180000000000000000e+02
5.040000000000000000e+02 8.080000000000000000e+02
2.630000000000000000e+02 6.160000000000000000e+02
2.940000000000000000e+02 5.910000000000000000e+02
3.340000000000000000e+02 5.900000000000000000e+02
3.700000000000000000e+02 6.210000000000000000e+02
3.330000000000000000e+02 6.280000000000000000e+02
2.930000000000000000e+02 6.290000000000000000e+02
5.130000000000000000e+02 6.260000000000000000e+02
5.490000000000000000e+02 5.970000000000000000e+02
5.890000000000000000e+02 6.000000000000000000e+02
6.220000000000000000e+02 6.260000000000000000e+02
5.900000000000000000e+02 6.370000000000000000e+02
5.500000000000000000e+02 6.350000000000000000e+02
3.350000000000000000e+02 9.110000000000000000e+02
3.760000000000000000e+02 9.000000000000000000e+02
4.130000000000000000e+02 8.890000000000000000e+02
4.400000000000000000e+02 8.970000000000000000e+02
4.670000000000000000e+02 8.890000000000000000e+02
5.000000000000000000e+02 9.010000000000000000e+02
5.390000000000000000e+02 9.130000000000000000e+02
4.970000000000000000e+02 9.380000000000000000e+02
4.670000000000000000e+02 9.430000000000000000e+02
4.400000000000000000e+02 9.440000000000000000e+02
4.110000000000000000e+02 9.410000000000000000e+02
3.750000000000000000e+02 9.330000000000000000e+02
3.520000000000000000e+02 9.130000000000000000e+02
4.120000000000000000e+02 9.120000000000000000e+02
4.400000000000000000e+02 9.160000000000000000e+02
4.670000000000000000e+02 9.130000000000000000e+02
5.220000000000000000e+02 9.150000000000000000e+02
4.670000000000000000e+02 9.160000000000000000e+02
4.400000000000000000e+02 9.190000000000000000e+02
4.120000000000000000e+02 9.160000000000000000e+02
