1.160000000000000000e+02 6.500000000000000000e+02
1.290000000000000000e+02 7.320000000000000000e+02
1.460000000000000000e+02 8.100000000000000000e+02
1.630000000000000000e+02 8.910000000000000000e+02
1.900000000000000000e+02 9.660000000000000000e+02
2.320000000000000000e+02 1.029000000000000000e+03
2.940000000000000000e+02 1.076000000000000000e+03
3.650000000000000000e+02 1.107000000000000000e+03
4.420000000000000000e+02 1.116000000000000000e+03
5.180000000000000000e+02 1.101000000000000000e+03
5.860000000000000000e+02 1.066000000000000000e+03
6.440000000000000000e+02 1.018000000000000000e+03
6.830000000000000000e+02 9.560000000000000000e+02
7.060000000000000000e+02 8.850000000000000000e+02
7.180000000000000000e+02 8.080000000000000000e+02
7.310000000000000000e+02 7.320000000000000000e+02
7.390000000000000000e+02 6.540000000000000000e+02
1.880000000000000000e+02 5.860000000000000000e+02
2.270000000000000000e+02 5.500000000000000000e+02
2.830000000000000000e+02 5.380000000000000000e+02
3.400000000000000000e+02 5.470000000000000000e+02
3.930000000000000000e+02 5.690000000000000000e+02
4.940000000000000000e+02 5.660000000000000000e+02
5.420000000000000000e+02 5.400000000000000000e+02
5.940000000000000000e+02 5.290000000000000000e+02
6.460000000000000000e+02 5.430000000000000000e+02
6.810000000000000000e+02 5.800000000000000000e+02
4.450000000000000000e+02 6.170000000000000000e+02
4.460000000000000000e+02 6.690000000000000000e+02
4.470000000000000000e+02 7.210000000000000000e+02
4.470000000000000000e+02 7.760000000000000000e+02
3.930000000000000000e+02 8.110000000000000000e+02
4.170000000000000000e+02 8.230000000000000000e+02
4.440000000000000000e+02 8.310000000000000000e+02
4.690000000000000000e+02 8.230000000000000000e+02
4.930000000000000000e+02 8.120000000000000000e+02
2.530000000000000000e+02 6.280000000000000000e+02
2.860000000000000000e+02 6.050000000000000000e+02
3.280000000000000000e+02 6.030000000000000000e+02
3.600000000000000000e+02 6.330000000000000000e+02
3.260000000000000000e+02 6.420000000000000000e+02
2.850000000000000000e+02 6.430000000000000000e+02
5.220000000000000000e+02 6.350000000000000000e+02
5.540000000000000000e+02 6.060000000000000000e+02
5.940000000000000000e+02 6.060000000000000000e+02
6.240000000000000000e+02 6.320000000000000000e+02
5.960000000000000000e+02 6.460000000000000000e+02
5.570000000000000000e+02 6.450000000000000000e+02
3.370000000000000000e+02 9.270000000000000000e+02
3.770000000000000000e+02 9.010000000000000000e+02
4.160000000000000000e+02 8.870000000000000000e+02
4.420000000000000000e+02 8.950000000000000000e+02
4.680000000000000000e+02 8.880000000000000000e+02
5.050000000000000000e+02 9.040000000000000000e+02
5.430000000000000000e+02 9.310000000000000000e+02
5.040000000000000000e+02 9.480000000000000000e+02
4.680000000000000000e+02 9.530000000000000000e+02
4.410000000000000000e+02 9.540000000000000000e+02
4.130000000000000000e+02 9.520000000000000000e+02
3.770000000000000000e+02 9.450000000000000000e+02
3.540000000000000000e+02 9.250000000000000000e+02
4.150000000000000000e+02 9.170000000000000000e+02
4.410000000000000000e+02 9.190000000000000000e+02
4.680000000000000000e+02 9.180000000000000000e+02
5.270000000000000000e+02 9.290000000000000000e+02
4.670000000000000000e+02 9.200000000000000000e+02
4.410000000000000000e+02 9.200000000000000000e+02
4.160000000000000000e+02 9.170000000000000000e+02
