1.230000000000000000e+02 6.260000000000000000e+02
1.310000000000000000e+02 7.130000000000000000e+02
1.420000000000000000e+02 8.010000000000000000e+02
1.570000000000000000e+02 8.880000000000000000e+02
1.870000000000000000e+02 9.620000000000000000e+02
2.330000000000000000e+02 1.029000000000000000e+03
2.970000000000000000e+02 1.082000000000000000e+03
3.680000000000000000e+02 1.117000000000000000e+03
4.460000000000000000e+02 1.127000000000000000e+03
5.230000000000000000e+02 1.109000000000000000e+03
5.880000000000000000e+02 1.067000000000000000e+03
6.440000000000000000e+02 1.012000000000000000e+03
6.830000000000000000e+02 9.440000000000000000e+02
7.030000000000000000e+02 8.680000000000000000e+02
7.170000000000000000e+02 7.900000000000000000e+02
7.300000000000000000e+02 7.060000000000000000e+02
7.380000000000000000e+02 6.240000000000000000e+02
1.940000000000000000e+02 5.980000000000000000e+02
2.310000000000000000e+02 5.580000000000000000e+02
2.880000000000000000e+02 5.430000000000000000e+02
3.480000000000000000e+02 5.510000000000000000e+02
4.040000000000000000e+02 5.700000000000000000e+02
4.880000000000000000e+02 5.720000000000000000e+02
5.410000000000000000e+02 5.530000000000000000e+02
5.990000000000000000e+02 5.450000000000000000e+02
6.540000000000000000e+02 5.620000000000000000e+02
6.850000000000000000e+02 6.080000000000000000e+02
4.460000000000000000e+02 6.070000000000000000e+02
4.460000000000000000e+02 6.650000000000000000e+02
4.460000000000000000e+02 7.210000000000000000e+02
4.470000000000000000e+02 7.810000000000000000e+02
3.810000000000000000e+02 8.190000000000000000e+02
4.120000000000000000e+02 8.240000000000000000e+02
4.450000000000000000e+02 8.300000000000000000e+02
4.770000000000000000e+02 8.240000000000000000e+02
5.070000000000000000e+02 8.160000000000000000e+02
2.600000000000000000e+02 6.160000000000000000e+02
2.910000000000000000e+02 5.940000000000000000e+02
3.270000000000000000e+02 5.920000000000000000e+02
3.570000000000000000e+02 6.200000000000000000e+02
3.260000000000000000e+02 6.220000000000000000e+02
2.910000000000000000e+02 6.240000000000000000e+02
5.230000000000000000e+02 6.230000000000000000e+02
5.560000000000000000e+02 5.950000000000000000e+02
5.920000000000000000e+02 5.970000000000000000e+02
6.220000000000000000e+02 6.220000000000000000e+02
5.920000000000000000e+02 6.290000000000000000e+02
5.560000000000000000e+02 6.260000000000000000e+02
3.250000000000000000e+02 9.140000000000000000e+02
3.700000000000000000e+02 9.050000000000000000e+02
4.100000000000000000e+02 9.000000000000000000e+02
4.430000000000000000e+02 9.080000000000000000e+02
4.750000000000000000e+02 8.990000000000000000e+02
5.140000000000000000e+02 9.040000000000000000e+02
5.560000000000000000e+02 9.130000000000000000e+02
5.150000000000000000e+02 9.360000000000000000e+02
4.780000000000000000e+02 9.480000000000000000e+02
4.460000000000000000e+02 9.520000000000000000e+02
4.120000000000000000e+02 9.470000000000000000e+02
3.710000000000000000e+02 9.350000000000000000e+02
3.400000000000000000e+02 9.140000000000000000e+02
4.100000000000000000e+02 9.190000000000000000e+02
4.430000000000000000e+02 9.230000000000000000e+02
4.760000000000000000e+02 9.180000000000000000e+02
5.420000000000000000e+02 9.140000000000000000e+02
4.770000000000000000e+02 9.190000000000000000e+02
4.450000000000000000e+02 9.240000000000000000e+02
4.120000000000000000e+02 9.190000000000000000e+02
