1.390000000000000000e+02 6.780000000000000000e+02
1.440000000000000000e+02 7.570000000000000000e+02
1.550000000000000000e+02 8.370000000000000000e+02
1.730000000000000000e+02 9.110000000000000000e+02
2.010000000000000000e+02 9.830000000000000000e+02
2.430000000000000000e+02 1.039000000000000000e+03
3.020000000000000000e+02 1.074000000000000000e+03
3.670000000000000000e+02 1.095000000000000000e+03
4.420000000000000000e+02 1.098000000000000000e+03
5.200000000000000000e+02 1.092000000000000000e+03
5.910000000000000000e+02 1.068000000000000000e+03
6.540000000000000000e+02 1.031000000000000000e+03
6.990000000000000000e+02 9.770000000000000000e+02
7.280000000000000000e+02 9.110000000000000000e+02
7.490000000000000000e+02 8.400000000000000000e+02
7.610000000000000000e+02 7.620000000000000000e+02
7.690000000000000000e+02 6.820000000000000000e+02
1.960000000000000000e+02 5.720000000000000000e+02
2.270000000000000000e+02 5.300000000000000000e+02
2.810000000000000000e+02 5.190000000000000000e+02
3.360000000000000000e+02 5.290000000000000000e+02
3.900000000000000000e+02 5.500000000000000000e+02
4.750000000000000000e+02 5.620000000000000000e+02
5.300000000000000000e+02 5.460000000000000000e+02
5.900000000000000000e+02 5.410000000000000000e+02
6.480000000000000000e+02 5.550000000000000000e+02
6.860000000000000000e+02 5.950000000000000000e+02
4.380000000000000000e+02 6.030000000000000000e+02
4.370000000000000000e+02 6.540000000000000000e+02
4.360000000000000000e+02 7.040000000000000000e+02
4.370000000000000000e+02 7.560000000000000000e+02
3.700000000000000000e+02 8.100000000000000000e+02
4.020000000000000000e+02 8.160000000000000000e+02
4.380000000000000000e+02 8.210000000000000000e+02
4.730000000000000000e+02 8.150000000000000000e+02
5.060000000000000000e+02 8.050000000000000000e+02
2.510000000000000000e+02 6.240000000000000000e+02
2.800000000000000000e+02 6.010000000000000000e+02
3.180000000000000000e+02 6.000000000000000000e+02
3.520000000000000000e+02 6.260000000000000000e+02
3.170000000000000000e+02 6.340000000000000000e+02
2.790000000000000000e+02 6.350000000000000000e+02
5.250000000000000000e+02 6.330000000000000000e+02
5.600000000000000000e+02 6.120000000000000000e+02
5.990000000000000000e+02 6.160000000000000000e+02
6.300000000000000000e+02 6.390000000000000000e+02
5.970000000000000000e+02 6.470000000000000000e+02
5.580000000000000000e+02 6.430000000000000000e+02
3.240000000000000000e+02 9.330000000000000000e+02
3.660000000000000000e+02 9.050000000000000000e+02
4.040000000000000000e+02 8.890000000000000000e+02
4.370000000000000000e+02 8.950000000000000000e+02
4.670000000000000000e+02 8.860000000000000000e+02
5.050000000000000000e+02 8.980000000000000000e+02
5.470000000000000000e+02 9.260000000000000000e+02
5.060000000000000000e+02 9.310000000000000000e+02
4.710000000000000000e+02 9.340000000000000000e+02
4.390000000000000000e+02 9.360000000000000000e+02
4.060000000000000000e+02 9.370000000000000000e+02
3.680000000000000000e+02 9.360000000000000000e+02
3.380000000000000000e+02 9.270000000000000000e+02
4.040000000000000000e+02 9.090000000000000000e+02
4.370000000000000000e+02 9.110000000000000000e+02
4.680000000000000000e+02 9.070000000000000000e+02
5.330000000000000000e+02 9.210000000000000000e+02
4.690000000000000000e+02 9.060000000000000000e+02
4.390000000000000000e+02 9.090000000000000000e+02
4.060000000000000000e+02 9.080000000000000000e+02
