1.120000000000000000e+02 6.240000000000000000e+02
1.110000000000000000e+02 7.090000000000000000e+02
1.130000000000000000e+02 7.940000000000000000e+02
1.250000000000000000e+02 8.770000000000000000e+02
1.570000000000000000e+02 9.560000000000000000e+02
2.140000000000000000e+02 1.018000000000000000e+03
2.880000000000000000e+02 1.067000000000000000e+03
3.670000000000000000e+02 1.107000000000000000e+03
4.500000000000000000e+02 1.115000000000000000e+03
5.290000000000000000e+02 1.100000000000000000e+03
5.980000000000000000e+02 1.059000000000000000e+03
6.610000000000000000e+02 1.008000000000000000e+03
7.040000000000000000e+02 9.450000000000000000e+02
7.240000000000000000e+02 8.700000000000000000e+02
7.320000000000000000e+02 7.950000000000000000e+02
7.350000000000000000e+02 7.190000000000000000e+02
7.330000000000000000e+02 6.420000000000000000e+02
1.830000000000000000e+02 5.860000000000000000e+02
2.250000000000000000e+02 5.470000000000000000e+02
2.870000000000000000e+02 5.360000000000000000e+02
3.480000000000000000e+02 5.460000000000000000e+02
4.070000000000000000e+02 5.650000000000000000e+02
4.890000000000000000e+02 5.700000000000000000e+02
5.480000000000000000e+02 5.550000000000000000e+02
6.100000000000000000e+02 5.470000000000000000e+02
6.700000000000000000e+02 5.640000000000000000e+02
6.990000000000000000e+02 6.130000000000000000e+02
4.500000000000000000e+02 6.170000000000000000e+02
4.530000000000000000e+02 6.690000000000000000e+02
4.560000000000000000e+02 7.220000000000000000e+02
4.590000000000000000e+02 7.780000000000000000e+02
3.920000000000000000e+02 8.130000000000000000e+02
4.210000000000000000e+02 8.240000000000000000e+02
4.520000000000000000e+02 8.340000000000000000e+02
4.800000000000000000e+02 8.250000000000000000e+02
5.060000000000000000e+02 8.140000000000000000e+02
2.550000000000000000e+02 6.180000000000000000e+02
2.880000000000000000e+02 5.990000000000000000e+02
3.270000000000000000e+02 6.010000000000000000e+02
3.610000000000000000e+02 6.280000000000000000e+02
3.240000000000000000e+02 6.350000000000000000e+02
2.850000000000000000e+02 6.330000000000000000e+02
5.200000000000000000e+02 6.330000000000000000e+02
5.540000000000000000e+02 6.070000000000000000e+02
5.930000000000000000e+02 6.080000000000000000e+02
6.240000000000000000e+02 6.290000000000000000e+02
5.940000000000000000e+02 6.410000000000000000e+02
5.560000000000000000e+02 6.410000000000000000e+02
3.230000000000000000e+02 9.100000000000000000e+02
3.680000000000000000e+02 9.000000000000000000e+02
4.120000000000000000e+02 8.940000000000000000e+02
4.440000000000000000e+02 9.030000000000000000e+02
4.750000000000000000e+02 8.930000000000000000e+02
5.160000000000000000e+02 9.000000000000000000e+02
5.580000000000000000e+02 9.100000000000000000e+02
5.190000000000000000e+02 9.350000000000000000e+02
4.800000000000000000e+02 9.460000000000000000e+02
4.480000000000000000e+02 9.490000000000000000e+02
4.140000000000000000e+02 9.460000000000000000e+02
3.700000000000000000e+02 9.340000000000000000e+02
3.410000000000000000e+02 9.120000000000000000e+02
4.120000000000000000e+02 9.160000000000000000e+02
4.440000000000000000e+02 9.200000000000000000e+02
4.750000000000000000e+02 9.160000000000000000e+02
5.410000000000000000e+02 9.130000000000000000e+02
4.780000000000000000e+02 9.160000000000000000e+02
4.470000000000000000e+02 9.200000000000000000e+02
4.150000000000000000e+02 9.160000000000000000e+02
