1.580000000000000000e+02 6.520000000000000000e+02
1.590000000000000000e+02 7.300000000000000000e+02
1.730000000000000000e+02 8.080000000000000000e+02
1.870000000000000000e+02 8.840000000000000000e+02
2.070000000000000000e+02 9.600000000000000000e+02
2.420000000000000000e+02 1.026000000000000000e+03
2.980000000000000000e+02 1.073000000000000000e+03
3.650000000000000000e+02 1.103000000000000000e+03
4.420000000000000000e+02 1.107000000000000000e+03
5.180000000000000000e+02 1.099000000000000000e+03
5.880000000000000000e+02 1.068000000000000000e+03
6.440000000000000000e+02 1.018000000000000000e+03
6.810000000000000000e+02 9.520000000000000000e+02
7.010000000000000000e+02 8.770000000000000000e+02
7.150000000000000000e+02 7.990000000000000000e+02
7.230000000000000000e+02 7.210000000000000000e+02
7.190000000000000000e+02 6.410000000000000000e+02
1.860000000000000000e+02 5.810000000000000000e+02
2.240000000000000000e+02 5.470000000000000000e+02
2.780000000000000000e+02 5.390000000000000000e+02
3.340000000000000000e+02 5.490000000000000000e+02
3.890000000000000000e+02 5.690000000000000000e+02
4.950000000000000000e+02 5.600000000000000000e+02
5.460000000000000000e+02 5.310000000000000000e+02
5.990000000000000000e+02 5.140000000000000000e+02
6.540000000000000000e+02 5.230000000000000000e+02
6.900000000000000000e+02 5.620000000000000000e+02
4.420000000000000000e+02 6.120000000000000000e+02
4.420000000000000000e+02 6.650000000000000000e+02
4.420000000000000000e+02 7.180000000000000000e+02
4.410000000000000000e+02 7.720000000000000000e+02
3.840000000000000000e+02 8.090000000000000000e+02
4.110000000000000000e+02 8.210000000000000000e+02
4.400000000000000000e+02 8.310000000000000000e+02
4.710000000000000000e+02 8.220000000000000000e+02
4.980000000000000000e+02 8.110000000000000000e+02
2.520000000000000000e+02 6.260000000000000000e+02
2.840000000000000000e+02 6.010000000000000000e+02
3.280000000000000000e+02 5.980000000000000000e+02
3.640000000000000000e+02 6.290000000000000000e+02
3.260000000000000000e+02 6.400000000000000000e+02
2.820000000000000000e+02 6.430000000000000000e+02
5.150000000000000000e+02 6.260000000000000000e+02
5.520000000000000000e+02 5.890000000000000000e+02
5.960000000000000000e+02 5.860000000000000000e+02
6.290000000000000000e+02 6.120000000000000000e+02
6.010000000000000000e+02 6.340000000000000000e+02
5.570000000000000000e+02 6.350000000000000000e+02
3.260000000000000000e+02 9.190000000000000000e+02
3.660000000000000000e+02 8.970000000000000000e+02
4.070000000000000000e+02 8.880000000000000000e+02
4.370000000000000000e+02 9.000000000000000000e+02
4.680000000000000000e+02 8.920000000000000000e+02
5.110000000000000000e+02 9.020000000000000000e+02
5.540000000000000000e+02 9.230000000000000000e+02
5.120000000000000000e+02 9.540000000000000000e+02
4.700000000000000000e+02 9.670000000000000000e+02
4.360000000000000000e+02 9.680000000000000000e+02
4.020000000000000000e+02 9.630000000000000000e+02
3.630000000000000000e+02 9.460000000000000000e+02
3.440000000000000000e+02 9.190000000000000000e+02
4.060000000000000000e+02 9.190000000000000000e+02
4.370000000000000000e+02 9.240000000000000000e+02
4.690000000000000000e+02 9.230000000000000000e+02
5.370000000000000000e+02 9.250000000000000000e+02
4.680000000000000000e+02 9.230000000000000000e+02
4.360000000000000000e+02 9.250000000000000000e+02
4.050000000000000000e+02 9.200000000000000000e+02
