1.390000000000000000e+02 6.610000000000000000e+02
1.460000000000000000e+02 7.430000000000000000e+02
1.570000000000000000e+02 8.250000000000000000e+02
1.730000000000000000e+02 9.050000000000000000e+02
1.980000000000000000e+02 9.800000000000000000e+02
2.390000000000000000e+02 1.046000000000000000e+03
2.970000000000000000e+02 1.103000000000000000e+03
3.680000000000000000e+02 1.141000000000000000e+03
4.480000000000000000e+02 1.155000000000000000e+03
5.280000000000000000e+02 1.148000000000000000e+03
5.990000000000000000e+02 1.116000000000000000e+03
6.500000000000000000e+02 1.058000000000000000e+03
6.860000000000000000e+02 9.890000000000000000e+02
7.090000000000000000e+02 9.130000000000000000e+02
7.260000000000000000e+02 8.340000000000000000e+02
7.350000000000000000e+02 7.520000000000000000e+02
7.390000000000000000e+02 6.690000000000000000e+02
2.040000000000000000e+02 5.810000000000000000e+02
2.340000000000000000e+02 5.360000000000000000e+02
2.850000000000000000e+02 5.190000000000000000e+02
3.390000000000000000e+02 5.290000000000000000e+02
3.900000000000000000e+02 5.490000000000000000e+02
4.810000000000000000e+02 5.530000000000000000e+02
5.350000000000000000e+02 5.340000000000000000e+02
5.910000000000000000e+02 5.270000000000000000e+02
6.440000000000000000e+02 5.470000000000000000e+02
6.730000000000000000e+02 5.940000000000000000e+02
4.390000000000000000e+02 5.990000000000000000e+02
4.390000000000000000e+02 6.490000000000000000e+02
4.380000000000000000e+02 7.000000000000000000e+02
4.360000000000000000e+02 7.540000000000000000e+02
3.800000000000000000e+02 7.980000000000000000e+02
4.070000000000000000e+02 8.070000000000000000e+02
4.380000000000000000e+02 8.150000000000000000e+02
4.700000000000000000e+02 8.090000000000000000e+02
4.990000000000000000e+02 8.000000000000000000e+02
2.650000000000000000e+02 6.190000000000000000e+02
2.940000000000000000e+02 5.950000000000000000e+02
3.330000000000000000e+02 5.930000000000000000e+02
3.680000000000000000e+02 6.200000000000000000e+02
3.320000000000000000e+02 6.300000000000000000e+02
2.940000000000000000e+02 6.310000000000000000e+02
5.120000000000000000e+02 6.240000000000000000e+02
5.470000000000000000e+02 5.980000000000000000e+02
5.880000000000000000e+02 6.020000000000000000e+02
6.180000000000000000e+02 6.300000000000000000e+02
5.870000000000000000e+02 6.390000000000000000e+02
5.470000000000000000e+02 6.360000000000000000e+02
3.420000000000000000e+02 9.240000000000000000e+02
3.800000000000000000e+02 8.980000000000000000e+02
4.120000000000000000e+02 8.830000000000000000e+02
4.390000000000000000e+02 8.900000000000000000e+02
4.660000000000000000e+02 8.830000000000000000e+02
5.030000000000000000e+02 8.990000000000000000e+02
5.450000000000000000e+02 9.310000000000000000e+02
5.050000000000000000e+02 9.440000000000000000e+02
4.710000000000000000e+02 9.450000000000000000e+02
4.440000000000000000e+02 9.450000000000000000e+02
4.140000000000000000e+02 9.430000000000000000e+02
3.830000000000000000e+02 9.390000000000000000e+02
3.590000000000000000e+02 9.210000000000000000e+02
4.110000000000000000e+02 9.110000000000000000e+02
4.390000000000000000e+02 9.130000000000000000e+02
4.670000000000000000e+02 9.110000000000000000e+02
5.310000000000000000e+02 9.250000000000000000e+02
4.690000000000000000e+02 9.140000000000000000e+02
4.420000000000000000e+02 9.150000000000000000e+02
4.140000000000000000e+02 9.120000000000000000e+02
