1.380000000000000000e+02 6.590000000000000000e+02
1.450000000000000000e+02 7.340000000000000000e+02
1.580000000000000000e+02 8.060000000000000000e+02
1.700000000000000000e+02 8.790000000000000000e+02
1.900000000000000000e+02 9.490000000000000000e+02
2.330000000000000000e+02 1.006000000000000000e+03
2.960000000000000000e+02 1.047000000000000000e+03
3.630000000000000000e+02 1.084000000000000000e+03
4.320000000000000000e+02 1.096000000000000000e+03
5.060000000000000000e+02 1.086000000000000000e+03
5.810000000000000000e+02 1.056000000000000000e+03
6.540000000000000000e+02 1.019000000000000000e+03
7.060000000000000000e+02 9.650000000000000000e+02
7.330000000000000000e+02 8.970000000000000000e+02
7.450000000000000000e+02 8.190000000000000000e+02
7.580000000000000000e+02 7.400000000000000000e+02
7.680000000000000000e+02 6.580000000000000000e+02
1.830000000000000000e+02 5.850000000000000000e+02
2.180000000000000000e+02 5.500000000000000000e+02
2.700000000000000000e+02 5.350000000000000000e+02
3.260000000000000000e+02 5.390000000000000000e+02
3.790000000000000000e+02 5.600000000000000000e+02
4.850000000000000000e+02 5.620000000000000000e+02
5.400000000000000000e+02 5.380000000000000000e+02
5.990000000000000000e+02 5.300000000000000000e+02
6.570000000000000000e+02 5.450000000000000000e+02
6.970000000000000000e+02 5.830000000000000000e+02
4.370000000000000000e+02 6.080000000000000000e+02
4.350000000000000000e+02 6.570000000000000000e+02
4.330000000000000000e+02 7.070000000000000000e+02
4.310000000000000000e+02 7.580000000000000000e+02
3.840000000000000000e+02 8.050000000000000000e+02
4.080000000000000000e+02 8.140000000000000000e+02
4.350000000000000000e+02 8.210000000000000000e+02
4.630000000000000000e+02 8.130000000000000000e+02
4.900000000000000000e+02 8.040000000000000000e+02
2.420000000000000000e+02 6.300000000000000000e+02
2.760000000000000000e+02 6.060000000000000000e+02
3.180000000000000000e+02 6.040000000000000000e+02
3.560000000000000000e+02 6.330000000000000000e+02
3.170000000000000000e+02 6.390000000000000000e+02
2.750000000000000000e+02 6.430000000000000000e+02
5.240000000000000000e+02 6.310000000000000000e+02
5.620000000000000000e+02 6.030000000000000000e+02
6.040000000000000000e+02 6.040000000000000000e+02
6.400000000000000000e+02 6.260000000000000000e+02
6.060000000000000000e+02 6.390000000000000000e+02
5.640000000000000000e+02 6.370000000000000000e+02
3.240000000000000000e+02 9.200000000000000000e+02
3.710000000000000000e+02 8.980000000000000000e+02
4.120000000000000000e+02 8.830000000000000000e+02
4.390000000000000000e+02 8.890000000000000000e+02
4.680000000000000000e+02 8.820000000000000000e+02
5.130000000000000000e+02 8.960000000000000000e+02
5.620000000000000000e+02 9.140000000000000000e+02
5.120000000000000000e+02 9.410000000000000000e+02
4.680000000000000000e+02 9.530000000000000000e+02
4.380000000000000000e+02 9.560000000000000000e+02
4.070000000000000000e+02 9.540000000000000000e+02
3.680000000000000000e+02 9.420000000000000000e+02
3.420000000000000000e+02 9.190000000000000000e+02
4.110000000000000000e+02 9.100000000000000000e+02
4.390000000000000000e+02 9.130000000000000000e+02
4.680000000000000000e+02 9.100000000000000000e+02
5.440000000000000000e+02 9.160000000000000000e+02
4.670000000000000000e+02 9.140000000000000000e+02
4.380000000000000000e+02 9.160000000000000000e+02
4.100000000000000000e+02 9.140000000000000000e+02
