1.250000000000000000e+02 6.400000000000000000e+02
1.320000000000000000e+02 7.300000000000000000e+02
1.430000000000000000e+02 8.160000000000000000e+02
1.570000000000000000e+02 8.980000000000000000e+02
1.830000000000000000e+02 9.750000000000000000e+02
2.330000000000000000e+02 1.034000000000000000e+03
2.970000000000000000e+02 1.077000000000000000e+03
3.670000000000000000e+02 1.110000000000000000e+03
4.400000000000000000e+02 1.118000000000000000e+03
5.160000000000000000e+02 1.106000000000000000e+03
5.880000000000000000e+02 1.071000000000000000e+03
6.580000000000000000e+02 1.027000000000000000e+03
7.100000000000000000e+02 9.690000000000000000e+02
7.390000000000000000e+02 8.990000000000000000e+02
7.500000000000000000e+02 8.190000000000000000e+02
7.580000000000000000e+02 7.330000000000000000e+02
7.660000000000000000e+02 6.450000000000000000e+02
1.840000000000000000e+02 5.980000000000000000e+02
2.200000000000000000e+02 5.560000000000000000e+02
2.750000000000000000e+02 5.420000000000000000e+02
3.350000000000000000e+02 5.450000000000000000e+02
3.930000000000000000e+02 5.650000000000000000e+02
4.830000000000000000e+02 5.670000000000000000e+02
5.390000000000000000e+02 5.460000000000000000e+02
6.010000000000000000e+02 5.420000000000000000e+02
6.600000000000000000e+02 5.630000000000000000e+02
6.950000000000000000e+02 6.110000000000000000e+02
4.370000000000000000e+02 6.120000000000000000e+02
4.370000000000000000e+02 6.690000000000000000e+02
4.360000000000000000e+02 7.260000000000000000e+02
4.370000000000000000e+02 7.840000000000000000e+02
3.680000000000000000e+02 8.170000000000000000e+02
4.010000000000000000e+02 8.260000000000000000e+02
4.370000000000000000e+02 8.340000000000000000e+02
4.740000000000000000e+02 8.240000000000000000e+02
5.070000000000000000e+02 8.120000000000000000e+02
2.520000000000000000e+02 6.230000000000000000e+02
2.850000000000000000e+02 5.990000000000000000e+02
3.230000000000000000e+02 5.980000000000000000e+02
3.570000000000000000e+02 6.260000000000000000e+02
3.220000000000000000e+02 6.300000000000000000e+02
2.840000000000000000e+02 6.310000000000000000e+02
5.120000000000000000e+02 6.290000000000000000e+02
5.460000000000000000e+02 6.020000000000000000e+02
5.860000000000000000e+02 6.050000000000000000e+02
6.200000000000000000e+02 6.300000000000000000e+02
5.860000000000000000e+02 6.360000000000000000e+02
5.460000000000000000e+02 6.340000000000000000e+02
3.020000000000000000e+02 9.050000000000000000e+02
3.560000000000000000e+02 8.980000000000000000e+02
4.010000000000000000e+02 8.890000000000000000e+02
4.340000000000000000e+02 8.950000000000000000e+02
4.670000000000000000e+02 8.860000000000000000e+02
5.090000000000000000e+02 8.930000000000000000e+02
5.600000000000000000e+02 8.990000000000000000e+02
5.090000000000000000e+02 9.250000000000000000e+02
4.700000000000000000e+02 9.360000000000000000e+02
4.350000000000000000e+02 9.400000000000000000e+02
4.000000000000000000e+02 9.380000000000000000e+02
3.550000000000000000e+02 9.280000000000000000e+02
3.190000000000000000e+02 9.060000000000000000e+02
4.000000000000000000e+02 9.040000000000000000e+02
4.340000000000000000e+02 9.070000000000000000e+02
4.680000000000000000e+02 9.020000000000000000e+02
5.430000000000000000e+02 9.010000000000000000e+02
4.680000000000000000e+02 9.040000000000000000e+02
4.350000000000000000e+02 9.090000000000000000e+02
4.010000000000000000e+02 9.070000000000000000e+02
