1.470000000000000000e+02 6.650000000000000000e+02
1.530000000000000000e+02 7.390000000000000000e+02
1.650000000000000000e+02 8.110000000000000000e+02
1.780000000000000000e+02 8.860000000000000000e+02
1.940000000000000000e+02 9.590000000000000000e+02
2.320000000000000000e+02 1.023000000000000000e+03
2.890000000000000000e+02 1.075000000000000000e+03
3.580000000000000000e+02 1.114000000000000000e+03
4.350000000000000000e+02 1.125000000000000000e+03
5.140000000000000000e+02 1.113000000000000000e+03
5.940000000000000000e+02 1.079000000000000000e+03
6.620000000000000000e+02 1.028000000000000000e+03
7.080000000000000000e+02 9.640000000000000000e+02
7.280000000000000000e+02 8.890000000000000000e+02
7.400000000000000000e+02 8.110000000000000000e+02
7.490000000000000000e+02 7.340000000000000000e+02
7.530000000000000000e+02 6.540000000000000000e+02
2.060000000000000000e+02 5.810000000000000000e+02
2.360000000000000000e+02 5.400000000000000000e+02
2.840000000000000000e+02 5.210000000000000000e+02
3.360000000000000000e+02 5.250000000000000000e+02
3.840000000000000000e+02 5.450000000000000000e+02
4.840000000000000000e+02 5.410000000000000000e+02
5.340000000000000000e+02 5.170000000000000000e+02
5.900000000000000000e+02 5.140000000000000000e+02
6.450000000000000000e+02 5.350000000000000000e+02
6.780000000000000000e+02 5.830000000000000000e+02
4.350000000000000000e+02 6.020000000000000000e+02
4.340000000000000000e+02 6.570000000000000000e+02
4.330000000000000000e+02 7.100000000000000000e+02
4.330000000000000000e+02 7.650000000000000000e+02
3.910000000000000000e+02 8.160000000000000000e+02
4.130000000000000000e+02 8.220000000000000000e+02
4.360000000000000000e+02 8.270000000000000000e+02
4.620000000000000000e+02 8.200000000000000000e+02
4.870000000000000000e+02 8.120000000000000000e+02
2.600000000000000000e+02 6.320000000000000000e+02
2.900000000000000000e+02 6.080000000000000000e+02
3.270000000000000000e+02 6.070000000000000000e+02
3.610000000000000000e+02 6.350000000000000000e+02
3.260000000000000000e+02 6.420000000000000000e+02
2.890000000000000000e+02 6.430000000000000000e+02
5.180000000000000000e+02 6.320000000000000000e+02
5.520000000000000000e+02 6.050000000000000000e+02
5.890000000000000000e+02 6.030000000000000000e+02
6.200000000000000000e+02 6.270000000000000000e+02
5.910000000000000000e+02 6.370000000000000000e+02
5.530000000000000000e+02 6.380000000000000000e+02
3.240000000000000000e+02 9.100000000000000000e+02
3.670000000000000000e+02 8.980000000000000000e+02
4.080000000000000000e+02 8.900000000000000000e+02
4.390000000000000000e+02 8.970000000000000000e+02
4.690000000000000000e+02 8.890000000000000000e+02
5.120000000000000000e+02 8.960000000000000000e+02
5.610000000000000000e+02 9.050000000000000000e+02
5.120000000000000000e+02 9.330000000000000000e+02
4.700000000000000000e+02 9.440000000000000000e+02
4.390000000000000000e+02 9.470000000000000000e+02
4.060000000000000000e+02 9.440000000000000000e+02
3.680000000000000000e+02 9.330000000000000000e+02
3.390000000000000000e+02 9.140000000000000000e+02
4.070000000000000000e+02 9.110000000000000000e+02
4.380000000000000000e+02 9.160000000000000000e+02
4.690000000000000000e+02 9.110000000000000000e+02
5.450000000000000000e+02 9.090000000000000000e+02
4.690000000000000000e+02 9.140000000000000000e+02
4.380000000000000000e+02 9.180000000000000000e+02
4.070000000000000000e+02 9.140000000000000000e+02
