1.290000000000000000e+02 6.790000000000000000e+02
1.390000000000000000e+02 7.570000000000000000e+02
1.530000000000000000e+02 8.370000000000000000e+02
1.660000000000000000e+02 9.130000000000000000e+02
1.880000000000000000e+02 9.880000000000000000e+02
2.280000000000000000e+02 1.052000000000000000e+03
2.880000000000000000e+02 1.100000000000000000e+03
3.590000000000000000e+02 1.132000000000000000e+03
4.440000000000000000e+02 1.140000000000000000e+03
5.290000000000000000e+02 1.126000000000000000e+03
6.020000000000000000e+02 1.090000000000000000e+03
6.590000000000000000e+02 1.038000000000000000e+03
6.940000000000000000e+02 9.710000000000000000e+02
7.100000000000000000e+02 8.980000000000000000e+02
7.230000000000000000e+02 8.270000000000000000e+02
7.380000000000000000e+02 7.510000000000000000e+02
7.470000000000000000e+02 6.730000000000000000e+02
1.910000000000000000e+02 5.930000000000000000e+02
2.270000000000000000e+02 5.510000000000000000e+02
2.810000000000000000e+02 5.350000000000000000e+02
3.410000000000000000e+02 5.350000000000000000e+02
3.980000000000000000e+02 5.510000000000000000e+02
4.880000000000000000e+02 5.550000000000000000e+02
5.450000000000000000e+02 5.410000000000000000e+02
6.040000000000000000e+02 5.360000000000000000e+02
6.590000000000000000e+02 5.530000000000000000e+02
6.910000000000000000e+02 5.970000000000000000e+02
4.460000000000000000e+02 5.930000000000000000e+02
4.450000000000000000e+02 6.420000000000000000e+02
4.440000000000000000e+02 6.890000000000000000e+02
4.440000000000000000e+02 7.410000000000000000e+02
3.800000000000000000e+02 7.880000000000000000e+02
4.090000000000000000e+02 7.960000000000000000e+02
4.400000000000000000e+02 8.030000000000000000e+02
4.740000000000000000e+02 7.970000000000000000e+02
5.040000000000000000e+02 7.870000000000000000e+02
2.550000000000000000e+02 6.270000000000000000e+02
2.860000000000000000e+02 6.010000000000000000e+02
3.250000000000000000e+02 5.990000000000000000e+02
3.640000000000000000e+02 6.220000000000000000e+02
3.260000000000000000e+02 6.310000000000000000e+02
2.870000000000000000e+02 6.340000000000000000e+02
5.160000000000000000e+02 6.210000000000000000e+02
5.530000000000000000e+02 5.960000000000000000e+02
5.930000000000000000e+02 5.980000000000000000e+02
6.240000000000000000e+02 6.230000000000000000e+02
5.930000000000000000e+02 6.310000000000000000e+02
5.520000000000000000e+02 6.280000000000000000e+02
3.270000000000000000e+02 9.200000000000000000e+02
3.670000000000000000e+02 8.900000000000000000e+02
4.050000000000000000e+02 8.720000000000000000e+02
4.370000000000000000e+02 8.790000000000000000e+02
4.680000000000000000e+02 8.700000000000000000e+02
5.070000000000000000e+02 8.860000000000000000e+02
5.510000000000000000e+02 9.120000000000000000e+02
5.100000000000000000e+02 9.330000000000000000e+02
4.730000000000000000e+02 9.410000000000000000e+02
4.410000000000000000e+02 9.440000000000000000e+02
4.080000000000000000e+02 9.410000000000000000e+02
3.700000000000000000e+02 9.340000000000000000e+02
3.450000000000000000e+02 9.170000000000000000e+02
4.050000000000000000e+02 9.010000000000000000e+02
4.370000000000000000e+02 9.020000000000000000e+02
4.690000000000000000e+02 8.990000000000000000e+02
5.320000000000000000e+02 9.110000000000000000e+02
4.710000000000000000e+02 9.030000000000000000e+02
4.400000000000000000e+02 9.050000000000000000e+02
4.080000000000000000e+02 9.040000000000000000e+02
