1.370058139534883708e+02 6.388459302325582030e+02
1.444011627906976685e+02 7.197209302325582030e+02
1.571947674418604493e+02 7.986918604651162923e+02
1.719883720930232585e+02 8.768779069767441570e+02
1.962441860465116292e+02 9.515319767441860677e+02
2.390784883720930338e+02 1.015790697674418652e+03
2.979883720930232585e+02 1.066764534883720899e+03
3.659680232558139323e+02 1.105061046511627865e+03
4.422790697674418539e+02 1.115889534883720899e+03
5.189069767441860677e+02 1.103979651162790560e+03
5.870232558139534831e+02 1.065558139534883594e+03
6.456191860465116861e+02 1.014363372093023145e+03
6.875232558139534831e+02 9.497790697674417970e+02
7.105261627906976400e+02 8.753924418604651692e+02
7.242122093023256184e+02 7.971715116279069662e+02
7.360348837209303383e+02 7.182005813953488769e+02
7.420988372093022463e+02 6.372732558139534831e+02
1.873488372093023031e+02 5.800203488372093261e+02
2.237267441860465169e+02 5.409127906976743816e+02
2.792383720930232585e+02 5.277354651162791015e+02
3.366017441860465169e+02 5.343139534883721353e+02
3.914389534883720785e+02 5.545494186046512368e+02
4.880116279069767415e+02 5.538023255813952801e+02
5.428866279069767415e+02 5.332965116279069662e+02
6.007500000000000000e+02 5.264883720930232585e+02
6.566889534883721353e+02 5.410465116279069662e+02
6.924418604651162923e+02 5.820261627906977537e+02
4.404186046511628092e+02 6.126802325581395507e+02
4.404389534883721353e+02 6.656453488372093261e+02
4.402936046511628092e+02 7.178924418604651692e+02
4.402732558139534831e+02 7.721540697674417970e+02
3.838430232558139323e+02 8.140668604651162923e+02
4.110494186046511231e+02 8.233895348837208985e+02
4.403808139534883708e+02 8.309418604651161786e+02
4.699854651162791015e+02 8.231656976744186522e+02
4.976279069767441570e+02 8.137441860465116861e+02
2.518168604651162923e+02 6.283372093023256184e+02
2.845029069767441570e+02 6.063953488372093261e+02
3.256337209302325846e+02 6.059069767441860677e+02
3.620058139534884276e+02 6.334563953488373045e+02
3.241220930232558430e+02 6.429156976744186522e+02
2.826802325581395507e+02 6.439796511627906739e+02
5.185203488372093261e+02 6.334156976744186522e+02
5.546482558139534831e+02 6.061540697674417970e+02
5.957965116279069662e+02 6.063052325581395507e+02
6.284970930232557293e+02 6.285145348837208985e+02
5.977848837209302246e+02 6.440174418604651692e+02
5.563313953488371908e+02 6.429215116279069662e+02
3.312790697674418539e+02 9.210232558139534831e+02
3.729360465116279215e+02 9.032994186046512368e+02
4.116337209302325846e+02 8.920610465116278647e+02
4.408372093023256184e+02 9.002383720930232585e+02
4.697412790697674154e+02 8.921860465116278647e+02
5.086773255813953938e+02 9.033081395348837077e+02
5.512034883720930338e+02 9.204215116279069662e+02
5.096453488372093261e+02 9.452761627906976400e+02
4.718197674418604493e+02 9.560843023255813478e+02
4.411395348837208985e+02 9.587093023255813478e+02
4.101250000000000000e+02 9.558488372093022463e+02
3.722848837209302246e+02 9.448197674418604493e+02
3.489825581395348877e+02 9.213779069767442707e+02
4.110668604651162923e+02 9.177005813953487632e+02
4.407848837209302246e+02 9.210058139534883139e+02
4.703023255813953369e+02 9.178313953488373045e+02
5.334476744186047199e+02 9.209534883720930338e+02
4.704360465116279215e+02 9.192354651162791015e+02
4.409331395348837077e+02 9.226308139534883139e+02
4.113372093023256184e+02 9.191220930232557293e+02
